{
  "PathDate" : "0",
  "PathType" : "0",
  "geoSpatialTransformTimes" : [
    45.157521963119507,
    45.157948017120361,
    45.473968982696533,
    45.775110006332397,
    46.076545000076294,
    46.392907977104187,
    46.694038033485413,
    46.710101962089539,
    46.743986010551453,
    46.795037984848022,
    46.844697952270508,
    46.913843035697937,
    46.979184985160828,
    46.996472954750061,
    47.312453985214233,
    47.612993955612183,
    47.913316965103149,
    48.064268946647644,
    48.214774012565613,
    48.515249967575073,
    48.815475940704346,
    49.11624801158905,
    49.432958006858826,
    49.734073996543884,
    49.783885955810547,
    50.03431499004364,
    50.336099028587341,
    50.653100967407227,
    50.969480037689209,
    51.103762030601501,
    51.271461963653564,
    51.588273048400879,
    51.888893008232117,
    52.205464959144592,
    52.507055044174194,
    52.807624936103821,
    53.107818961143494,
    53.409724950790405,
    53.710281014442444,
    53.743944048881531,
    54.026335954666138,
    54.327916979789734,
    54.528514981269836,
    54.644850969314575,
    54.944883942604065,
    55.245980024337769,
    55.546932935714722,
    55.863461017608643,
    56.164991021156311,
    56.46563196182251,
    56.766508936882019,
    57.067181944847107,
    57.250921964645386,
    57.284145951271057,
    57.31891393661499,
    57.351516008377075,
    57.368263006210327,
    57.401754021644592,
    57.451686024665833,
    57.50366997718811,
    57.568256974220276,
    57.65174400806427,
    57.685281038284302,
    57.7518470287323,
    57.885875940322876,
    57.986053943634033,
    58.119778990745544,
    58.286190032958984,
    58.586796045303345,
    58.887467980384827,
    59.020663022994995,
    59.188387989997864,
    59.489377021789551,
    59.573583960533142,
    59.806010007858276,
    60.107638955116272,
    60.375296950340271,
    60.407938003540039,
    60.708039045333862,
    61.009405016899109,
    61.309900045394897,
    61.610867977142334,
    61.761199951171875,
    61.878386974334717,
    61.911098957061768,
    62.045374035835266,
    62.212249040603638,
    62.396247982978821,
    62.513123989105225,
    62.813468933105469,
    63.114302039146423,
    63.414391994476318,
    63.448632955551147,
    63.715422987937927,
    63.832221984863281,
    64.016701936721802,
    64.332931995391846,
    64.633931994438171,
    64.934100985527039,
    65.234956026077271,
    65.536240935325623,
    65.83637797832489,
    66.136953949928284,
    66.437739014625549,
    66.754302978515625,
    67.056239008903503,
    67.379382014274597,
    67.691203951835632,
    67.908197045326233,
    67.991696953773499,
    68.292516946792603,
    68.60927402973175,
    68.909991979598999,
    69.210575938224792,
    69.511706948280334,
    69.812366962432861,
    70.113291025161743,
    70.414111018180847,
    70.714246034622192,
    71.015071988105774,
    71.01523494720459,
    71.232722043991089,
    71.315472960472107,
    71.616466999053955,
    71.667618989944458,
    71.917727947235107,
    72.185068011283875,
    72.217846035957336,
    72.518337965011597,
    72.61940598487854,
    72.819622993469238,
    73.103129982948303,
    73.136289000511169,
    73.437149047851562,
    73.487504959106445,
    73.763759970664978,
    73.938046932220459,
    74.07217800617218,
    74.373078942298889,
    74.373291015625,
    74.675137042999268,
    74.839592933654785,
    74.990723967552185,
    75.291357040405273,
    75.341593980789185,
    75.592664003372192,
    75.728199005126953,
    75.909252047538757,
    76.209496974945068,
    76.243137955665588,
    76.510231018066406,
    76.628412008285522,
    76.811287999153137,
    77.111690044403076,
    77.111822009086609,
    77.412997961044312,
    77.51318895816803,
    77.713634967803955,
    78.014333009719849,
    78.031232953071594,
    78.315130949020386,
    78.498626947402954,
    78.582716941833496,
    78.61550498008728,
    78.665648937225342,
    78.749006032943726,
    78.85663902759552,
    78.915585041046143,
    79.033733010292053,
    79.217092990875244,
    79.233880996704102,
    79.533983945846558,
    79.752462029457092,
    79.835001945495605,
    80.13528299331665,
    80.152622938156128,
    80.435946941375732,
    80.658246040344238,
    80.736214995384216,
    81.038493990898132,
    81.109553933143616,
    81.354750990867615,
    81.572011947631836,
    81.655781984329224,
    81.956311941146851,
    82.003469944000244,
    82.257076025009155,
    82.47405993938446,
    82.557889938354492,
    82.903200030326843,
    82.924958944320679,
    83.208678960800171,
    83.409077048301697,
    83.510017037391663,
    83.810519933700562,
    83.877212047576904,
    84.111809968948364,
    84.361395001411438,
    84.427623987197876,
    84.727807998657227,
    84.778722047805786,
    85.02961003780365,
    85.263947010040283,
    85.330523014068604,
    85.631348013877869,
    85.748450994491577,
    85.948506951332092,
    86.065274000167847,
    86.182325959205627,
    86.199010014533997,
    86.248574018478394,
    86.399117946624756,
    86.549543023109436,
    86.750017046928406,
    86.851541042327881,
    87.168354034423828,
    87.234746932983398,
    87.469079971313477,
    87.770099997520447,
    87.770390033721924,
    88.08604097366333,
    88.220569014549255,
    88.387483954429626,
    88.688488960266113,
    88.766487002372742,
    89.005210995674133,
    89.272702932357788,
    89.305796027183533,
    89.607151031494141,
    89.85705304145813,
    89.907214045524597,
    90.207661032676697,
    90.341295957565308,
    90.509040951728821,
    90.809507012367249,
    90.942593932151794,
    91.126140952110291,
    91.426656007766724,
    91.46109402179718,
    91.728096961975098,
    92.012027025222778,
    92.028295993804932,
    92.330157041549683,
    92.513756990432739,
    92.647186994552612,
    92.947904944419861,
    93.014999985694885,
    93.248307943344116,
    93.515401005744934,
    93.548694014549255,
    93.649163007736206,
    93.773506999015808,
    93.849637985229492,
    93.899799942970276,
    93.916787028312683,
    94.163622975349426,
    94.216591000556946,
    94.34997296333313,
    94.466383934020996,
    94.76767897605896,
    94.785179972648621,
    95.079025983810425,
    95.235149025917053,
    95.386633038520813,
    95.687091946601868,
    95.753775000572205,
    95.988268971443176,
    96.255367040634155,
    96.305408954620361,
    96.621279954910278,
    96.772719979286194,
    96.923081994056702,
    97.224416971206665,
    97.357180953025818,
    97.541100978851318,
    97.808356046676636,
    97.841797947883606,
    98.161726951599121,
    98.309339046478271,
    98.47657299041748,
    98.744047045707703,
    98.777248024940491,
    99.078276038169861,
    99.312135934829712,
    99.3785480260849,
    99.679211020469666,
    99.779117941856384,
    99.84620201587677,
    99.979809045791626,
    100.24629998207092,
    100.2965270280838,
    100.3634660243988,
    100.5976859331131,
    100.88174498081207,
    100.91492402553558,
    101.22816097736359,
    101.43265104293823,
    101.53319799900055,
    101.83397495746613,
    101.93421792984009,
    102.1342990398407,
    102.40175902843475,
    102.4347620010376,
    102.7357269525528,
    102.88606798648834,
    103.03658699989319,
    103.35383200645447,
    103.48745203018188,
    103.65443599224091,
    103.82127094268799,
    103.9709769487381,
    104.22266697883606,
    104.27272593975067,
    104.58941102027893,
    104.75761604309082,
    104.89040195941925,
    105.19077503681183,
    105.26607394218445,
    105.49143099784851
  ],
  "savedRouteGeospatialLocations" : [
    {
      "longitude" : -71.263962284603863,
      "latitude" : 42.293541380441233,
      "altitudeUncertainty" : 0.66865727424553523,
      "headingUncertainty" : 1.3102577113611633,
      "GARAnchorUUID" : "",
      "heading" : 281.72162038084934,
      "geoAnchorTransform" : [
        -0.95390170812606812,
        -2.8102500326809832e-09,
        -0.30011913180351257,
        0,
        -2.2345287842284733e-09,
        1,
        -2.2615325168118261e-09,
        0,
        0.30011913180351257,
        -1.4866549102876547e-09,
        -0.95390170812606812,
        0,
        0.15077506005764008,
        -0.013185925781726837,
        0.16154336929321289,
        1
      ],
      "altitude" : 31.175829823128879,
      "horizontalUncertainty" : 0.95135579168185436
    },
    {
      "headingUncertainty" : 1.3234576648670069,
      "GARAnchorUUID" : "",
      "latitude" : 42.293541954660427,
      "longitude" : -71.263962319525461,
      "heading" : 289.67400646132387,
      "horizontalUncertainty" : 0.95481397028477955,
      "altitude" : 31.171932145021856,
      "geoAnchorTransform" : [
        -0.90344095230102539,
        5.6609588128253563e-09,
        -0.42871257662773132,
        0,
        6.1630669456747e-09,
        1,
        2.1691039242544008e-10,
        0,
        0.42871257662773132,
        -2.4462185610474307e-09,
        -0.90344095230102539,
        0,
        0.21316877007484436,
        -0.015988042578101158,
        0.16672016680240631,
        1
      ],
      "altitudeUncertainty" : 0.6716391156638265
    },
    {
      "longitude" : -71.263962406166584,
      "altitudeUncertainty" : 0.67533823764518353,
      "horizontalUncertainty" : 0.96255260618237504,
      "heading" : 284.82909682029828,
      "latitude" : 42.293542110632139,
      "GARAnchorUUID" : "",
      "headingUncertainty" : 1.3759948722007382,
      "geoAnchorTransform" : [
        -0.93651074171066284,
        2.6592488211463206e-09,
        -0.35063886642456055,
        0,
        3.2425644391764763e-09,
        1,
        -1.0764570346211144e-09,
        0,
        0.35063886642456055,
        -2.145082556026523e-09,
        -0.93651074171066284,
        0,
        0.23125338554382324,
        -0.018776269629597664,
        0.1606285572052002,
        1
      ],
      "altitude" : 31.17016716580838
    },
    {
      "heading" : 271.26558846569014,
      "latitude" : 42.293541943351599,
      "altitudeUncertainty" : 0.66942210051520035,
      "headingUncertainty" : 1.3229737651069668,
      "horizontalUncertainty" : 0.95926845137144057,
      "geoAnchorTransform" : [
        -0.99241173267364502,
        -1.7651152761644084e-09,
        -0.12295939028263092,
        0,
        -1.5088045257627414e-09,
        1,
        -2.1776289660380144e-09,
        0,
        0.12295939028263092,
        -1.975582808455556e-09,
        -0.99241173267364502,
        0,
        0.21042732894420624,
        -0.02217615582048893,
        0.14070449769496918,
        1
      ],
      "GARAnchorUUID" : "",
      "longitude" : -71.263962623912548,
      "altitude" : 31.165873733349144
    },
    {
      "longitude" : -71.26396276667127,
      "altitude" : 31.164670193567872,
      "headingUncertainty" : 1.3625269346713353,
      "latitude" : 42.293541671082799,
      "altitudeUncertainty" : 0.6747209512390645,
      "horizontalUncertainty" : 0.97001302824897884,
      "GARAnchorUUID" : "",
      "geoAnchorTransform" : [
        -0.99022722244262695,
        -4.2032226588162303e-09,
        -0.13946337997913361,
        0,
        -3.9516034888720242e-09,
        1,
        -2.0810990708497457e-09,
        0,
        0.13946337997913361,
        -1.5096568439787461e-09,
        -0.99022722244262695,
        0,
        0.17721566557884216,
        -0.02340414933860302,
        0.12586639821529388,
        1
      ],
      "heading" : 272.20216310823014
    },
    {
      "geoAnchorTransform" : [
        -0.98944538831710815,
        3.932606185141907e-10,
        -0.14490640163421631,
        0,
        3.5694527888985306e-10,
        1,
        2.7661137269596736e-10,
        0,
        0.14490640163421631,
        2.2196819382536148e-10,
        -0.98944538831710815,
        0,
        0.19339686632156372,
        -0.017740407958626747,
        0.13369591534137726,
        1
      ],
      "longitude" : -71.263962677400272,
      "horizontalUncertainty" : 0.9746656144039052,
      "heading" : 272.51122417291714,
      "altitude" : 31.168094711378217,
      "altitudeUncertainty" : 0.67986318101547172,
      "GARAnchorUUID" : "",
      "latitude" : 42.29354184531838,
      "headingUncertainty" : 1.397153177510267
    },
    {
      "altitude" : 31.161060241051018,
      "altitudeUncertainty" : 0.68178947366555576,
      "headingUncertainty" : 1.3425715515831018,
      "GARAnchorUUID" : "",
      "heading" : 270.30376125744777,
      "latitude" : 42.293541851482146,
      "longitude" : -71.263962628148562,
      "horizontalUncertainty" : 0.97135740197682774,
      "geoAnchorTransform" : [
        -0.99430721998214722,
        -3.5625480343526306e-10,
        -0.10655099153518677,
        0,
        -4.460611602308262e-10,
        1,
        8.1901685433649618e-10,
        0,
        0.10655099153518677,
        8.6188262082842471e-10,
        -0.99430721998214722,
        0,
        0.18964670598506927,
        -0.023876603692770004,
        0.13957460224628448,
        1
      ]
    },
    {
      "altitude" : 31.161612818948925,
      "GARAnchorUUID" : "",
      "horizontalUncertainty" : 0.97762636864333596,
      "geoAnchorTransform" : [
        -0.98200201988220215,
        -6.6634503470552886e-10,
        -0.18887037038803101,
        0,
        -6.9529304536075642e-10,
        1,
        8.7013007910030638e-11,
        0,
        0.18887037038803101,
        2.1676721528862686e-10,
        -0.98200201988220215,
        0,
        0.18368299305438995,
        -0.02537907101213932,
        0.13579072058200836,
        1
      ],
      "latitude" : 42.2935418008284,
      "altitudeUncertainty" : 0.68870323507951825,
      "longitude" : -71.26396266680203,
      "heading" : 275.07689022096883,
      "headingUncertainty" : 1.3779463229737088
    },
    {
      "longitude" : -71.263963105084201,
      "altitude" : 31.160464545711875,
      "headingUncertainty" : 1.420691916523793,
      "GARAnchorUUID" : "",
      "horizontalUncertainty" : 0.98217854903658308,
      "geoAnchorTransform" : [
        -0.99010473489761353,
        -8.8621678884237554e-09,
        0.14033029973506927,
        0,
        -9.6677119643118203e-09,
        1,
        -5.0586352884351982e-09,
        0,
        -0.14033029973506927,
        -6.3652518811352365e-09,
        -0.99010473489761353,
        0,
        0.11726286262273788,
        -0.027242984622716904,
        0.093287736177444458,
        1
      ],
      "altitudeUncertainty" : 0.69167345983066642,
      "latitude" : 42.293541159198789,
      "heading" : 256.13730818750719
    },
    {
      "heading" : 225.60387453886077,
      "altitudeUncertainty" : 0.69024862463954317,
      "latitude" : 42.293538182155146,
      "headingUncertainty" : 1.4155243722545146,
      "GARAnchorUUID" : "",
      "altitude" : 31.123372131027281,
      "geoAnchorTransform" : [
        -0.78256058692932129,
        -2.796371312285828e-08,
        0.62257444858551025,
        0,
        -4.1912375792207968e-08,
        1,
        -7.7665553988026659e-09,
        0,
        -0.62257444858551025,
        -3.2171374897416172e-08,
        -0.78256058692932129,
        0,
        -0.21179935336112976,
        -0.064097501337528229,
        0.043640971183776855,
        1
      ],
      "longitude" : -71.263963335550017,
      "horizontalUncertainty" : 0.9861505141053365
    },
    {
      "horizontalUncertainty" : 0.98910464218278715,
      "heading" : 211.19813580282263,
      "geoAnchorTransform" : [
        -0.60461431741714478,
        -3.1175947157180417e-08,
        0.79651838541030884,
        0,
        -7.124184264739597e-08,
        1,
        -1.4937375780732509e-08,
        0,
        -0.79651838541030884,
        -6.577678846042545e-08,
        -0.60461431741714478,
        0,
        -0.70056438446044922,
        -0.047201555222272873,
        -0.058678161352872849,
        1
      ],
      "altitudeUncertainty" : 0.68887600697640616,
      "headingUncertainty" : 1.3919162411210801,
      "latitude" : 42.293533722685673,
      "longitude" : -71.263963994970297,
      "altitude" : 31.140996066853404,
      "GARAnchorUUID" : ""
    },
    {
      "headingUncertainty" : 1.4414593292532716,
      "altitudeUncertainty" : 0.69372543117922969,
      "horizontalUncertainty" : 0.99611631677510193,
      "GARAnchorUUID" : "",
      "latitude" : 42.293529099291305,
      "heading" : 203.87440773552615,
      "geoAnchorTransform" : [
        -0.49824604392051697,
        -8.207154067463307e-09,
        0.86703568696975708,
        0,
        -7.9504765437832248e-08,
        1,
        -3.6222019161868957e-08,
        0,
        -0.86703568696975708,
        -8.6980946889525512e-08,
        -0.49824604392051697,
        0,
        -1.1869547367095947,
        -0.05007283017039299,
        -0.32979020476341248,
        1
      ],
      "longitude" : -71.263966649623526,
      "altitude" : 31.137867252342403
    },
    {
      "longitude" : -71.263968839239283,
      "heading" : 202.73868151258867,
      "horizontalUncertainty" : 0.98678104655325038,
      "headingUncertainty" : 1.3640276564559992,
      "altitude" : 31.085501099936664,
      "altitudeUncertainty" : 0.691417331473272,
      "geoAnchorTransform" : [
        -0.4781491756439209,
        -6.199331714640266e-09,
        0.87827861309051514,
        0,
        -7.2373403270376002e-08,
        1,
        -3.2342754252567829e-08,
        0,
        -0.87827861309051514,
        -7.902867338316355e-08,
        -0.4781491756439209,
        0,
        -1.6856539249420166,
        -0.097890675067901611,
        -0.55113780498504639,
        1
      ],
      "GARAnchorUUID" : "",
      "latitude" : 42.293524413478622
    },
    {
      "altitudeUncertainty" : 0.69800793452540477,
      "heading" : 215.38142861603134,
      "horizontalUncertainty" : 0.9985914461144304,
      "latitude" : 42.293519332097098,
      "altitude" : 31.029574325308204,
      "headingUncertainty" : 1.4034410403744555,
      "GARAnchorUUID" : "",
      "longitude" : -71.2639711491246,
      "geoAnchorTransform" : [
        -0.65812373161315918,
        -3.0315213450649026e-08,
        0.75290977954864502,
        0,
        -9.1710433025582461e-08,
        1,
        -3.990066232972822e-08,
        0,
        -0.75290977954864502,
        -9.5309253822506435e-08,
        -0.65812373161315918,
        0,
        -2.2293035984039307,
        -0.1514006108045578,
        -0.79210269451141357,
        1
      ]
    },
    {
      "longitude" : -71.263971525627426,
      "latitude" : 42.293513071566046,
      "geoAnchorTransform" : [
        -0.37391704320907593,
        -2.0559211222348495e-08,
        0.92746216058731079,
        0,
        -1.1330407545528942e-07,
        1,
        -2.351267269773416e-08,
        0,
        -0.92746216058731079,
        -1.1387702869569694e-07,
        -0.37391704320907593,
        0,
        -2.9185054302215576,
        -0.095973342657089233,
        -0.88974809646606445,
        1
      ],
      "horizontalUncertainty" : 1.0074371466229599,
      "heading" : 196.1886004584633,
      "GARAnchorUUID" : "",
      "headingUncertainty" : 1.447895010557821,
      "altitude" : 31.082715097814798,
      "altitudeUncertainty" : 0.70353543300444699
    },
    {
      "altitude" : 31.053270880132914,
      "altitudeUncertainty" : 0.70462916951112653,
      "horizontalUncertainty" : 0.9971321629199088,
      "geoAnchorTransform" : [
        -0.67477923631668091,
        -3.4364592949032158e-08,
        0.73801964521408081,
        0,
        -8.439015175554232e-08,
        1,
        -3.0595565192470531e-08,
        0,
        -0.73801964521408081,
        -8.2926845834663254e-08,
        -0.67477923631668091,
        0,
        -3.4778456687927246,
        -0.12260287255048752,
        -1.1056349277496338,
        1
      ],
      "GARAnchorUUID" : "",
      "headingUncertainty" : 1.3780792232995918,
      "heading" : 216.80084306588833,
      "latitude" : 42.293507890638871,
      "longitude" : -71.263973556231804
    },
    {
      "horizontalUncertainty" : 1.0081746393016571,
      "GARAnchorUUID" : "",
      "geoAnchorTransform" : [
        -0.73663532733917236,
        -3.4850014429821385e-08,
        0.67629015445709229,
        0,
        -9.451819238393e-08,
        1,
        -5.1420858682149628e-08,
        0,
        -0.67629015445709229,
        -1.0180014697880324e-07,
        -0.73663532733917236,
        0,
        -4.0081324577331543,
        -0.079136572778224945,
        -1.4176639318466187,
        1
      ],
      "altitude" : 31.097114894539118,
      "longitude" : -71.263976714376696,
      "headingUncertainty" : 1.4388098690430733,
      "altitudeUncertainty" : 0.71349808354558786,
      "latitude" : 42.293502892605574,
      "heading" : 221.8534375509183
    },
    {
      "altitudeUncertainty" : 0.71714207243299688,
      "horizontalUncertainty" : 1.0134668424123516,
      "altitude" : 31.090855511836708,
      "longitude" : -71.263979450928403,
      "latitude" : 42.293498159964031,
      "geoAnchorTransform" : [
        -0.9325944185256958,
        -6.7575797402241733e-08,
        0.36092615127563477,
        0,
        -9.1490313991471339e-08,
        1,
        -4.9172264482422179e-08,
        0,
        -0.36092615127563477,
        -7.8879025977585115e-08,
        -0.9325944185256958,
        0,
        -4.5131959915161133,
        -0.085386119782924652,
        -1.6955633163452148,
        1
      ],
      "heading" : 243.25454421301166,
      "headingUncertainty" : 1.468348666047772,
      "GARAnchorUUID" : ""
    },
    {
      "heading" : 243.28693620927234,
      "longitude" : -71.263983392264095,
      "horizontalUncertainty" : 1.0045501470946487,
      "headingUncertainty" : 1.3906442597725222,
      "latitude" : 42.293493764119447,
      "geoAnchorTransform" : [
        -0.93172633647918701,
        -5.0307775723013037e-08,
        0.36316120624542236,
        0,
        -7.4713213393806654e-08,
        1,
        -5.3156814061594559e-08,
        0,
        -0.36316120624542236,
        -7.66605410262855e-08,
        -0.93172633647918701,
        0,
        -4.9766659736633301,
        -0.08598531037569046,
        -2.0572903156280518,
        1
      ],
      "altitudeUncertainty" : 0.71733128393239054,
      "GARAnchorUUID" : "",
      "altitude" : 31.090756545774639
    },
    {
      "geoAnchorTransform" : [
        -0.75327551364898682,
        -3.8122625056757897e-08,
        0.65770512819290161,
        0,
        -8.5275061678657949e-08,
        1,
        -3.9703184739892095e-08,
        0,
        -0.65770512819290161,
        -8.5993278275964258e-08,
        -0.75327551364898682,
        0,
        -5.5156698226928711,
        -0.1201721653342247,
        -2.2673640251159668,
        1
      ],
      "horizontalUncertainty" : 1.0093190216918828,
      "headingUncertainty" : 1.4123301745946362,
      "GARAnchorUUID" : "",
      "heading" : 223.51842010810569,
      "altitude" : 31.058026083745062,
      "altitudeUncertainty" : 0.72321415682519752,
      "latitude" : 42.293488761000027,
      "longitude" : -71.263985340562385
    },
    {
      "headingUncertainty" : 1.4875040032756799,
      "longitude" : -71.263987225957095,
      "altitude" : 31.025579552166164,
      "GARAnchorUUID" : "",
      "horizontalUncertainty" : 1.0256044779739104,
      "geoAnchorTransform" : [
        -0.48866602778434753,
        -1.6142527314855215e-08,
        0.8724709153175354,
        0,
        -1.0751905676897877e-07,
        1,
        -4.1718735133144946e-08,
        0,
        -0.8724709153175354,
        -1.1419378154187143e-07,
        -0.48866602778434753,
        0,
        -6.0724434852600098,
        -0.15361608564853668,
        -2.4733443260192871,
        1
      ],
      "latitude" : 42.293483597475984,
      "heading" : 203.9085368888081,
      "altitudeUncertainty" : 0.73409325544065096
    },
    {
      "longitude" : -71.263989114146639,
      "latitude" : 42.293478478310533,
      "altitudeUncertainty" : 0.72579406371464583,
      "headingUncertainty" : 1.372863289270476,
      "GARAnchorUUID" : "",
      "geoAnchorTransform" : [
        -0.3642137348651886,
        -1.2301398788494566e-09,
        0.93131536245346069,
        0,
        -8.1743657176502893e-08,
        1,
        -3.0647001381112204e-08,
        0,
        -0.93131536245346069,
        -8.7291184058813087e-08,
        -0.3642137348651886,
        0,
        -6.6170639991760254,
        -0.17996582388877869,
        -2.6778059005737305,
        1
      ],
      "altitude" : 31.001677947118878,
      "heading" : 196.02613083456592,
      "horizontalUncertainty" : 1.0074865580476779
    },
    {
      "longitude" : -71.263991131258294,
      "heading" : 211.99767979891621,
      "altitudeUncertainty" : 0.73300521866961355,
      "GARAnchorUUID" : "",
      "geoAnchorTransform" : [
        -0.60608059167861938,
        -3.1363470043288544e-08,
        0.79540324211120605,
        0,
        -1.0471411115986484e-07,
        1,
        -4.0359047659421776e-08,
        0,
        -0.79540324211120605,
        -1.0775077896596486e-07,
        -0.60608059167861938,
        0,
        -7.1857261657714844,
        -0.20460778474807739,
        -2.8971421718597412,
        1
      ],
      "latitude" : 42.293473174199818,
      "altitude" : 30.979789111763239,
      "horizontalUncertainty" : 1.0212362978140983,
      "headingUncertainty" : 1.4225336276752729
    },
    {
      "heading" : 203.64048651242342,
      "horizontalUncertainty" : 1.0135843750085356,
      "geoAnchorTransform" : [
        -0.48389565944671631,
        -1.5722365631631874e-08,
        0.8751257061958313,
        0,
        -9.8727078068350238e-08,
        1,
        -3.6624726362788351e-08,
        0,
        -0.8751257061958313,
        -1.0412114903601832e-07,
        -0.48389565944671631,
        0,
        -7.8085203170776367,
        -0.17468260228633881,
        -3.1296489238739014,
        1
      ],
      "headingUncertainty" : 1.4363074636158866,
      "altitude" : 31.009308259002864,
      "GARAnchorUUID" : "",
      "altitudeUncertainty" : 0.73445788111508115,
      "latitude" : 42.293467410262579,
      "longitude" : -71.263993195869404
    },
    {
      "geoAnchorTransform" : [
        -0.62594807147979736,
        -2.841447610535397e-08,
        0.77986472845077515,
        0,
        -9.4269950068337494e-08,
        1,
        -3.9229384185546223e-08,
        0,
        -0.77986472845077515,
        -9.8073364540596231e-08,
        -0.62594807147979736,
        0,
        -8.3889589309692383,
        -0.19873425364494324,
        -3.3719491958618164,
        1
      ],
      "headingUncertainty" : 1.448597961891636,
      "latitude" : 42.293461996032391,
      "GARAnchorUUID" : "",
      "longitude" : -71.263995467769547,
      "heading" : 213.46834601744223,
      "altitude" : 30.982285916805267,
      "altitudeUncertainty" : 0.73703919024416509,
      "horizontalUncertainty" : 1.0139688170647869
    },
    {
      "geoAnchorTransform" : [
        -0.63524192571640015,
        -1.719132569633075e-08,
        0.77231323719024658,
        0,
        -8.9839566896898759e-08,
        1,
        -5.1635179687536947e-08,
        0,
        -0.77231323719024658,
        -1.0218511192761071e-07,
        -0.63524192571640015,
        0,
        -8.963374137878418,
        -0.1899435818195343,
        -3.7363870143890381,
        1
      ],
      "headingUncertainty" : 1.3846033329702665,
      "altitude" : 30.991568062454462,
      "heading" : 214.22010550208603,
      "GARAnchorUUID" : "",
      "longitude" : -71.2639992974579,
      "altitudeUncertainty" : 0.73411821250936038,
      "horizontalUncertainty" : 1.007401284003514,
      "latitude" : 42.293456472742726
    },
    {
      "altitudeUncertainty" : 0.7414384020356668,
      "headingUncertainty" : 1.4461779795943688,
      "latitude" : 42.293450747390978,
      "longitude" : -71.26400164975658,
      "altitude" : 30.995559827424586,
      "horizontalUncertainty" : 1.0211978685159306,
      "GARAnchorUUID" : "",
      "geoAnchorTransform" : [
        -0.51233494281768799,
        -1.5628611294005168e-08,
        0.85878574848175049,
        0,
        -1.094886599162237e-07,
        1,
        -4.7120316537530016e-08,
        0,
        -0.85878574848175049,
        -1.1816867839797851e-07,
        -0.51233494281768799,
        0,
        -9.5767173767089844,
        -0.18612851202487946,
        -3.9835066795349121,
        1
      ],
      "heading" : 205.62168029822675
    },
    {
      "latitude" : 42.29344284102568,
      "altitudeUncertainty" : 0.5499411438153744,
      "geoAnchorTransform" : [
        -0.51402348279953003,
        -3.5504938988850654e-09,
        0.85777610540390015,
        0,
        -8.8484270577282587e-08,
        1,
        -4.8885130610187844e-08,
        0,
        -0.85777610540390015,
        -1.0102780123588673e-07,
        -0.51402348279953003,
        0,
        -10.163216590881348,
        -0.19148260354995728,
        -4.3342499732971191,
        1
      ],
      "heading" : 205.74931205455533,
      "horizontalUncertainty" : 0.76189342698985929,
      "headingUncertainty" : 1.4314361446419739,
      "GARAnchorUUID" : "29724BA0-1F8E-4277-87FE-A4572A49DF22",
      "longitude" : -71.264006147439645,
      "altitude" : 30.890891995280981
    },
    {
      "latitude" : 42.293436041598461,
      "altitudeUncertainty" : 0.43792677728232449,
      "headingUncertainty" : 1.4933535482510538,
      "longitude" : -71.264009401816807,
      "altitude" : 30.839581103995442,
      "horizontalUncertainty" : 0.6129600964210018,
      "GARAnchorUUID" : "5D390721-A0BB-4BDB-B758-53AD4B70B5DA",
      "geoAnchorTransform" : [
        -0.51305526494979858,
        -9.5886170115022651e-09,
        0.85835558176040649,
        0,
        -1.0380412618360424e-07,
        1,
        -5.0874760404440167e-08,
        0,
        -0.85835558176040649,
        -1.1520241827156497e-07,
        -0.51305526494979858,
        0,
        -10.769992828369141,
        -0.19266988337039948,
        -4.6229057312011719,
        1
      ],
      "heading" : 205.68697815710075
    },
    {
      "altitude" : 30.789619616232812,
      "headingUncertainty" : 1.5149335557333361,
      "longitude" : -71.264012956751159,
      "GARAnchorUUID" : "69370005-DE95-4A4C-B243-79765D5D506C",
      "latitude" : 42.293430539647972,
      "altitudeUncertainty" : 0.41333606123025168,
      "geoAnchorTransform" : [
        -0.61391294002532959,
        -1.4980134466213713e-08,
        0.78937375545501709,
        0,
        -9.0502396687952569e-08,
        1,
        -5.1408420631560148e-08,
        0,
        -0.78937375545501709,
        -1.0300050945488692e-07,
        -0.61391294002532959,
        0,
        -11.325615882873535,
        -0.23210778832435608,
        -4.9602804183959961,
        1
      ],
      "heading" : 212.69227759396554,
      "horizontalUncertainty" : 0.5802132109132232
    },
    {
      "heading" : 204.73962454271393,
      "horizontalUncertainty" : 0.58197770777200364,
      "altitude" : 30.812564615160227,
      "altitudeUncertainty" : 0.41231069840113871,
      "latitude" : 42.293424823783219,
      "GARAnchorUUID" : "1FC16002-11D4-402D-BFDA-87F685E55783",
      "headingUncertainty" : 1.4636439488679938,
      "geoAnchorTransform" : [
        -0.49888151884078979,
        -1.1417586875950292e-08,
        0.86667019128799438,
        0,
        -9.6299075380557042e-08,
        1,
        -4.2258569976638682e-08,
        0,
        -0.86667019128799438,
        -1.045415558564855e-07,
        -0.49888151884078979,
        0,
        -11.93743896484375,
        -0.20666222274303436,
        -5.221015453338623,
        1
      ],
      "longitude" : -71.264015472271311
    },
    {
      "altitudeUncertainty" : 0.4152972474191276,
      "latitude" : 42.293419732277002,
      "GARAnchorUUID" : "430C2130-E0D5-4942-BF39-7FCB9ADC5E2A",
      "headingUncertainty" : 1.4640518187783271,
      "geoAnchorTransform" : [
        -0.62803536653518677,
        -1.9287440977677761e-08,
        0.77818477153778076,
        0,
        -8.5090050561120734e-08,
        1,
        -4.3886906553325389e-08,
        0,
        -0.77818477153778076,
        -9.3778311338610365e-08,
        -0.62803536653518677,
        0,
        -12.480152130126953,
        -0.22040943801403046,
        -5.5119004249572754,
        1
      ],
      "longitude" : -71.264018410703727,
      "altitude" : 30.796557149849832,
      "heading" : 213.70506654975037,
      "horizontalUncertainty" : 0.58867472413662658
    },
    {
      "latitude" : 42.293414036338341,
      "altitude" : 30.847933824174106,
      "horizontalUncertainty" : 0.60088271303243712,
      "geoAnchorTransform" : [
        -0.35934093594551086,
        -1.332452620461666e-10,
        0.93320637941360474,
        0,
        -9.7321361636204529e-08,
        1,
        -3.7331833624421051e-08,
        0,
        -0.93320637941360474,
        -1.0423577379015114e-07,
        -0.35934093594551086,
        0,
        -13.095287322998047,
        -0.16883556544780731,
        -5.7444562911987305,
        1
      ],
      "heading" : 195.85328260894926,
      "altitudeUncertainty" : 0.42222530377197359,
      "longitude" : -71.26402053571752,
      "headingUncertainty" : 1.5200192464827937,
      "GARAnchorUUID" : "325DF655-CC62-47DC-957A-348420C60D34"
    },
    {
      "latitude" : 42.293408649786514,
      "GARAnchorUUID" : "97F3A347-173E-4BBA-8170-1DFC4E515EB4",
      "headingUncertainty" : 1.5660879016029412,
      "longitude" : -71.264022538348129,
      "horizontalUncertainty" : 0.61127753128655848,
      "heading" : 205.89834199919807,
      "altitude" : 30.809515933506191,
      "geoAnchorTransform" : [
        -0.51664268970489502,
        -1.6896134269472896e-08,
        0.85620111227035522,
        0,
        -9.2739135482133861e-08,
        1,
        -3.6226143862450044e-08,
        0,
        -0.85620111227035522,
        -9.8119322444745194e-08,
        -0.51664268970489502,
        0,
        -13.673879623413086,
        -0.20664012432098389,
        -5.9654192924499512,
        1
      ],
      "altitudeUncertainty" : 0.42633616603904456
    },
    {
      "horizontalUncertainty" : 0.62526768662629462,
      "altitudeUncertainty" : 0.43301395463480391,
      "latitude" : 42.293402447543116,
      "altitude" : 30.833149709738791,
      "headingUncertainty" : 1.6193395760243887,
      "GARAnchorUUID" : "AD268F25-CAFF-4685-98C5-1D55CDD755FB",
      "geoAnchorTransform" : [
        -0.38343954086303711,
        -9.8665395853458904e-09,
        0.92356598377227783,
        0,
        -1.0335850930687229e-07,
        1,
        -3.2228559376790145e-08,
        0,
        -0.92356598377227783,
        -1.0781610626509064e-07,
        -0.38343954086303711,
        0,
        -14.344188690185547,
        -0.18128758668899536,
        -6.184441089630127,
        1
      ],
      "longitude" : -71.264024442025814,
      "heading" : 197.33322959580283
    },
    {
      "horizontalUncertainty" : 0.62549767651087407,
      "GARAnchorUUID" : "696FEC2E-3782-4E94-B4DE-22EC56A20975",
      "latitude" : 42.293396354278372,
      "altitudeUncertainty" : 0.4391864182399825,
      "geoAnchorTransform" : [
        -0.32827907800674438,
        -1.2118672287897425e-08,
        0.9445807933807373,
        0,
        -9.2287351094455516e-08,
        1,
        -1.9243811877345252e-08,
        0,
        -0.9445807933807373,
        -9.349020047011436e-08,
        -0.32827907800674438,
        0,
        -15.017823219299316,
        -0.19962480664253235,
        -6.2917380332946777,
        1
      ],
      "longitude" : -71.264025091372417,
      "heading" : 193.99389036391599,
      "altitude" : 30.814528490416706,
      "headingUncertainty" : 1.4954574594920742
    },
    {
      "horizontalUncertainty" : 0.63733137457146272,
      "headingUncertainty" : 1.4490971259225875,
      "altitude" : 30.805170622654259,
      "latitude" : 42.293390561381393,
      "geoAnchorTransform" : [
        -0.34755384922027588,
        -5.9476610303477173e-09,
        0.93766003847122192,
        0,
        -9.4921304594208777e-08,
        1,
        -2.8840519306072565e-08,
        0,
        -0.93766003847122192,
        -9.9027545275021112e-08,
        -0.34755384922027588,
        0,
        -15.647380828857422,
        -0.20990483462810516,
        -6.5180606842041016,
        1
      ],
      "longitude" : -71.264027261395412,
      "heading" : 195.23861291003197,
      "altitudeUncertainty" : 0.44907743388224808,
      "GARAnchorUUID" : "0CF8C3A6-A4FD-4265-B206-66A8FB75E3EC"
    },
    {
      "altitudeUncertainty" : 0.45427667154015483,
      "heading" : 194.79375240904994,
      "horizontalUncertainty" : 0.64884430549606764,
      "geoAnchorTransform" : [
        -0.33934888243675232,
        -1.4509214274482929e-08,
        0.94066059589385986,
        0,
        -1.004262770720743e-07,
        1,
        -2.080487782052387e-08,
        0,
        -0.94066059589385986,
        -1.0152714935429685e-07,
        -0.33934888243675232,
        0,
        -16.316690444946289,
        -0.2205251008272171,
        -6.6242566108703613,
        1
      ],
      "headingUncertainty" : 1.436237326207404,
      "GARAnchorUUID" : "8D8C9B2E-B4CC-43E0-9C83-735FE01C09F7",
      "altitude" : 30.796079536899924,
      "latitude" : 42.293384504861336,
      "longitude" : -71.264027922955506
    },
    {
      "geoAnchorTransform" : [
        -0.53106272220611572,
        -2.2279389000345873e-08,
        0.84733247756958008,
        0,
        -9.4928040539343783e-08,
        1,
        -3.3202262272880034e-08,
        0,
        -0.84733247756958008,
        -9.8068099418924248e-08,
        -0.53106272220611572,
        0,
        -16.887704849243164,
        -0.26129776239395142,
        -6.85565185546875,
        1
      ],
      "altitude" : 30.754912868142128,
      "GARAnchorUUID" : "4FA4156A-4954-4AAC-89CF-DE8BEF8743DD",
      "latitude" : 42.29337920674736,
      "longitude" : -71.264030141051663,
      "heading" : 207.03036116419528,
      "headingUncertainty" : 1.4728922183248196,
      "horizontalUncertainty" : 0.6597028195974044,
      "altitudeUncertainty" : 0.45945134314014985
    },
    {
      "horizontalUncertainty" : 0.67000337557767342,
      "headingUncertainty" : 1.4949144825103458,
      "altitude" : 30.768993053585291,
      "latitude" : 42.293373116764556,
      "GARAnchorUUID" : "4742D62D-53A2-4C15-A1E7-429AC67FADF1",
      "longitude" : -71.264031194752775,
      "heading" : 197.41407129779739,
      "geoAnchorTransform" : [
        -0.38209623098373413,
        -1.4367330436471093e-08,
        0.92412251234054565,
        0,
        -1.0337259226389506e-07,
        1,
        -2.7194388962925586e-08,
        0,
        -0.92412251234054565,
        -1.0591981691732144e-07,
        -0.38209623098373413,
        0,
        -17.555166244506836,
        -0.24856199324131012,
        -7.0005631446838379,
        1
      ],
      "altitudeUncertainty" : 0.46425951652188474
    },
    {
      "heading" : 208.59821676496506,
      "latitude" : 42.293367601709996,
      "altitude" : 30.761584023945034,
      "longitude" : -71.264033154080821,
      "horizontalUncertainty" : 0.67647289449236991,
      "GARAnchorUUID" : "615B30AE-5A3C-4B74-8135-0005084A6BE4",
      "altitudeUncertainty" : 0.47084271444781428,
      "headingUncertainty" : 1.4365152551463516,
      "geoAnchorTransform" : [
        -0.55388885736465454,
        -2.5698344785496374e-08,
        0.83259063959121704,
        0,
        -9.5779761011272058e-08,
        1,
