{
  "ARLoggerDataDir" : "visual_alignment_benchmarking\/Poll\/izmWIWH4BLOq1kCq6MS0qt5Atti2\/E1ECAF48-92B9-485C-B45D-68ACD394FC8E",
  "cloudAnchorsForAlignment" : [
    {
      "anchorIdentifier" : "BAD746EF-9A4D-4A55-939D-0A56FD87FDF7",
      "cloudAnchorID" : "ua-06ce32db18664d2edb7e4e34e74996dd",
      "anchorTransform" : [
        -0.69769924879074097,
        7.5231767482364376e-09,
        -0.71639078855514526,
        0,
        2.6671980180026367e-09,
        1,
        7.9038908751272174e-09,
        0,
        0.71639078855514526,
        3.6037823836210237e-09,
        -0.69769924879074097,
        0,
        0.24492755532264709,
        0.057402439415454865,
        0.22862039506435394,
        1
      ]
    },
    {
      "anchorTransform" : [
        -0.49888151884078979,
        -1.1417586875950292e-08,
        0.86667019128799438,
        0,
        -9.6299075380557042e-08,
        1,
        -4.2258569976638682e-08,
        0,
        -0.86667019128799438,
        -1.045415558564855e-07,
        -0.49888151884078979,
        0,
        -11.93743896484375,
        -0.20666222274303436,
        -5.221015453338623,
        1
      ],
      "anchorIdentifier" : "52F7318E-B0CA-4240-A0B4-A7EEDC86DC79",
      "cloudAnchorID" : "ua-5821c2b05e0931485805813de97aa696"
    }
  ],
  "garAnchors" : [
    [
      {
        "identifier" : "BAD746EF-9A4D-4A55-939D-0A56FD87FDF7",
        "hasValidTransform" : false,
        "transform" : [
          1,
          0,
          0,
          0,
          0,
          1,
          0,
          0,
          0,
          0,
          1,
          0,
          0,
          0,
          0,
          1
        ],
        "cloudIdentifier" : ""
      },
      {
        "identifier" : "52F7318E-B0CA-4240-A0B4-A7EEDC86DC79",
        "hasValidTransform" : false,
        "cloudIdentifier" : "",
        "transform" : [
          1,
          0,
          0,
          0,
          0,
          1,
          0,
          0,
          0,
          0,
          1,
          0,
          0,
          0,
          0,
          1
        ]
      },
      {
        "cloudIdentifier" : "",
        "identifier" : "6E6A43BC-5B99-4A61-A40D-B3DC97EF0833",
        "hasValidTransform" : true,
        "transform" : [
          0.12318128347396851,
          -5.5956807045731694e-06,
          0.99238419532775879,
          0,
          -7.8272942118928768e-06,
          1,
          6.6101988522859756e-06,
          0,
          -0.99238419532775879,
          -8.5819356172578409e-06,
          0.12318128347396851,
          0,
          -49.812423706054688,
          0.67459756135940552,
          42.068508148193359,
          1
        ]
      },
      {
        "cloudIdentifier" : "",
        "transform" : [
          0.66635924577713013,
          -1.9800928896529513e-07,
          0.74563086032867432,
          0,
          -5.9573139878921211e-06,
          1,
          5.589522061200114e-06,
          0,
          -0.74563086032867432,
          -8.1665866673574783e-06,
          0.66635924577713013,
          0,
          -37.907375335693359,
          0.3238213062286377,
          35.577705383300781,
          1
        ],
        "identifier" : "B62DC4A8-6D6D-4013-8D09-F4372BF23AC6",
        "hasValidTransform" : true
      },
      {
        "identifier" : "8FE6AFFF-B98E-46BF-9F3B-49CDD4271641",
        "hasValidTransform" : true,
        "transform" : [
          0.24737508594989777,
          -2.8239605853741523e-06,
          0.96891981363296509,
          0,
          -3.295876467745984e-06,
          1,
          3.7560162127192598e-06,
          0,
          -0.96891981363296509,
          -4.1225848690373823e-06,
          0.24737508594989777,
          0,
          -20.967838287353516,
          0.46088257431983948,
          23.910120010375977,
          1
        ],
        "cloudIdentifier" : ""
      },
      {
        "identifier" : "9A78F61A-C365-4D51-B1CA-2349D8C86802",
        "transform" : [
          0.63912010192871094,
          -4.5496693701352342e-07,
          0.76910692453384399,
          0,
          -5.2091950237809215e-06,
          1,
          4.9203408707398921e-06,
          0,
          -0.76910692453384399,
          -7.1511167334392667e-06,
          0.63912010192871094,
          0,
          -33.147476196289062,
          0.31118568778038025,
          31.316864013671875,
          1
        ],
        "hasValidTransform" : true,
        "cloudIdentifier" : ""
      },
      {
        "identifier" : "2538E24E-82F3-4BB0-87DB-33F546AD75D4",
        "hasValidTransform" : true,
        "transform" : [
          0.4326077401638031,
          -2.0144848349445965e-06,
          0.90158224105834961,
          0,
          -4.4304092625679914e-06,
          1,
          4.3602390178421047e-06,
          0,
          -0.90158224105834961,
          -5.8806517699849792e-06,
          0.4326077401638031,
          0,
          -28.190877914428711,
          0.34899765253067017,
          27.752237319946289,
          1
        ],
        "cloudIdentifier" : ""
      },
      {
        "cloudIdentifier" : "",
        "hasValidTransform" : true,
        "identifier" : "696FEC2E-3782-4E94-B4DE-22EC56A20975",
        "transform" : [
          0.37480950355529785,
          -2.1789667243865551e-06,
          0.92710185050964355,
          0,
          -2.1769553768535843e-06,
          1,
          3.2304005799232982e-06,
          0,
          -0.92710185050964355,
          -3.2290440685756039e-06,
          0.37480950355529785,
          0,
          -13.843402862548828,
          0.48834314942359924,
          20.569307327270508,
          1
        ]
      },
      {
        "hasValidTransform" : true,
        "cloudIdentifier" : "",
        "transform" : [
          0.83690786361694336,
          1.5715738754806807e-06,
          0.54734379053115845,
          0,
          -4.9992386266239919e-06,
          1,
          4.7727380660944618e-06,
          0,
          -0.54734379053115845,
          -6.7306441451364662e-06,
          0.83690786361694336,
          0,
          -31.811178207397461,
          0.38272842764854431,
          30.377536773681641,
          1
        ],
        "identifier" : "7F05FA1E-F699-4754-BAD0-83224CD9F13F"
      },
      {
        "cloudIdentifier" : "",
        "identifier" : "8A4A9205-6317-4A4D-8ACC-C9C0D679DCF6",
        "transform" : [
          0.58677369356155396,
          -9.2759029257649672e-07,
          0.80975097417831421,
          0,
          -5.1076440286124125e-06,
          1,
          4.8467022679687943e-06,
          0,
          -0.80975097417831421,
          -6.9798370532225817e-06,
          0.58677369356155396,
          0,
          -32.501140594482422,
          0.33186084032058716,
          30.848186492919922,
          1
        ],
        "hasValidTransform" : true
      },
      {
        "identifier" : "4547F96F-6417-4B9B-A478-D0175CF08B88",
        "transform" : [
          0.90031713247299194,
          2.7412409053795272e-06,
          0.43523451685905457,
          0,
          -5.5873038036224898e-06,
          1,
          5.2594732551369816e-06,
          0,
          -0.43523451685905457,
          -7.1669815042696428e-06,
          0.90031713247299194,
          0,
          -35.553153991699219,
          0.2689020037651062,
          33.476203918457031,
          1
        ],
        "hasValidTransform" : true,
        "cloudIdentifier" : ""
      },
      {
        "hasValidTransform" : true,
        "transform" : [
          -0.10650821030139923,
          -7.5974930950906128e-06,
          0.99431180953979492,
          0,
          -8.2255683082621545e-06,
          1,
          6.7598534769786056e-06,
          0,
          -0.99431180953979492,
          -7.4587997005437501e-06,
          -0.10650821775197983,
          0,
          -52.348747253417969,
          0.78098595142364502,
          43.018806457519531,
          1
        ],
        "cloudIdentifier" : "",
        "identifier" : "1B2C164F-4400-4E5C-972E-C1346E24F752"
      },
      {
        "transform" : [
          0.30125442147254944,
          -3.9329511309915688e-06,
          0.95354378223419189,
          0,
          -7.3407204581599217e-06,
          1,
          6.4437267610628624e-06,
          0,
          -0.95354378223419189,
          -8.9408995336270891e-06,
          0.30125442147254944,
          0,
          -46.713645935058594,
          0.63627821207046509,
          41.011898040771484,
          1
        ],
        "hasValidTransform" : true,
        "cloudIdentifier" : "",
        "identifier" : "CAC818C4-F307-4EC3-84E0-9E350B8840D3"
      },
      {
        "hasValidTransform" : true,
        "cloudIdentifier" : "",
        "transform" : [
          0.05781077966094017,
          -2.9087275379424682e-06,
          0.99832755327224731,
          0,
          -1.6022016779970727e-06,
          1,
          3.0063802114455029e-06,
          0,
          -0.99832755327224731,
          -1.7733232198224869e-06,
          0.05781077966094017,
          0,
          -10.183269500732422,
          0.46344560384750366,
          19.146514892578125,
          1
        ],
        "identifier" : "69370005-DE95-4A4C-B243-79765D5D506C"
      },
      {
        "hasValidTransform" : true,
        "identifier" : "391EBF1A-8F40-4076-8E3D-4766D0A404B1",
        "transform" : [
          0.26789146661758423,
          -2.6870091005548602e-06,
          0.96344912052154541,
          0,
          -3.1109416340768803e-06,
          1,
          3.6539593111228896e-06,
          0,
          -0.96344912052154541,
          -3.9760984691383783e-06,
          0.26789146661758423,
          0,
          -19.790494918823242,
          0.48443514108657837,
          23.261064529418945,
          1
        ],
        "cloudIdentifier" : ""
      },
      {
        "hasValidTransform" : true,
        "identifier" : "97F3D4AD-D141-444D-AD08-0D394C8FD024",
        "cloudIdentifier" : "",
        "transform" : [
          0.12516433000564575,
          -5.5884497669467237e-06,
          0.99213600158691406,
          0,
          -7.9331566666951403e-06,
          1,
          6.633564225921873e-06,
          0,
          -0.99213600158691406,
          -8.7010557763278484e-06,
          0.12516433000564575,
          0,
          -50.48675537109375,
          0.68731784820556641,
          42.216384887695312,
          1
        ]
      },
      {
        "transform" : [
          0.36183083057403564,
          -2.2412893940781942e-06,
          0.93224376440048218,
          0,
          -2.3657462406845298e-06,
          1,
          3.3224027902178932e-06,
          0,
          -0.93224376440048218,
          -3.4075999337801477e-06,
          0.36183083057403564,
          0,
          -15.04544734954834,
          0.46988952159881592,
          21.154180526733398,
          1
        ],
        "hasValidTransform" : true,
        "cloudIdentifier" : "",
        "identifier" : "8D8C9B2E-B4CC-43E0-9C83-735FE01C09F7"
      },
      {
        "hasValidTransform" : true,
        "identifier" : "01E95CBB-0B60-4C7B-BB45-0D5A260E2935",
        "transform" : [
          0.41735261678695679,
          -2.7956534722761717e-06,
          0.90874463319778442,
          0,
          -7.5435400503920391e-06,
          1,
          6.5408580667281058e-06,
          0,
          -0.90874463319778442,
          -9.5849954959703609e-06,
          0.41735261678695679,
          0,
          -48.004989624023438,
          0.71170979738235474,
          41.629295349121094,
          1
        ],
        "cloudIdentifier" : ""
      },
      {
        "transform" : [
          0.5209614634513855,
          -1.6567055354244076e-06,
          0.85358017683029175,
          0,
          -6.8506619754771236e-06,
          1,
          6.1220216593937948e-06,
          0,
          -0.85358017683029175,
          -9.0369267127243802e-06,
          0.5209614634513855,
          0,
          -43.594326019287109,
          0.52374297380447388,
          38.964954376220703,
          1
        ],
        "hasValidTransform" : true,
        "identifier" : "80F58CB9-98BC-4718-8742-13F8ACF1810B",
        "cloudIdentifier" : ""
      },
      {
        "transform" : [
          0.43285855650901794,
          -2.6340389922552276e-06,
          0.90146183967590332,
          0,
          -7.1279173425864428e-06,
          1,
          6.344604571495438e-06,
          0,
          -0.90146183967590332,
          -9.1718620751635171e-06,
          0.43285855650901794,
          0,
          -45.358642578125,
          0.55394971370697021,
          40.381889343261719,
          1
        ],
        "cloudIdentifier" : "",
        "identifier" : "B494B426-8CA0-432B-BE44-B8DE01496437",
        "hasValidTransform" : true
      },
      {
        "hasValidTransform" : true,
        "identifier" : "5D390721-A0BB-4BDB-B758-53AD4B70B5DA",
        "cloudIdentifier" : "",
        "transform" : [
          0.17913639545440674,
          -2.6704722131398739e-06,
          0.98382425308227539,
          0,
          -1.4975381645854213e-06,
          1,
          2.9870536764065037e-06,
          0,
          -0.98382425308227539,
          -2.0084044081158936e-06,
          0.17913639545440674,
          0,
          -9.5165262222290039,
          0.51340848207473755,
          19.024394989013672,
          1
        ]
      },
      {
        "hasValidTransform" : true,
        "cloudIdentifier" : "",
        "identifier" : "00B3B7D0-20C3-4DD1-BDC2-8A7AAD85EFC1",
        "transform" : [
          0.16622130572795868,
          -5.2361665439093485e-06,
          0.98608845472335815,
          0,
          -7.7441363828256726e-06,
          1,
          6.6154379965155385e-06,
          0,
          -0.98608845472335815,
          -8.7360303950845264e-06,
          0.16622130572795868,
          0,
          -49.282459259033203,
          0.75996023416519165,
          42.102855682373047,
          1
        ]
      },
      {
        "cloudIdentifier" : "",
        "identifier" : "9C0DB2BB-DCC0-4FAD-80BF-7BE5F8577184",
        "transform" : [
          0.52799105644226074,
          -1.3549520190281328e-06,
          0.84924995899200439,
          0,
          -4.2419096644152887e-06,
          1,
          4.2327260416641366e-06,
          0,
          -0.84924995899200439,
          -5.837282969878288e-06,
          0.52799105644226074,
          0,
          -26.991127014160156,
          0.39115449786186218,
          26.940841674804688,
          1
        ],
        "hasValidTransform" : true
      },
      {
        "identifier" : "F621E4B5-939D-4979-A7F4-D68993F209B5",
        "hasValidTransform" : true,
        "cloudIdentifier" : "",
        "transform" : [
          0.35921913385391235,
          -2.3881468678155215e-06,
          0.93325322866439819,
          0,
          -3.7527929634961765e-06,
          1,
          4.0034383346210234e-06,
          0,
          -0.93325322866439819,
          -4.9404175115341786e-06,
          0.35921913385391235,
          0,
          -23.876804351806641,
          0.4914250373840332,
          25.483512878417969,
          1
        ]
      },
      {
        "cloudIdentifier" : "",
        "hasValidTransform" : true,
        "transform" : [
          0.37633839249610901,
          -2.2032829747331562e-06,
          0.92648226022720337,
          0,
          -2.7399487407819834e-06,
          1,
          3.4910874546767445e-06,
          0,
          -0.92648226022720337,
          -3.8523439798154868e-06,
          0.37633839249610901,
          0,
          -17.428171157836914,
          0.48159006237983704,
          22.226142883300781,
          1
        ],
        "identifier" : "68BCCE4F-D780-4D05-A1BE-EB45F952F654"
      },
      {
        "cloudIdentifier" : "",
        "identifier" : "D162F3CE-3A24-451B-8A4C-15C40033AC6F",
        "hasValidTransform" : true,
        "transform" : [
          -0.10912753641605377,
          -7.6548858487512916e-06,
          0.99402773380279541,
          0,
          -8.3002641986240633e-06,
          1,
          6.7896480686613359e-06,
          0,
          -0.99402773380279541,
          -7.509755505452631e-06,
          -0.10912753641605377,
          0,
          -52.824455261230469,
          0.84004038572311401,
          43.208087921142578,
          1
        ]
      },
      {
        "transform" : [
          0.38754656910896301,
          -2.2274741695582634e-06,
          0.92185014486312866,
          0,
          -3.5661767014971701e-06,
          1,
          3.9155320337158628e-06,
          0,
          -0.92185014486312866,
          -4.8049314500531182e-06,
          0.38754656910896301,
          0,
          -22.688571929931641,
          0.49064260721206665,
          24.924774169921875,
          1
        ],
        "hasValidTransform" : true,
        "identifier" : "4263E06B-948E-4187-9991-1F7B9CB6FF47",
        "cloudIdentifier" : ""
      },
      {
        "cloudIdentifier" : "",
        "transform" : [
          0.42166295647621155,
          -2.0258153199392837e-06,
          0.90675264596939087,
          0,
          -4.1532844079483766e-06,
          1,
          4.1655257518868893e-06,
          0,
          -0.90675264596939087,
          -5.5224495554284658e-06,
          0.42166295647621155,
          0,
          -26.427083969116211,
          0.42532280087471008,
          26.513093948364258,
          1
        ],
        "hasValidTransform" : true,
        "identifier" : "590B2B5E-34FC-4857-84EC-CF3463F3316F"
      },
      {
        "cloudIdentifier" : "",
        "hasValidTransform" : true,
        "identifier" : "B16D3CFA-DBC8-4F6C-918D-A01F0FA157D1",
        "transform" : [
          0.63466829061508179,
          -5.027046086070186e-07,
          0.77278470993041992,
          0,
          -5.3008661780040711e-06,
          1,
          5.0039761845255271e-06,
          0,
          -0.77278470993041992,
          -7.2722932600299828e-06,
          0.63466829061508179,
          0,
          -33.730693817138672,
          0.27965846657752991,
          31.849405288696289,
          1
        ]
      },
      {
        "hasValidTransform" : true,
        "transform" : [
          0.44749733805656433,
          -1.8976130604642094e-06,
          0.89428526163101196,
          0,
          -3.3872579479066189e-06,
          1,
          3.8169050640135538e-06,
          0,
          -0.89428526163101196,
          -4.7372295739478432e-06,
          0.44749733805656433,
          0,
          -21.54949951171875,
          0.48260995745658875,
          24.297536849975586,
          1
        ],
        "cloudIdentifier" : "",
        "identifier" : "FC0923BA-BF84-48B7-B2B5-8AD95A121B61"
      },
      {
        "cloudIdentifier" : "",
        "transform" : [
          -0.022889966145157814,
          -6.8534300226019695e-06,
          0.99973797798156738,
          0,
          -8.0297922977479175e-06,
          1,
          6.6713764681480825e-06,
          0,
          -0.99973797798156738,
          -7.8749808380962349e-06,
          -0.022889966145157814,
          0,
          -51.102226257324219,
          0.68202400207519531,
          42.456554412841797,
          1
        ],
        "hasValidTransform" : true,
        "identifier" : "1DFC3347-4D9E-4396-8963-65929EFDC566"
      },
      {
        "cloudIdentifier" : "",
        "identifier" : "29724BA0-1F8E-4277-87FE-A4572A49DF22",
        "transform" : [
          0.17806601524353027,
          -2.6589389108266914e-06,
          0.98401856422424316,
          0,
          -1.3768330973107368e-06,
          1,
          2.9512716537283268e-06,
          0,
          -0.98401856422424316,
          -1.8803505099640461e-06,
          0.17806601524353027,
          0,
          -8.7477664947509766,
          0.56472116708755493,
          18.797496795654297,
          1
        ],
        "hasValidTransform" : true
      },
      {
        "transform" : [
          0.5829731822013855,
          -1.0515864232729655e-06,
          0.81249141693115234,
          0,
          -6.2526132751372643e-06,
          1,
          5.7806055338005535e-06,
          0,
          -0.81249141693115234,
          -8.4501325545716099e-06,
          0.5829731822013855,
          0,
          -39.787052154541016,
          0.35598629713058472,
          36.793502807617188,
          1
        ],
        "cloudIdentifier" : "",
        "identifier" : "90B9E8E3-FAE3-4783-8B13-95CB13E4A482",
        "hasValidTransform" : true
      },
      {
        "identifier" : "384AA50D-0FF6-43F4-A14A-A8BB97304667",
        "hasValidTransform" : true,
        "transform" : [
          0.55174028873443604,
          -1.3578802509073284e-06,
          0.83401596546173096,
          0,
          -6.4536184254393447e-06,
          1,
          5.8974906096409541e-06,
          0,
          -0.83401596546173096,
          -8.6363043010351248e-06,
          0.55174028873443604,
          0,
          -41.066650390625,
          0.46160221099853516,
          37.536952972412109,
          1
        ],
        "cloudIdentifier" : ""
      },
      {
        "transform" : [
          0.52766770124435425,
          -1.6088818028947571e-06,
          0.84945088624954224,
          0,
          -6.9397192419273779e-06,
          1,
          6.2048879954090808e-06,
          0,
          -0.84945088624954224,
          -9.1690699264290743e-06,
          0.52766770124435425,
          0,
          -44.160903930664062,
          0.54187583923339844,
          39.492622375488281,
          1
        ],
        "cloudIdentifier" : "",
        "identifier" : "FE662D66-2ADB-4707-92FB-291247CBD967",
        "hasValidTransform" : true
      },
      {
        "hasValidTransform" : true,
        "cloudIdentifier" : "",
        "transform" : [
          0.15991698205471039,
          -3.0801404591329629e-06,
          0.98713046312332153,
          0,
          -3.0215344395401189e-06,
          1,
          3.6097915199206909e-06,
          0,
          -0.98713046312332153,
          -3.5599157399701653e-06,
          0.15991698205471039,
          0,
          -19.221281051635742,
          0.47923099994659424,
          22.980329513549805,
          1
        ],
        "identifier" : "5CD85D33-8238-4850-AB8F-21D12AD72744"
      },
      {
        "transform" : [
          0.47303637862205505,
          -1.7269015870624571e-06,
          0.88104289770126343,
          0,
          -4.3394002204877324e-06,
          1,
          4.2899114305328112e-06,
          0,
          -0.88104289770126343,
          -5.8524819905869663e-06,
          0.47303637862205505,
          0,
          -27.611730575561523,
          0.35888758301734924,
          27.304594039916992,
          1
        ],
        "identifier" : "917EADB8-ACAC-4296-A3CF-4648249A21D0",
        "cloudIdentifier" : "",
        "hasValidTransform" : true
      },
      {
        "cloudIdentifier" : "",
        "identifier" : "CB1A8C4A-A315-4C57-B789-0DAD5D8E47F0",
        "hasValidTransform" : true,
        "transform" : [
          0.48603969812393188,
          -2.067615469059092e-06,
          0.87393671274185181,
          0,
          -7.036058832454728e-06,
          1,
          6.2789667936158367e-06,
          0,
          -0.87393671274185181,
          -9.2008976935176179e-06,
          0.48603969812393188,
          0,
          -44.773956298828125,
          0.5452691912651062,
          39.964145660400391,
          1
        ]
      },
      {
        "hasValidTransform" : true,
        "identifier" : "4FA4156A-4954-4AAC-89CF-DE8BEF8743DD",
        "transform" : [
          0.156021848320961,
          -2.9291268219822086e-06,
          0.98775362968444824,
          0,
          -2.4573798782512313e-06,
          1,
          3.3536014143464854e-06,
          0,
          -0.98775362968444824,
          -2.9505210932256887e-06,
          0.156021848320961,
          0,
          -15.629061698913574,
          0.42872080206871033,
          21.352174758911133,
          1
        ],
        "cloudIdentifier" : ""
      },
      {
        "transform" : [
          0.040155649185180664,
          -2.9857130812160904e-06,
          0.99919342994689941,
          0,
          -1.7961906451091636e-06,
          1,
          3.0603084724134533e-06,
          0,
          -0.99919342994689941,
          -1.917630470416043e-06,
          0.040155649185180664,
          0,
          -11.418814659118652,
          0.47038000822067261,
          19.488393783569336,
          1
        ],
        "identifier" : "430C2130-E0D5-4942-BF39-7FCB9ADC5E2A",
        "hasValidTransform" : true,
        "cloudIdentifier" : ""
      },
      {
        "hasValidTransform" : true,
        "identifier" : "97F3A347-173E-4BBA-8170-1DFC4E515EB4",
        "cloudIdentifier" : "",
        "transform" : [
          0.17550572752952576,
          -2.7341093300492503e-06,
          0.9844784140586853,
          0,
          -1.9839828837575624e-06,
          1,
          3.1309061796491733e-06,
          0,
          -0.9844784140586853,
          -2.5026802177308127e-06,
          0.17550572752952576,
          0,
          -12.614779472351074,
          0.48333513736724854,
          19.93671989440918,
          1
        ]
      },
      {
        "hasValidTransform" : true,
        "identifier" : "7931B0C6-A3DF-459F-95E5-4D95D89010E8",
        "cloudIdentifier" : "",
        "transform" : [
          0.36320945620536804,
          -3.3302715110039571e-06,
          0.93170750141143799,
          0,
          -7.2309617280552629e-06,
          1,
          6.3932347984518856e-06,
          0,
          -0.93170750141143799,
          -9.0592247943277471e-06,
          0.36320945620536804,
          0,
          -46.014732360839844,
          0.57748287916183472,
          40.690986633300781,
          1
        ]
      },
      {
        "cloudIdentifier" : "",
        "transform" : [
          -0.11687738448381424,
          -7.732815902272705e-06,
          0.99314635992050171,
          0,
          -8.3525910667958669e-06,
          1,
          6.80321363688563e-06,
          0,
          -0.99314635992050171,
          -7.50020308259991e-06,
          -0.11687738448381424,
          0,
          -53.157752990722656,
          0.8826407790184021,
          43.294033050537109,
          1
        ],
        "hasValidTransform" : true,
        "identifier" : "6B59F3DC-44F4-466C-8938-75BB39251EB2"
      },
      {
        "hasValidTransform" : true,
        "cloudIdentifier" : "",
        "transform" : [
          0.32016992568969727,
          -2.3396739834424807e-06,
          0.94736015796661377,
          0,
          -2.0860024960711598e-06,
          1,
          3.1746631066198461e-06,
          0,
          -0.94736015796661377,
          -2.9926272873126436e-06,
          0.32016992568969727,
          0,
          -13.26439380645752,
          0.50696671009063721,
          20.214731216430664,
          1
        ],
        "identifier" : "AD268F25-CAFF-4685-98C5-1D55CDD755FB"
      },
      {
        "hasValidTransform" : true,
        "cloudIdentifier" : "",
        "identifier" : "47F8383C-04A0-4F99-912F-3D2D4C99A325",
        "transform" : [
          0.37395668029785156,
          -2.2517565412272234e-06,
          0.92744618654251099,
          0,
          -3.2016182558436412e-06,
          1,
          3.7188392525422387e-06,
          0,
          -0.92744618654251099,
          -4.360013463156065e-06,
          0.37395668029785156,
          0,
          -20.367647171020508,
          0.48762601613998413,
          23.67402458190918,
          1
        ]
      },
      {
        "identifier" : "3B1FE2ED-CA6E-4697-86B7-843BEB23C747",
        "transform" : [
          0.55359518527984619,
          -1.3582828159997007e-06,
          0.83278590440750122,
          0,
          -6.1499717958213296e-06,
          1,
          5.719210093957372e-06,
          0,
          -0.83278590440750122,
          -8.287736818601843e-06,
          0.55359518527984619,
          0,
          -39.133674621582031,
          0.30731809139251709,
          36.4029541015625,
          1
        ],
        "cloudIdentifier" : "",
        "hasValidTransform" : true
      },
      {
        "transform" : [
          0.60312521457672119,
          -7.9894397231328185e-07,
          0.79764652252197266,
          0,
          -4.8123706619662698e-06,
          1,
          4.6404093154706061e-06,
          0,
          -0.79764652252197266,
          -6.6373186200507917e-06,
          0.60312521457672119,
          0,
          -30.621841430664062,
          0.34925195574760437,
          29.535390853881836,
          1
        ],
        "identifier" : "69BE85B9-77D1-4F86-8CDA-6C8EBE37CB70",
        "cloudIdentifier" : "",
        "hasValidTransform" : true
      },
      {
        "transform" : [
          0.73147726058959961,
          5.264517426439852e-07,
          0.68186581134796143,
          0,
          -5.8607897699403111e-06,
          1,
          5.5151358537841588e-06,
          0,
          -0.68186581134796143,
          -8.0304689618060365e-06,
          0.73147726058959961,
          0,
          -37.293140411376953,
          0.30920648574829102,
          35.104236602783203,
          1
        ],
        "hasValidTransform" : true,
        "identifier" : "69FF3ED5-000B-46ED-A496-011390FDBC1C",
        "cloudIdentifier" : ""
      },
      {
        "transform" : [
          0.26446059346199036,
          -2.8869619654869894e-06,
          0.96439647674560547,
          0,
          -3.8455705180240329e-06,
          1,
          4.0480899770045653e-06,
          0,
          -0.96439647674560547,
          -4.7792145778657869e-06,
          0.26446059346199036,
          0,
          -24.467510223388672,
          0.46550792455673218,
          25.76732063293457,
          1
        ],
        "hasValidTransform" : true,
        "identifier" : "314019D9-2C40-4850-8B22-A1FAFD2A1B3E",
        "cloudIdentifier" : ""
      },
      {
        "transform" : [
          0.3545818030834198,
          -2.2481387986772461e-06,
          0.93502497673034668,
          0,
          -2.2752158201910788e-06,
          1,
          3.2671734970790567e-06,
          0,
          -0.93502497673034668,
          -3.2858638405741658e-06,
          0.3545818030834198,
          0,
          -14.469147682189941,
          0.47898310422897339,
          20.802818298339844,
          1
        ],
        "cloudIdentifier" : "",
        "hasValidTransform" : true,
        "identifier" : "0CF8C3A6-A4FD-4265-B206-66A8FB75E3EC"
      },
      {
        "transform" : [
          0.34453070163726807,
          -2.2548649667442078e-06,
          0.93877506256103516,
          0,
          -1.8927289602288511e-06,
          1,
          3.0965545647632098e-06,
          0,
          -0.93877506256103516,
          -2.8437048058549408e-06,
          0.34453070163726807,
          0,
          -12.033664703369141,
          0.52175486087799072,
          19.718576431274414,
          1
        ],
        "identifier" : "325DF655-CC62-47DC-957A-348420C60D34",
        "hasValidTransform" : true,
        "cloudIdentifier" : ""
      },
      {
        "cloudIdentifier" : "",
        "identifier" : "FAD8916C-A1BC-49D2-9605-213A2A725BB2",
        "transform" : [
          0.44366252422332764,
          -2.4170940378098749e-06,
          0.89619392156600952,
          0,
          -6.3538445829181001e-06,
          1,
          5.8425489442015532e-06,
          0,
          -0.89619392156600952,
          -8.2863971329061314e-06,
          0.44366252422332764,
          0,
          -40.43145751953125,
          0.39459356665611267,
          37.187541961669922,
          1
        ],
        "hasValidTransform" : true
      },
      {
        "transform" : [
          0.8079102635383606,
          1.3937227549831732e-06,
          0.58930552005767822,
          0,
          -5.4980787353997584e-06,
          1,
          5.1725824050663505e-06,
          0,
          -0.58930552005767822,
          -7.4190306804666761e-06,
          0.8079102635383606,
          0,
          -34.985565185546875,
          0.25639727711677551,
          32.922878265380859,
          1
        ],
        "hasValidTransform" : true,
        "identifier" : "03679782-3970-43EE-B6B9-ADE08D9B16D8",
        "cloudIdentifier" : ""
      },
      {
        "hasValidTransform" : true,
        "identifier" : "82F7A8F0-51BA-4F66-8D8B-E2ECACF9CB68",
        "transform" : [
          0.23087267577648163,
          -2.7840601433126722e-06,
          0.9729839563369751,
          0,
          -2.832907512129168e-06,
          1,
          3.5335640404809965e-06,
          0,
          -0.9729839563369751,
          -3.5721768654184416e-06,
          0.23087267577648163,
          0,
          -18.020078659057617,
          0.45394071936607361,
          22.496097564697266,
          1
        ],
        "cloudIdentifier" : ""
      },
      {
        "transform" : [
          0.12893766164779663,
          -3.0715548291482264e-06,
          0.9916527271270752,
          0,
          -2.6441025511303451e-06,
          1,
          3.4412039440212538e-06,
          0,
          -0.9916527271270752,
          -3.0657322440674761e-06,
          0.12893766164779663,
          0,
          -16.817943572998047,
          0.43538704514503479,
          21.908985137939453,
          1
        ],
        "cloudIdentifier" : "",
        "identifier" : "615B30AE-5A3C-4B74-8135-0005084A6BE4",
        "hasValidTransform" : true
      },
      {
        "identifier" : "332FD0FD-60D4-486C-994B-7C82E46A4931",
        "hasValidTransform" : true,
        "transform" : [
          0.86011171340942383,
          2.149814463336952e-06,
          0.5101056694984436,
          0,
          -5.674638941854937e-06,
          1,
          5.3538101383310277e-06,
          0,
          -0.5101056694984436,
          -7.4995405157096684e-06,
          0.86011171340942383,
          0,
          -36.108684539794922,
          0.27571627497673035,
          34.077072143554688,
          1
        ],
        "cloudIdentifier" : ""
      },
      {
        "identifier" : "299695AE-B767-4DD7-A80E-576E413C6FC9",
        "cloudIdentifier" : "",
        "hasValidTransform" : true,
        "transform" : [
          0.8185315728187561,
          1.5039566960695083e-06,
          0.57446151971817017,
          0,
          -5.4048637139203493e-06,
          1,
          5.0831863518396858e-06,
          0,
          -0.57446151971817017,
          -7.2656343945709523e-06,
          0.8185315728187561,
          0,
          -34.392566680908203,
          0.26022481918334961,
          32.353580474853516,
          1
        ]
      },
      {
        "cloudIdentifier" : "",
        "identifier" : "2D41C72C-3BA4-4E69-BB03-A020F6FCB06A",
        "transform" : [
          0.34315943717956543,
          -2.3476729893445736e-06,
          0.93927717208862305,
          0,
          -2.9327927677513799e-06,
          1,
          3.5709251733351266e-06,
          0,
          -0.93927717208862305,
          -3.9801020648155827e-06,
          0.34315943717956543,
          0,
          -18.65617561340332,
          0.50634902715682983,
          22.733339309692383,
          1
        ],
        "hasValidTransform" : true
      },
      {
        "cloudIdentifier" : "",
        "identifier" : "D7A84F42-516F-446D-AF91-5493968D5284",
        "transform" : [
          0.1955191045999527,
          -3.1646845854993444e-06,
          0.98069989681243896,
          0,
          -3.6567382721841568e-06,
          1,
          3.9559977267344948e-06,
          0,
          -0.98069989681243896,
          -4.3596360228548292e-06,
          0.1955191045999527,
          0,
          -23.265214920043945,
          0.45998427271842957,
          25.181913375854492,
          1
        ],
        "hasValidTransform" : true
      },
      {
        "identifier" : "6B8DCE1B-55CD-432D-AB18-D19CAA53C90A",
        "transform" : [
          -0.081990018486976624,
          -7.3548894761188421e-06,
          0.99663317203521729,
          0,
          -8.1330435932613909e-06,
          1,
          6.7106548158335499e-06,
          0,
          -0.99663317203521729,
          -7.5554539762379136e-06,
          -0.081990018486976624,
          0,
          -51.759719848632812,
          0.70267575979232788,
          42.705974578857422,
          1
        ],
        "cloudIdentifier" : "",
        "hasValidTransform" : true
      },
      {
        "transform" : [
          0.13725309073925018,
          -5.4636116146866698e-06,
          0.99053603410720825,
          0,
          -7.6417354648583569e-06,
          1,
          6.5746862674131989e-06,
          0,
          -0.99053603410720825,
          -8.4718094512936659e-06,
          0.13725309073925018,
          0,
          -48.630397796630859,
          0.71127074956893921,
          41.844013214111328,
          1
        ],
        "cloudIdentifier" : "",
        "hasValidTransform" : true,
        "identifier" : "C603EBB2-E266-4DFD-BE7B-8B1DAC25B0B5"
      },
      {
        "transform" : [
          0.31883284449577332,
          -2.4139121705957223e-06,
          0.94781094789505005,
          0,
          -2.5513663786114193e-06,
          1,
          3.4050794965878595e-06,
          0,
          -0.94781094789505005,
          -3.5038640362472506e-06,
          0.31883284449577332,
          0,
          -16.227380752563477,
          0.44279837608337402,
          21.679559707641602,
          1
        ],
        "cloudIdentifier" : "",
        "identifier" : "4742D62D-53A2-4C15-A1E7-429AC67FADF1",
        "hasValidTransform" : true
      },
      {
        "cloudIdentifier" : "",
        "hasValidTransform" : true,
        "transform" : [
          0.12902045249938965,
          -5.4742945394536946e-06,
          0.99164193868637085,
          0,
          -7.4448116720304824e-06,
          1,
          6.4890632529568393e-06,
          0,
          -0.99164193868637085,
          -8.2198093878105283e-06,
          0.12902045249938965,
          0,
          -47.376472473144531,
          0.6640169620513916,
          41.299991607666016,
          1
        ],
        "identifier" : "8213523E-22D8-4CD7-8136-D4CB02DD1747"
      },
      {
        "cloudIdentifier" : "",
        "transform" : [
          0.40718445181846619,
          -2.7846388093166752e-06,
          0.91334593296051025,
          0,
          -6.759848020010395e-06,
          1,
          6.0624824982369319e-06,
          0,
          -0.91334593296051025,
          -8.642628017696552e-06,
          0.40718445181846619,
          0,
          -43.016265869140625,
          0.53480124473571777,
          38.58612060546875,
          1
        ],
        "hasValidTransform" : true,
        "identifier" : "2A00EE4E-AB82-4D95-92C6-D4F616AA7214"
      },
      {
        "identifier" : "83D90006-98F3-45CD-810C-C981EE65ECDB",
        "transform" : [
          0.79847490787506104,
          1.3378952417042456e-06,
          0.60202813148498535,
          0,
          -5.7694387578521855e-06,
          1,
          5.4297411224979442e-06,
          0,
          -0.60202813148498535,
          -7.8088760346872732e-06,
          0.79847490787506104,
          0,
          -36.711952209472656,
          0.2709471583366394,
          34.560451507568359,
          1
        ],
        "hasValidTransform" : true,
        "cloudIdentifier" : ""
      },
      {
