{
  "geoLocationAlignmentAttemptTimes" : [
    2.8974869251251221,
    4.2670149803161621,
    4.6343529224395752,
    6.0043399333953857,
    9.3970500230789185,
    13.368027925491333,
    14.921157002449036,
    14.971320986747742,
    15.020991921424866,
    15.08769702911377,
    15.210595965385437,
    15.224301934242249,
    15.33815598487854,
    15.522588968276978,
    15.973484992980957,
    17.02140200138092,
    18.548310995101929,
    22.587231993675232,
    22.740343928337097,
    23.073812007904053,
    23.313912987709045,
    23.689466953277588,
    24.057032942771912,
    24.427173972129822,
    24.794749021530151,
    25.144020915031433,
    25.499352931976318,
    25.828945994377136,
    26.183434009552002,
    26.56396496295929,
    26.93317699432373,
    27.334722995758057,
    27.665027976036072,
    28.019150018692017,
    28.385944008827209,
    28.76776397228241,
    29.15645694732666,
    29.505066990852356,
    29.886596918106079,
    30.103693008422852,
    30.202850937843323,
    30.502116918563843,
    30.570825934410095,
    31.005864977836609,
    31.339758992195129,
    31.707494020462036,
    32.172870993614197,
    32.509313941001892,
    32.910084962844849,
    33.344406962394714,
    33.697611927986145,
    34.098809003829956,
    34.501909017562866,
    34.868148922920227,
    35.215577006340027,
    35.600474953651428,
    36.016999959945679,
    36.433941960334778,
    36.835952997207642,
    37.236907005310059,
    37.623553991317749,
    38.095101952552795,
    38.539085984230042,
    38.98759400844574,
    39.441218018531799,
    39.888461947441101,
    40.27676796913147,
    40.677135944366455,
    41.061362028121948,
    41.462934970855713,
    41.846966981887817,
    42.213750004768372,
    42.614848017692566,
    43.035929918289185,
    43.400694012641907,
    43.750460028648376,
    44.188050031661987,
    44.740190982818604,
    45.312121987342834
  ],
  "speechDataTime" : [
    15.062608957290649,
    15.378871917724609,
    15.378952026367188,
    24.975764989852905,
    29.188920021057129,
    32.169837951660156,
    34.862955927848816,
    40.574765920639038,
    43.566478967666626
  ],
  "PathID" : "2E8519AA-4E63-4B9E-9D4E-05F7AFA202872023-04-24T09:10:24-04:00",
  "speechData" : [
    "Continue straight and proceed 46 feet",
    "Successfully matched current environment to saved route.",
    "Cloud Anchor Resolved",
    "Continue straight and proceed 19 feet",
    "Continue straight and proceed 15 feet",
    "Continue straight and proceed 13 feet",
    "Continue straight and proceed 26 feet",
    "Continue straight and proceed 14 feet",
    "Continue straight and proceed 9 feet"
  ],
  "geoLocationAlignmentAttempts" : [
    {
      "cameraGeospatialTransform" : {
        "altitude" : 30.440380896441638,
        "positionAccuracy" : 0.44807720818346847,
        "eastUpSounth" : {
          "angle" : 2.2692990303039551,
          "axis" : [
            -0.73228734731674194,
            0.61944723129272461,
            -0.28291410207748413
          ]
        },
        "longitude" : -71.264132568325522,
        "latitude" : 42.293659830595452,
        "heading" : 237.85827666779329,
        "altitudeAccuracy" : 0.3129365069520168,
        "orientationYawAccuracy" : 1.653908381191207
      },
      "wasAccepted" : true,
      "anchorTransform" : [
        0.95328116416931152,
        7.3329272254341049e-07,
        0.30208450555801392,
        0,
        -1.7197604620378115e-06,
        1,
        2.9995662771398202e-06,
        0,
        -0.30208450555801392,
        -3.3789431199693354e-06,
        0.95328116416931152,
        0,
        -10.98381519317627,
        0.17391988635063171,
        19.095340728759766,
        1
      ],
      "geoSpatialAlignmentCrumb" : {
        "geoAnchorTransform" : [
          -0.66609692573547363,
          3.3491782680528104e-09,
          -0.74586516618728638,
          0,
          5.2687774143578281e-08,
          1,
          -4.2562636082266181e-08,
          0,
          0.74586516618728638,
          -6.7648819879195798e-08,
          -0.66609692573547363,
          0,
          6.2796902656555176,
          0.43018525838851929,
          -9.1392602920532227,
          1
        ],
        "heading" : 207.55680187730337,
        "altitudeUncertainty" : 0.52018671811994732,
        "latitude" : 42.293506812434352,
        "longitude" : -71.264302950368091,
        "GARAnchorUUID" : "3F4830BE-34AB-48AB-8975-5EC38FD03120",
        "altitude" : 30.568968371488154,
        "horizontalUncertainty" : 0.75967166963717303,
        "headingUncertainty" : 1.2815490568891623
      }
    },
    {
      "anchorTransform" : [
        0.95261234045028687,
        7.3247872478532372e-07,
        0.30418699979782104,
        0,
        -1.7249145685127587e-06,
        1,
        2.99386942970159e-06,
        0,
        -0.30418699979782104,
        -3.3766937121981755e-06,
        0.95261234045028687,
        0,
        -11.029655456542969,
        0.17311710119247437,
        19.075357437133789,
        1
      ],
      "cameraGeospatialTransform" : {
        "eastUpSounth" : {
          "axis" : [
            -0.72918456792831421,
            0.68259161710739136,
            0.048562765121459961
          ],
          "angle" : 2.8600764274597168
        },
        "altitude" : 30.454011126421392,
        "orientationYawAccuracy" : 1.5985495076539999,
        "heading" : 187.30813989343855,
        "altitudeAccuracy" : 0.33636649479692188,
        "longitude" : -71.264130123582518,
        "latitude" : 42.293657933955011,
        "positionAccuracy" : 0.47282173879503669
      },
      "geoSpatialAlignmentCrumb" : {
        "altitudeUncertainty" : 0.52018671811994732,
        "latitude" : 42.293506812434352,
        "longitude" : -71.264302950368091,
        "GARAnchorUUID" : "3F4830BE-34AB-48AB-8975-5EC38FD03120",
        "heading" : 207.55680187730337,
        "horizontalUncertainty" : 0.75967166963717303,
        "headingUncertainty" : 1.2815490568891623,
        "geoAnchorTransform" : [
          -0.66609692573547363,
          3.3491782680528104e-09,
          -0.74586516618728638,
          0,
          5.2687774143578281e-08,
          1,
          -4.2562636082266181e-08,
          0,
          0.74586516618728638,
          -6.7648819879195798e-08,
          -0.66609692573547363,
          0,
          6.2796902656555176,
          0.43018525838851929,
          -9.1392602920532227,
          1
        ],
        "altitude" : 30.568968371488154
      },
      "wasAccepted" : true
    },
    {
      "cameraGeospatialTransform" : {
        "altitude" : 30.453387126326561,
        "heading" : 169.89951397600183,
        "longitude" : -71.264128794465734,
        "altitudeAccuracy" : 0.34326872103921924,
        "eastUpSounth" : {
          "angle" : 3.08241868019104,
          "axis" : [
            -0.70647132396697998,
            0.69158935546875,
            0.15034085512161255
          ]
        },
        "positionAccuracy" : 0.48164350867504629,
        "latitude" : 42.293657741051526,
        "orientationYawAccuracy" : 1.5326966643529256
      },
      "geoSpatialAlignmentCrumb" : {
        "altitudeUncertainty" : 0.52018671811994732,
        "GARAnchorUUID" : "3F4830BE-34AB-48AB-8975-5EC38FD03120",
        "longitude" : -71.264302950368091,
        "geoAnchorTransform" : [
          -0.66609692573547363,
          3.3491782680528104e-09,
          -0.74586516618728638,
          0,
          5.2687774143578281e-08,
          1,
          -4.2562636082266181e-08,
          0,
          0.74586516618728638,
          -6.7648819879195798e-08,
          -0.66609692573547363,
          0,
          6.2796902656555176,
          0.43018525838851929,
          -9.1392602920532227,
          1
        ],
        "altitude" : 30.568968371488154,
        "horizontalUncertainty" : 0.75967166963717303,
        "headingUncertainty" : 1.2815490568891623,
        "latitude" : 42.293506812434352,
        "heading" : 207.55680187730337
      },
      "anchorTransform" : [
        0.95189356803894043,
        7.5074302685607108e-07,
        0.30642881989479065,
        0,
        -1.7483141618868103e-06,
        1,
        2.9810055366397137e-06,
        0,
        -0.30642881989479065,
        -3.3733338113961508e-06,
        0.95189356803894043,
        0,
        -11.07420825958252,
        0.17606648802757263,
        19.050451278686523,
        1
      ],
      "wasAccepted" : true
    },
    {
      "geoSpatialAlignmentCrumb" : {
        "altitudeUncertainty" : 0.52018671811994732,
        "headingUncertainty" : 1.2815490568891623,
        "GARAnchorUUID" : "3F4830BE-34AB-48AB-8975-5EC38FD03120",
        "heading" : 207.55680187730337,
        "latitude" : 42.293506812434352,
        "longitude" : -71.264302950368091,
        "altitude" : 30.568968371488154,
        "horizontalUncertainty" : 0.75967166963717303,
        "geoAnchorTransform" : [
          -0.66609692573547363,
          3.3491782680528104e-09,
          -0.74586516618728638,
          0,
          5.2687774143578281e-08,
          1,
          -4.2562636082266181e-08,
          0,
          0.74586516618728638,
          -6.7648819879195798e-08,
          -0.66609692573547363,
          0,
          6.2796902656555176,
          0.43018525838851929,
          -9.1392602920532227,
          1
        ]
      },
      "wasAccepted" : true,
      "cameraGeospatialTransform" : {
        "eastUpSounth" : {
          "axis" : [
            -0.70865523815155029,
            0.58315730094909668,
            -0.39715918898582458
          ],
          "angle" : 2.1328287124633789
        },
        "positionAccuracy" : 0.50385190996137208,
        "longitude" : -71.264133598521596,
        "orientationYawAccuracy" : 1.4915341513000286,
        "altitudeAccuracy" : 0.36536430017577493,
        "latitude" : 42.293661460556287,
        "altitude" : 30.476264442317188,
        "heading" : 252.4908852371106
      },
      "anchorTransform" : [
        0.95112752914428711,
        7.062806162139168e-07,
        0.3087984025478363,
        0,
        -1.7212643115271931e-06,
        1,
        3.0144624361128081e-06,
        0,
        -0.3087984025478363,
        -3.3986618745984742e-06,
        0.95112752914428711,
        0,
        -11.115604400634766,
        0.18880410492420197,
        19.023136138916016,
        1
      ]
    },
    {
      "geoSpatialAlignmentCrumb" : {
        "geoAnchorTransform" : [
          -0.66609692573547363,
          3.3491782680528104e-09,
          -0.74586516618728638,
          0,
          5.2687774143578281e-08,
          1,
          -4.2562636082266181e-08,
          0,
          0.74586516618728638,
          -6.7648819879195798e-08,
          -0.66609692573547363,
          0,
          6.2796902656555176,
          0.43018525838851929,
          -9.1392602920532227,
          1
        ],
        "horizontalUncertainty" : 0.75967166963717303,
        "GARAnchorUUID" : "3F4830BE-34AB-48AB-8975-5EC38FD03120",
        "longitude" : -71.264302950368091,
        "altitudeUncertainty" : 0.52018671811994732,
        "altitude" : 30.568968371488154,
        "heading" : 207.55680187730337,
        "latitude" : 42.293506812434352,
        "headingUncertainty" : 1.2815490568891623
      },
      "wasAccepted" : true,
      "anchorTransform" : [
        0.95034801959991455,
        4.8549520670349011e-07,
        0.31118908524513245,
        0,
        -1.4019080936122919e-06,
        1,
        2.7211924589209957e-06,
        0,
        -0.31118908524513245,
        -3.0223384328564862e-06,
        0.95034801959991455,
        0,
        -11.164661407470703,
        0.19877694547176361,
        19.020936965942383,
        1
      ],
      "cameraGeospatialTransform" : {
        "eastUpSounth" : {
          "axis" : [
            -0.72502177953720093,
            0.65446895360946655,
            -0.21450816094875336
          ],
          "angle" : 2.4715566635131836
        },
        "orientationYawAccuracy" : 1.4390849614374912,
        "heading" : 224.22756047148425,
        "positionAccuracy" : 0.55630192179082638,
        "altitudeAccuracy" : 0.40910574695573637,
        "longitude" : -71.264168550773448,
        "latitude" : 42.293643776644195,
        "altitude" : 30.443580671213567
      }
    },
    {
      "anchorTransform" : [
        0.94967597723007202,
        1.3240232021871634e-07,
        0.31323406100273132,
        0,
        -8.2780707089114003e-07,
        1,
        2.0870852495136205e-06,
        0,
        -0.31323406100273132,
        -2.2413521492126165e-06,
        0.94967597723007202,
        0,
        -11.20188045501709,
        0.21190270781517029,
        18.990083694458008,
        1
      ],
      "cameraGeospatialTransform" : {
        "latitude" : 42.293611491165393,
        "positionAccuracy" : 0.65507911833829557,
        "heading" : 205.94044346506047,
        "eastUpSounth" : {
          "axis" : [
            -0.71534734964370728,
            0.6961861252784729,
            -0.060025405138731003
          ],
          "angle" : 2.6243436336517334
        },
        "altitudeAccuracy" : 0.44374860631643792,
        "orientationYawAccuracy" : 1.4977450858808177,
        "altitude" : 30.517959109507501,
        "longitude" : -71.264219300184337
      },
      "wasAccepted" : true,
      "geoSpatialAlignmentCrumb" : {
        "latitude" : 42.293506812434352,
        "altitude" : 30.568968371488154,
        "altitudeUncertainty" : 0.52018671811994732,
        "geoAnchorTransform" : [
          -0.66609692573547363,
          3.3491782680528104e-09,
          -0.74586516618728638,
          0,
          5.2687774143578281e-08,
          1,
          -4.2562636082266181e-08,
          0,
          0.74586516618728638,
          -6.7648819879195798e-08,
          -0.66609692573547363,
          0,
          6.2796902656555176,
          0.43018525838851929,
          -9.1392602920532227,
          1
        ],
        "headingUncertainty" : 1.2815490568891623,
        "GARAnchorUUID" : "3F4830BE-34AB-48AB-8975-5EC38FD03120",
        "longitude" : -71.264302950368091,
        "heading" : 207.55680187730337,
        "horizontalUncertainty" : 0.75967166963717303
      }
    },
    {
      "wasAccepted" : true,
      "anchorTransform" : [
        0.94911891222000122,
        7.9572913591618999e-08,
        0.3149179220199585,
        0,
        -6.7448974050421384e-07,
        1,
        1.7801402236727881e-06,
        0,
        -0.3149179220199585,
        -1.9019736328118597e-06,
        0.94911891222000122,
        0,
        -11.142023086547852,
        0.2181936651468277,
        18.957773208618164,
        1
      ],
      "geoSpatialAlignmentCrumb" : {
        "horizontalUncertainty" : 0.75967166963717303,
        "altitude" : 30.568968371488154,
        "longitude" : -71.264302950368091,
        "headingUncertainty" : 1.2815490568891623,
        "altitudeUncertainty" : 0.52018671811994732,
        "GARAnchorUUID" : "3F4830BE-34AB-48AB-8975-5EC38FD03120",
        "geoAnchorTransform" : [
          -0.66609692573547363,
          3.3491782680528104e-09,
          -0.74586516618728638,
          0,
          5.2687774143578281e-08,
          1,
          -4.2562636082266181e-08,
          0,
          0.74586516618728638,
          -6.7648819879195798e-08,
          -0.66609692573547363,
          0,
          6.2796902656555176,
          0.43018525838851929,
          -9.1392602920532227,
          1
        ],
        "latitude" : 42.293506812434352,
        "heading" : 207.55680187730337
      },
      "cameraGeospatialTransform" : {
        "orientationYawAccuracy" : 1.5246685681354948,
        "positionAccuracy" : 0.63581114156838525,
        "altitude" : 30.537976869381964,
        "altitudeAccuracy" : 0.42522784709643535,
        "heading" : 216.33455222917115,
        "eastUpSounth" : {
          "angle" : 2.4897818565368652,
          "axis" : [
            -0.72309619188308716,
            0.67988711595535278,
            -0.12200667709112167
          ]
        },
        "longitude" : -71.264234367816655,
        "latitude" : 42.293595315638193
      }
    },
    {
      "cameraGeospatialTransform" : {
        "orientationYawAccuracy" : 1.5065122613163984,
        "altitude" : 30.529221219941974,
        "eastUpSounth" : {
          "angle" : 2.4910745620727539,
          "axis" : [
            -0.7235681414604187,
            0.67898005247116089,
            -0.12423848360776901
          ]
        },
        "heading" : 216.44869410890951,
        "positionAccuracy" : 0.60355520938572049,
        "latitude" : 42.293594861762578,
        "altitudeAccuracy" : 0.40778380030061462,
        "longitude" : -71.26423555776249
      },
      "anchorTransform" : [
        0.94923561811447144,
        6.9674513270001626e-08,
        0.31456604599952698,
        0,
        -6.5787179437393206e-07,
        1,
        1.7637022438066197e-06,
        0,
        -0.31456604599952698,
        -1.8811131212714827e-06,
        0.94923561811447144,
        0,
        -11.077978134155273,
        0.22222445905208588,
        18.953655242919922,
        1
      ],
      "geoSpatialAlignmentCrumb" : {
        "geoAnchorTransform" : [
          -0.66609692573547363,
          3.3491782680528104e-09,
          -0.74586516618728638,
          0,
          5.2687774143578281e-08,
          1,
          -4.2562636082266181e-08,
          0,
          0.74586516618728638,
          -6.7648819879195798e-08,
          -0.66609692573547363,
          0,
          6.2796902656555176,
          0.43018525838851929,
          -9.1392602920532227,
          1
        ],
        "heading" : 207.55680187730337,
        "longitude" : -71.264302950368091,
        "GARAnchorUUID" : "3F4830BE-34AB-48AB-8975-5EC38FD03120",
        "latitude" : 42.293506812434352,
        "altitude" : 30.568968371488154,
        "altitudeUncertainty" : 0.52018671811994732,
        "horizontalUncertainty" : 0.75967166963717303,
        "headingUncertainty" : 1.2815490568891623
      },
      "wasAccepted" : true
    },
    {
      "geoSpatialAlignmentCrumb" : {
        "altitude" : 30.568968371488154,
        "GARAnchorUUID" : "3F4830BE-34AB-48AB-8975-5EC38FD03120",
        "latitude" : 42.293506812434352,
        "headingUncertainty" : 1.2815490568891623,
        "longitude" : -71.264302950368091,
        "altitudeUncertainty" : 0.52018671811994732,
        "heading" : 207.55680187730337,
        "geoAnchorTransform" : [
          -0.66609692573547363,
          3.3491782680528104e-09,
          -0.74586516618728638,
          0,
          5.2687774143578281e-08,
          1,
          -4.2562636082266181e-08,
          0,
          0.74586516618728638,
          -6.7648819879195798e-08,
          -0.66609692573547363,
          0,
          6.2796902656555176,
          0.43018525838851929,
          -9.1392602920532227,
          1
        ],
        "horizontalUncertainty" : 0.75967166963717303
      },
      "wasAccepted" : true,
      "cameraGeospatialTransform" : {
        "positionAccuracy" : 0.5749163123163854,
        "eastUpSounth" : {
          "angle" : 2.4933533668518066,
          "axis" : [
            -0.72546637058258057,
            0.67627489566802979,
            -0.12787087261676788
          ]
        },
        "latitude" : 42.293594408724218,
        "heading" : 216.61926718763613,
        "altitudeAccuracy" : 0.39248205619358822,
        "longitude" : -71.264236652480889,
        "altitude" : 30.516469484195113,
        "orientationYawAccuracy" : 1.4945084321269086
      },
      "anchorTransform" : [
        0.94933551549911499,
        6.1181353316897003e-08,
        0.31426426768302917,
        0,
        -6.4362825469288509e-07,
        1,
        1.7496032569397357e-06,
        0,
        -0.31426426768302917,
        -1.863229954324197e-06,
        0.94933551549911499,
        0,
        -11.023069381713867,
        0.22568002343177795,
        18.950092315673828,
        1
      ]
    },
    {
      "geoSpatialAlignmentCrumb" : {
        "altitude" : 30.568968371488154,
        "horizontalUncertainty" : 0.75967166963717303,
        "geoAnchorTransform" : [
          -0.66609692573547363,
          3.3491782680528104e-09,
          -0.74586516618728638,
          0,
          5.2687774143578281e-08,
          1,
          -4.2562636082266181e-08,
          0,
          0.74586516618728638,
          -6.7648819879195798e-08,
          -0.66609692573547363,
          0,
          6.2796902656555176,
          0.43018525838851929,
          -9.1392602920532227,
          1
        ],
        "latitude" : 42.293506812434352,
        "heading" : 207.55680187730337,
        "headingUncertainty" : 1.2815490568891623,
        "altitudeUncertainty" : 0.52018671811994732,
        "GARAnchorUUID" : "3F4830BE-34AB-48AB-8975-5EC38FD03120",
        "longitude" : -71.264302950368091
      },
      "anchorTransform" : [
        0.94944685697555542,
        5.1703565873140178e-08,
        0.31392773985862732,
        0,
        -6.2774989828540129e-07,
        1,
        1.7338755924356519e-06,
        0,
        -0.31392773985862732,
        -1.8432908746035537e-06,
        0.94944685697555542,
        0,
        -10.961840629577637,
        0.22953394055366516,
        18.946073532104492,
        1
      ],
      "cameraGeospatialTransform" : {
        "heading" : 215.7876190257486,
        "altitudeAccuracy" : 0.37512711763327872,
        "latitude" : 42.293593807421111,
        "eastUpSounth" : {
          "axis" : [
            -0.72966450452804565,
            0.67052841186523438,
            -0.1340944916009903
          ],
          "angle" : 2.5239033699035645
        },
        "orientationYawAccuracy" : 1.4865758642851179,
        "longitude" : -71.264238036500316,
        "altitude" : 30.498247020877898,
        "positionAccuracy" : 0.5419557285621639
      },
      "wasAccepted" : true
    },
    {
      "anchorTransform" : [
        0.94953745603561401,
        4.3978193531302168e-08,
        0.31365358829498291,
        0,
        -6.148202942313219e-07,
        1,
        1.7210603573403205e-06,
        0,
        -0.31365358829498291,
        -1.8270519603902358e-06,
        0.94953745603561401,
        0,
        -10.911969184875488,
        0.23267294466495514,
        18.942771911621094,
        1
      ],
      "geoSpatialAlignmentCrumb" : {
        "GARAnchorUUID" : "3F4830BE-34AB-48AB-8975-5EC38FD03120",
        "longitude" : -71.264302950368091,
        "heading" : 207.55680187730337,
        "headingUncertainty" : 1.2815490568891623,
        "horizontalUncertainty" : 0.75967166963717303,
        "altitudeUncertainty" : 0.52018671811994732,
        "altitude" : 30.568968371488154,
        "latitude" : 42.293506812434352,
        "geoAnchorTransform" : [
          -0.66609692573547363,
          3.3491782680528104e-09,
          -0.74586516618728638,
          0,
          5.2687774143578281e-08,
          1,
          -4.2562636082266181e-08,
          0,
          0.74586516618728638,
          -6.7648819879195798e-08,
          -0.66609692573547363,
          0,
          6.2796902656555176,
          0.43018525838851929,
          -9.1392602920532227,
          1
        ]
      },
      "wasAccepted" : true,
      "cameraGeospatialTransform" : {
        "eastUpSounth" : {
          "axis" : [
            -0.72948098182678223,
            0.67165488004684448,
            -0.12937194108963013
          ],
          "angle" : 2.5269551277160645
        },
        "longitude" : -71.264239287069429,
        "positionAccuracy" : 0.51447571172774242,
        "latitude" : 42.293593183619748,
        "altitude" : 30.489186064340174,
        "heading" : 215.29648979804711,
        "orientationYawAccuracy" : 1.4862940600545285,
        "altitudeAccuracy" : 0.36090913885319731
      }
    },
    {
      "anchorTransform" : [
        0.94962829351425171,
        3.6226385446980203e-08,
        0.31337863206863403,
        0,
        -6.018580620548164e-07,
        1,
        1.7082053318517865e-06,
        0,
        -0.31337863206863403,
        -1.8107695041180705e-06,
        0.94962829351425171,
        0,
        -10.861959457397461,
        0.23582081496715546,
        18.939432144165039,
        1
      ],
      "wasAccepted" : true,
      "cameraGeospatialTransform" : {
        "positionAccuracy" : 0.48684131054985935,
        "altitudeAccuracy" : 0.34690496001097937,
        "latitude" : 42.293592387735551,
        "altitude" : 30.493024783208966,
        "heading" : 215.35072181312214,
        "eastUpSounth" : {
          "angle" : 2.4971256256103516,
          "axis" : [
            -0.73309183120727539,
            0.6704937219619751,
            -0.11408109962940216
          ]
        },
        "orientationYawAccuracy" : 1.4950816569959708,
        "longitude" : -71.264240738495573
      },
      "geoSpatialAlignmentCrumb" : {
        "longitude" : -71.264302950368091,
        "latitude" : 42.293506812434352,
        "altitude" : 30.568968371488154,
        "heading" : 207.55680187730337,
        "headingUncertainty" : 1.2815490568891623,
        "GARAnchorUUID" : "3F4830BE-34AB-48AB-8975-5EC38FD03120",
        "geoAnchorTransform" : [
          -0.66609692573547363,
          3.3491782680528104e-09,
          -0.74586516618728638,
          0,
          5.2687774143578281e-08,
          1,
          -4.2562636082266181e-08,
          0,
          0.74586516618728638,
          -6.7648819879195798e-08,
          -0.66609692573547363,
          0,
          6.2796902656555176,
          0.43018525838851929,
          -9.1392602920532227,
          1
        ],
        "altitudeUncertainty" : 0.52018671811994732,
        "horizontalUncertainty" : 0.75967166963717303
      }
    },
    {
      "anchorTransform" : [
        0.94972360134124756,
        2.7585926432038832e-08,
        0.31308966875076294,
        0,
        -5.8653358792071231e-07,
        1,
        1.6910773865674855e-06,
        0,
        -0.31308966875076294,
        -1.7896936697070487e-06,
        0.94972360134124756,
        0,
        -10.810872077941895,
        0.23885267972946167,
        18.935907363891602,
        1
      ],
      "geoSpatialAlignmentCrumb" : {
        "heading" : 207.55680187730337,
        "horizontalUncertainty" : 0.75967166963717303,
        "latitude" : 42.293506812434352,
        "GARAnchorUUID" : "3F4830BE-34AB-48AB-8975-5EC38FD03120",
        "geoAnchorTransform" : [
          -0.66609692573547363,
          3.3491782680528104e-09,
          -0.74586516618728638,
          0,
          5.2687774143578281e-08,
          1,
          -4.2562636082266181e-08,
          0,
          0.74586516618728638,
          -6.7648819879195798e-08,
          -0.66609692573547363,
          0,
          6.2796902656555176,
          0.43018525838851929,
          -9.1392602920532227,
          1
        ],
        "altitude" : 30.568968371488154,
        "headingUncertainty" : 1.2815490568891623,
        "altitudeUncertainty" : 0.52018671811994732,
        "longitude" : -71.264302950368091
      },
      "cameraGeospatialTransform" : {
        "altitudeAccuracy" : 0.33272818652627745,
        "heading" : 215.51503037595577,
        "latitude" : 42.293591371690688,
        "positionAccuracy" : 0.45841690863048734,
        "orientationYawAccuracy" : 1.5092832132967262,
        "longitude" : -71.26424234562036,
        "altitude" : 30.51696461904794,
        "eastUpSounth" : {
          "angle" : 2.5015711784362793,
          "axis" : [
            -0.73154431581497192,
            0.67141163349151611,
            -0.11853047460317612
          ]
        }
      },
      "wasAccepted" : true
    },
    {
      "anchorTransform" : [
        0.94983810186386108,
        1.3422754463476849e-08,
        0.31274208426475525,
        0,
        -5.5431945611417177e-07,
        1,
        1.6406202121288516e-06,
        0,
        -0.31274208426475525,
        -1.731682573336002e-06,
        0.94983810186386108,
        0,
        -10.759482383728027,
        0.2400766909122467,
        18.931478500366211,
        1
      ],
      "geoSpatialAlignmentCrumb" : {
        "longitude" : -71.264302950368091,
        "altitudeUncertainty" : 0.52018671811994732,
        "latitude" : 42.293506812434352,
        "GARAnchorUUID" : "3F4830BE-34AB-48AB-8975-5EC38FD03120",
        "altitude" : 30.568968371488154,
        "heading" : 207.55680187730337,
        "horizontalUncertainty" : 0.75967166963717303,
        "headingUncertainty" : 1.2815490568891623,
        "geoAnchorTransform" : [
          -0.66609692573547363,
          3.3491782680528104e-09,
          -0.74586516618728638,
          0,
          5.2687774143578281e-08,
          1,
          -4.2562636082266181e-08,
          0,
          0.74586516618728638,
          -6.7648819879195798e-08,
          -0.66609692573547363,
          0,
          6.2796902656555176,
          0.43018525838851929,
          -9.1392602920532227,
          1
        ]
      },
      "cameraGeospatialTransform" : {
        "altitude" : 30.525587589479983,
        "orientationYawAccuracy" : 1.4789252664811623,
        "heading" : 214.67162918879134,
        "longitude" : -71.264244292394665,
        "altitudeAccuracy" : 0.31463890347160939,
        "latitude" : 42.293589619948222,
        "eastUpSounth" : {
          "axis" : [
            -0.72123366594314575,
            0.68353843688964844,
            -0.11223727464675903
          ],
          "angle" : 2.5117809772491455
        },
        "positionAccuracy" : 0.42403054887656927
      },
      "wasAccepted" : true
    },
    {
      "anchorTransform" : [
        0.9499737024307251,
        -7.6450906716374334e-10,
        0.31232994794845581,
        0,
        -5.1635589670695481e-07,
        1,
        1.5729807500974857e-06,
        0,
        -0.31232994794845581,
        -1.6555637785131694e-06,
        0.9499737024307251,
        0,
        -10.709049224853516,
        0.2405627965927124,
        18.927431106567383,
        1
      ],
      "wasAccepted" : true,
      "geoSpatialAlignmentCrumb" : {
        "geoAnchorTransform" : [
          -0.66609692573547363,
          3.3491782680528104e-09,
          -0.74586516618728638,
          0,
          5.2687774143578281e-08,
          1,
          -4.2562636082266181e-08,
          0,
          0.74586516618728638,
          -6.7648819879195798e-08,
          -0.66609692573547363,
          0,
          6.2796902656555176,
          0.43018525838851929,
          -9.1392602920532227,
          1
        ],
        "headingUncertainty" : 1.2815490568891623,
        "altitudeUncertainty" : 0.52018671811994732,
        "latitude" : 42.293506812434352,
        "longitude" : -71.264302950368091,
        "horizontalUncertainty" : 0.75967166963717303,
        "altitude" : 30.568968371488154,
        "heading" : 207.55680187730337,
        "GARAnchorUUID" : "3F4830BE-34AB-48AB-8975-5EC38FD03120"
      },
      "cameraGeospatialTransform" : {
        "latitude" : 42.293584876364527,
        "eastUpSounth" : {
          "axis" : [
            -0.73337996006011963,
            0.67598956823348999,
            -0.07205422967672348
          ],
          "angle" : 2.5397708415985107
        },
        "heading" : 210.30822757256732,
        "orientationYawAccuracy" : 1.5471035235856938,
        "positionAccuracy" : 0.40913493383543259,
        "altitudeAccuracy" : 0.30657129526237242,
        "altitude" : 30.522300173528492,
        "longitude" : -71.264248270274436
      }
    },
    {
      "wasAccepted" : true,
      "cameraGeospatialTransform" : {
        "positionAccuracy" : 0.42807427654051283,
        "altitude" : 30.541545750573277,
        "heading" : 207.10009340987884,
        "longitude" : -71.264256511028506,
        "altitudeAccuracy" : 0.31935122098183155,
        "orientationYawAccuracy" : 1.5129893528215328,
        "eastUpSounth" : {
          "angle" : 2.6638445854187012,
          "axis" : [
            -0.71679896116256714,
            0.69060879945755005,
            -0.096221581101417542
          ]
        },
        "latitude" : 42.293574788641564
      },
      "anchorTransform" : [
        0.94852495193481445,
        -1.1888532824855247e-08,
        0.31670236587524414,
        0,
        -4.502271906403621e-07,
        1,
        1.3859707905794494e-06,
        0,
        -0.31670236587524414,
        -1.457215944355994e-06,
        0.94852495193481445,
        0,
        -10.757246017456055,
        0.24175135791301727,
        18.913911819458008,
        1
      ],
      "geoSpatialAlignmentCrumb" : {
        "horizontalUncertainty" : 0.75967166963717303,
        "geoAnchorTransform" : [
          -0.66609692573547363,
          3.3491782680528104e-09,
          -0.74586516618728638,
          0,
          5.2687774143578281e-08,
          1,
          -4.2562636082266181e-08,
          0,
          0.74586516618728638,
          -6.7648819879195798e-08,
          -0.66609692573547363,
          0,
          6.2796902656555176,
          0.43018525838851929,
          -9.1392602920532227,
          1
        ],
        "altitudeUncertainty" : 0.52018671811994732,
        "GARAnchorUUID" : "3F4830BE-34AB-48AB-8975-5EC38FD03120",
        "latitude" : 42.293506812434352,
        "altitude" : 30.568968371488154,
        "headingUncertainty" : 1.2815490568891623,
        "longitude" : -71.264302950368091,
        "heading" : 207.55680187730337
      }
    },
    {
      "cameraGeospatialTransform" : {
        "altitudeAccuracy" : 0.33327259438580098,
        "orientationYawAccuracy" : 1.4549111123944192,
        "heading" : 202.82093742100179,
        "latitude" : 42.293558895076593,
        "longitude" : -71.264271557469556,
        "positionAccuracy" : 0.4667768236225272,
        "altitude" : 30.546001019887626,
        "eastUpSounth" : {
          "angle" : 2.7107772827148438,
          "axis" : [
            -0.73138022422790527,
            0.67855775356292725,
            -0.068134568631649017
          ]
        }
      },
      "anchorTransform" : [
        0.94735777378082275,
        -4.7050029650108627e-08,
        0.32017692923545837,
        0,
        -3.061017537220323e-07,
        1,
        1.0526614460104611e-06,
        0,
        -0.32017692923545837,
        -1.0952537650155136e-06,
        0.94735777378082275,
        0,
        -10.804601669311523,
        0.24489501118659973,
        18.897417068481445,
        1
      ],
      "geoSpatialAlignmentCrumb" : {
        "latitude" : 42.293506812434352,
        "heading" : 207.55680187730337,
        "GARAnchorUUID" : "3F4830BE-34AB-48AB-8975-5EC38FD03120",
        "geoAnchorTransform" : [
          -0.66609692573547363,
          3.3491782680528104e-09,
          -0.74586516618728638,
          0,
          5.2687774143578281e-08,
          1,
          -4.2562636082266181e-08,
          0,
          0.74586516618728638,
          -6.7648819879195798e-08,
          -0.66609692573547363,
          0,
          6.2796902656555176,
          0.43018525838851929,
          -9.1392602920532227,
          1
        ],
        "longitude" : -71.264302950368091,
        "horizontalUncertainty" : 0.75967166963717303,
        "altitude" : 30.568968371488154,
        "headingUncertainty" : 1.2815490568891623,
        "altitudeUncertainty" : 0.52018671811994732
      },
      "wasAccepted" : true
    },
    {
      "cameraGeospatialTransform" : {
        "latitude" : 42.293515642405772,
        "longitude" : -71.26430281055309,
        "altitudeAccuracy" : 0.36437296282503029,
        "altitude" : 30.529284238815308,
        "orientationYawAccuracy" : 1.4016826063173038,
        "positionAccuracy" : 0.52283270500795098,
        "eastUpSounth" : {
          "axis" : [
            -0.73201346397399902,
            0.68122917413711548,
            0.0091142188757658005
          ],
          "angle" : 2.6833205223083496
        },
        "heading" : 197.90188109755988
      },
      "wasAccepted" : true,
      "geoSpatialAlignmentCrumb" : {
        "headingUncertainty" : 1.2815490568891623,
        "longitude" : -71.264302950368091,
        "GARAnchorUUID" : "3F4830BE-34AB-48AB-8975-5EC38FD03120",
        "latitude" : 42.293506812434352,
        "altitude" : 30.568968371488154,
        "altitudeUncertainty" : 0.52018671811994732,
        "geoAnchorTransform" : [
          -0.66609692573547363,
          3.3491782680528104e-09,
          -0.74586516618728638,
          0,
          5.2687774143578281e-08,
          1,
          -4.2562636082266181e-08,
          0,
          0.74586516618728638,
          -6.7648819879195798e-08,
          -0.66609692573547363,
          0,
          6.2796902656555176,
          0.43018525838851929,
          -9.1392602920532227,
          1
        ],
        "horizontalUncertainty" : 0.75967166963717303,
        "heading" : 207.55680187730337
      },
      "anchorTransform" : [
        0.94678282737731934,
        -7.1854501015877759e-08,
        0.3218730092048645,
        0,
        -9.8764161293729558e-09,
        1,
        2.5228993649761833e-07,
        0,
        -0.3218730092048645,
        -2.4204274495787104e-07,
        0.94678282737731934,
        0,
        -10.804719924926758,
        0.27346274256706238,
        18.855918884277344,
        1
      ]
    },
    {
      "geoSpatialAlignmentCrumb" : {
        "altitude" : 30.568968371488154,
        "geoAnchorTransform" : [
          -0.66609692573547363,
          3.3491782680528104e-09,
          -0.74586516618728638,
          0,
          5.2687774143578281e-08,
          1,
          -4.2562636082266181e-08,
          0,
          0.74586516618728638,
          -6.7648819879195798e-08,
          -0.66609692573547363,
          0,
          6.2796902656555176,
          0.43018525838851929,
          -9.1392602920532227,
          1
        ],
        "heading" : 207.55680187730337,
        "altitudeUncertainty" : 0.52018671811994732,
        "longitude" : -71.264302950368091,
        "horizontalUncertainty" : 0.75967166963717303,
        "headingUncertainty" : 1.2815490568891623,
        "GARAnchorUUID" : "3F4830BE-34AB-48AB-8975-5EC38FD03120",
        "latitude" : 42.293506812434352
      },
      "anchorTransform" : [
        0.94673854112625122,
        -7.2165612152730318e-08,
        0.32200333476066589,
        0,
        6.4453438142209052e-09,
        1,
        2.0516419851901446e-07,
        0,
        -0.32200333476066589,
        -1.9216143698486121e-07,
        0.94673854112625122,
        0,
        -10.783616065979004,
        0.30328595638275146,
        18.81648063659668,
        1
      ],
      "cameraGeospatialTransform" : {
        "positionAccuracy" : 0.46783058363501701,
        "altitudeAccuracy" : 0.32581908186465436,
        "heading" : 196.26528717447201,
        "latitude" : 42.293513447651428,
        "longitude" : -71.264304450938468,
        "eastUpSounth" : {
          "angle" : 2.7119119167327881,
          "axis" : [
            -0.73794454336166382,
            0.67471712827682495,
            0.01394781656563282
          ]
        },
        "altitude" : 30.497059119865298,
        "orientationYawAccuracy" : 1.3523460689066942
      },
      "wasAccepted" : true
    },
    {
      "wasAccepted" : true,
      "anchorTransform" : [
        0.94670897722244263,
        -7.2968042275078915e-08,
        0.32209014892578125,
        0,
        3.094601197517477e-08,
        1,
        1.3558680223013653e-07,
        0,
        -0.32209014892578125,
        -1.1839384228551353e-07,
        0.94670897722244263,
        0,
        -10.763794898986816,
        0.33061426877975464,
        18.779596328735352,
