{
  "keypointData" : [
    [
      -1.7881553173065186,
      0.36819320917129517,
      -2.4187817573547363,
      1.876618504524231
    ],
    [
      8.5311489105224609,
      0.43351241946220398,
      -11.177684783935547,
      1.7443751096725464
    ],
    [
      12.554247856140137,
      0.42784890532493591,
      -15.21683406829834,
      1.6923621892929077
    ],
    [
      15.117679595947266,
      0.39703303575515747,
      -18.798454284667969,
      1.7742583751678467
    ],
    [
      17.049449920654297,
      0.39222085475921631,
      -22.091156005859375,
      1.6933380365371704
    ],
    [
      19.974214553833008,
      0.36922714114189148,
      -29.145755767822266,
      1.5123746395111084
    ],
    [
      20.441917419433594,
      0.39896893501281738,
      -33.133743286132812,
      1.542503833770752
    ],
    [
      19.940227508544922,
      0.42142307758331299,
      -35.674003601074219,
      1.529880166053772
    ]
  ],
  "userId" : "izmWIWH4BLOq1kCq6MS0qt5Atti2",
  "isVoiceOverOn" : false,
  "cloudAnchorsForAlignment" : [
    {
      "anchorIdentifier" : "AB651C29-5BD4-4CE2-9B50-1810ED6A6246",
      "anchorTransform" : [
        0.65587788820266724,
        1.1352545570275652e-08,
        0.75486695766448975,
        0,
        -8.6682829802953165e-09,
        1,
        -7.50756079526127e-09,
        0,
        -0.75486695766448975,
        -1.6193570928635381e-09,
        0.65587788820266724,
        0,
        -2.0979404449462891,
        0.43843865394592285,
        -2.2149736881256104,
        1
      ],
      "cloudAnchorID" : "ua-0682f4c2dd3873125cd30015404fe737"
    },
    {
      "anchorIdentifier" : "9B501021-0A56-485A-B8D1-BF255AC68F49",
      "cloudAnchorID" : "ua-cd37d47fce2d48d841be99b6f88237e7",
      "anchorTransform" : [
        -0.82206553220748901,
        1.4413439330951405e-09,
        -0.5693928599357605,
        0,
        4.8214261028078909e-08,
        1,
        -6.7078353538363444e-08,
        0,
        0.5693928599357605,
        -8.2595661865525472e-08,
        -0.82206553220748901,
        0,
        13.843692779541016,
        0.3935120701789856,
        -16.967723846435547,
        1
      ]
    },
    {
      "anchorTransform" : [
        -0.78155326843261719,
        -1.4765799694060888e-10,
        -0.62383848428726196,
        0,
        -4.9184101236221522e-10,
        1,
        3.7949235420775551e-10,
        0,
        0.62383848428726196,
        6.0342286722914196e-10,
        -0.78155326843261719,
        0,
        -1.7924808263778687,
        0.36870762705802917,
        -2.414783239364624,
        1
      ],
      "cloudAnchorID" : "ua-26adff2fbc6e0b3974419146f44af3b0",
      "anchorIdentifier" : "C5FA2B74-6CA5-411B-B141-CCD36ED1FDA9"
    }
  ],
  "trackingErrorTime" : [
    9.8183519840240479
  ],
  "stateSequence" : [
    "mainScreen(announceArrival=false)",
    "startingResumeProcedure(route=D5DC905F-9634-4A20-AC56-A180944EF927, mapexists=false, navigateStartToEnd=true)",
    "navigatingRoute",
    "endScreen"
  ],
  "garAnchorTimestamps" : [
    365849.49701712502,
    365850.51339154103,
    365851.51310400001,
    365852.52947783301,
    365853.52919033298,
    365854.528903,
    365855.52861454099,
    365856.52832729102,
    365857.528039083,
    365858.54441249999,
    365859.54412483302,
    365860.543835958,
    365861.54354791599,
    365862.54325970798,
    365863.54297133302,
    365864.55934470799,
    365865.55905237503,
    365866.55876754102,
    365867.57514074998,
    365868.54152833298,
    365869.59122524998,
    365870.590935833,
    365871.59064758301,
    365872.59035833302,
    365873.64005516598,
    365874.63976599998,
    365875.63947666599,
    365876.60586358298,
    365877.63889762497,
    365878.67192941601,
    365879.67164208298,
    365880.67135258298,
    365881.70438658301,
    365882.70409662498,
    365883.72046854103,
    365884.73684041598,
    365885.75321250001,
    365886.75292250002,
    365887.75263258303,
    365888.70235724997,
    365889.752052625,
    365890.751761958,
    365891.76813458302,
    365892.73452066601,
    365893.78421604098
  ],
  "PathType" : "notrated",
  "settingsHistory" : [
    {
      "defaultUnit" : 0,
      "relativeTimeStamp" : 0.57045698165893555,
      "timerLength" : 5,
      "adjustOffset" : false,
      "disableARWorldMap" : true,
      "soundFeedback" : true,
      "sendLogs" : true,
      "hapticFeedback" : true,
      "defaultColor" : 0,
      "filterGeoSpatial" : true,
      "voiceFeedback" : true,
      "visualizeCloudAnchors" : false,
      "localizationThreshold" : 0
    },
    {
      "disableARWorldMap" : true,
      "sendLogs" : true,
      "relativeTimeStamp" : 7.0867949724197388,
      "localizationThreshold" : 0,
      "filterGeoSpatial" : true,
      "soundFeedback" : true,
      "voiceFeedback" : true,
      "timerLength" : 5,
      "visualizeCloudAnchors" : false,
      "hapticFeedback" : true,
      "adjustOffset" : false,
      "defaultColor" : 0,
      "defaultUnit" : 0
    },
    {
      "soundFeedback" : true,
      "hapticFeedback" : true,
      "timerLength" : 5,
      "defaultUnit" : 0,
      "voiceFeedback" : true,
      "defaultColor" : 0,
      "adjustOffset" : false,
      "localizationThreshold" : 0,
      "disableARWorldMap" : true,
      "sendLogs" : true,
      "visualizeCloudAnchors" : false,
      "filterGeoSpatial" : true,
      "relativeTimeStamp" : 67.653913974761963
    }
  ],
  "hasMap" : false,
  "trackingErrorPhase" : [
    false
  ],
  "garAnchorCameraWorldTransformsAndGeoSpatialData" : [
    {
      "cameraWorldTransform" : [
        0.019303634762763977,
        -0.96294218301773071,
        -0.26901599764823914,
        0,
        -0.99802207946777344,
        -0.002458290895447135,
        -0.062815010547637939,
        0,
        0.059825919568538666,
        0.26969650387763977,
        -0.96108514070510864,
        0,
        0.057160809636116028,
        0.019796095788478851,
        0.03162219375371933,
        1
      ],
      "geospatialTransform" : {
        "positionAccuracy" : 0.38209068289157916,
        "longitude" : -71.264130884784976,
        "altitudeAccuracy" : 0.26483436766767526,
        "orientationYawAccuracy" : 1.8905633278738601,
        "heading" : 193.73711530805801,
        "latitude" : 42.293658478978223,
        "altitude" : 30.420178106054664,
        "eastUpSounth" : {
          "axis" : [
            -0.71903198957443237,
            0.69486206769943237,
            0.012634121812880039
          ],
          "angle" : 2.7776927947998047
        }
      }
    },
    {
      "geospatialTransform" : {
        "longitude" : -71.264126141031468,
        "positionAccuracy" : 0.42861986954299447,
        "latitude" : 42.293657582358037,
        "eastUpSounth" : {
          "axis" : [
            -0.66910839080810547,
            0.65990418195724487,
            0.34179025888442993
          ],
          "angle" : 3.5583076477050781
        },
        "altitudeAccuracy" : 0.29469854136327278,
        "orientationYawAccuracy" : 2.0796783682478264,
        "altitude" : 30.436775949783623,
        "heading" : 134.47014016199805
      },
      "cameraWorldTransform" : [
        -0.082859531044960022,
        -0.98404741287231445,
        -0.15743209421634674,
        0,
        -0.57097393274307251,
        -0.082597941160202026,
        0.81680244207382202,
        0,
        -0.81677603721618652,
        0.15756948292255402,
        -0.55502146482467651,
        0,
        0.46824648976325989,
        0.035058777779340744,
        0.060632336884737015,
        0.99999994039535522
      ]
    },
    {
      "cameraWorldTransform" : [
        0.12628309428691864,
        -0.96655213832855225,
        -0.22322539985179901,
        0,
        -0.92780190706253052,
        -0.035448763519525528,
        -0.37138524651527405,
        0,
        0.35105013847351074,
        0.25400865077972412,
        -0.90124553442001343,
        0,
        0.058022975921630859,
        0.027928844094276428,
        0.051180344074964523,
        1
      ],
      "geospatialTransform" : {
        "orientationYawAccuracy" : 1.7343132815958837,
        "latitude" : 42.29365841012708,
        "altitude" : 30.423952772282064,
        "heading" : 211.49284485830125,
        "longitude" : -71.264131061914853,
        "altitudeAccuracy" : 0.30093791350756288,
        "eastUpSounth" : {
          "axis" : [
            -0.73974692821502686,
            0.66371548175811768,
            -0.11070850491523743
          ],
          "angle" : 2.5814909934997559
        },
        "positionAccuracy" : 0.43092828331535626
      }
    },
    {
      "geospatialTransform" : {
        "heading" : 239.10429594144009,
        "latitude" : 42.293659875500829,
        "altitude" : 30.440973546355963,
        "longitude" : -71.264132693945555,
        "altitudeAccuracy" : 0.31582497979649521,
        "eastUpSounth" : {
          "axis" : [
            -0.73431086540222168,
            0.61394977569580078,
            -0.28957372903823853
          ],
          "angle" : 2.2516086101531982
        },
        "positionAccuracy" : 0.45215193917854424,
        "orientationYawAccuracy" : 1.5775204227803508
      },
      "cameraWorldTransform" : [
        0.22164151072502136,
        -0.96051323413848877,
        -0.16819456219673157,
        0,
        -0.65074962377548218,
        -0.01723782904446125,
        -0.75909674167633057,
        0,
        0.7262231707572937,
        0.27769988775253296,
        -0.62887418270111084,
        0,
        -0.098716810345649719,
        0.045960314571857452,
        -0.080210134387016296,
        1
      ]
    },
    {
      "cameraWorldTransform" : [
        0.057252898812294006,
        -0.96247017383575439,
        -0.26527947187423706,
        0,
        -0.99825668334960938,
        -0.051373165100812912,
        -0.029056064784526825,
        0,
        0.014337341301143169,
        0.26648062467575073,
        -0.96373361349105835,
        0,
        0.11928465217351913,
        0.057071097195148468,
        0.09280693531036377,
        0.99999988079071045
      ],
      "geospatialTransform" : {
        "orientationYawAccuracy" : 1.6285353098599025,
        "positionAccuracy" : 0.47343430559571925,
        "altitudeAccuracy" : 0.33649735329195435,
        "longitude" : -71.264130387696525,
        "eastUpSounth" : {
          "axis" : [
            -0.73366105556488037,
            0.67901736497879028,
            0.026021303609013557
          ],
          "angle" : 2.8150231838226318
        },
        "altitude" : 30.453564763069153,
        "latitude" : 42.293658017330046,
        "heading" : 190.96999679356705
      }
    },
    {
      "cameraWorldTransform" : [
        0.16041156649589539,
        -0.96971756219863892,
        -0.18416298925876617,
        0,
        -0.79752844572067261,
        -0.017403958365321159,
        -0.60303032398223877,
        0,
        0.58156400918960571,
        0.2436082661151886,
        -0.7761690616607666,
        0,
        -0.074845895171165466,
        0.079086951911449432,
        -0.067008398473262787,
        1
      ],
      "geospatialTransform" : {
        "longitude" : -71.264132412445989,
        "orientationYawAccuracy" : 1.5245890274934171,
        "heading" : 226.57442112136621,
        "altitude" : 30.467312604188919,
        "positionAccuracy" : 0.48869715407146452,
        "altitudeAccuracy" : 0.35523183603211705,
        "latitude" : 42.293659733981471,
        "eastUpSounth" : {
          "axis" : [
            -0.73219728469848633,
            0.64672958850860596,
            -0.21360678970813751
          ],
          "angle" : 2.4121139049530029
        }
      }
    },
    {
      "geospatialTransform" : {
        "heading" : 242.14938672223778,
        "altitudeAccuracy" : 0.36886895450396318,
        "orientationYawAccuracy" : 1.4729444939049807,
        "eastUpSounth" : {
          "angle" : 2.234652042388916,
          "axis" : [
            -0.72722625732421875,
            0.60755330324172974,
            -0.31940710544586182
          ]
        },
        "altitude" : 30.466393266804516,
        "latitude" : 42.293660891598215,
        "longitude" : -71.264133921871149,
        "positionAccuracy" : 0.50658067584905142
      },
      "cameraWorldTransform" : [
        0.21661078929901123,
        -0.96646064519882202,
        -0.13796201348304749,
        0,
        -0.60379111766815186,
        -0.021576231345534325,
        -0.79685056209564209,
        0,
        0.76714801788330078,
        0.25590667128562927,
        -0.58821403980255127,
        0,
        -0.21451517939567566,
        0.088623560965061188,
        -0.17021870613098145,
        0.99999994039535522
      ]
    },
    {
      "cameraWorldTransform" : [
        0.1634853184223175,
        -0.9643586277961731,
        -0.20805087685585022,
        0,
        -0.74806320667266846,
        0.016310563310980797,
        -0.66342717409133911,
        0,
        0.64317512512207031,
        0.26409575343132019,
        -0.71873468160629272,
        0,
        -0.7009698748588562,
        0.051016680896282196,
        0.33101963996887207,
        1
      ],
      "geospatialTransform" : {
        "altitude" : 30.428783887065947,
        "heading" : 231.28609924086084,
        "eastUpSounth" : {
          "angle" : 2.3357462882995605,
          "axis" : [
            -0.72502100467681885,
            0.64804941415786743,
            -0.23318728804588318
          ]
        },
        "orientationYawAccuracy" : 1.5681768803063751,
        "positionAccuracy" : 0.5284562004420289,
        "latitude" : 42.293657260020161,
        "longitude" : -71.264140733693466,
        "altitudeAccuracy" : 0.38156540252070514
      }
    },
    {
      "geospatialTransform" : {
        "orientationYawAccuracy" : 1.5177472905482463,
        "heading" : 229.4019999489274,
        "latitude" : 42.293651281251776,
        "eastUpSounth" : {
          "angle" : 2.3656456470489502,
          "axis" : [
            -0.7071947455406189,
            0.67077147960662842,
            -0.22347508370876312
          ]
        },
        "altitude" : 30.479797328822315,
        "longitude" : -71.26415316525808,
        "altitudeAccuracy" : 0.3957360504016576,
        "positionAccuracy" : 0.54775666242996779
      },
      "cameraWorldTransform" : [
        0.10774612426757812,
        -0.97034949064254761,
        -0.21636244654655457,
        0,
        -0.77225238084793091,
        0.055370025336742401,
        -0.63289850950241089,
        0,
        0.62611275911331177,
        0.23527878522872925,
        -0.743388831615448,
        0,
        -1.6031785011291504,
        0.10761380940675735,
        1.1613448858261108,
        1
      ]
    },
    {
      "cameraWorldTransform" : [
        0.12800031900405884,
        -0.96493488550186157,
        -0.22916489839553833,
        0,
        -0.8230586051940918,
        0.025568526238203049,
        -0.56738066673278809,
        0,
        0.55334478616714478,
        0.26124104857444763,
        -0.79092520475387573,
        0,
        -2.5900530815124512,
        0.0625348761677742,
        2.0767598152160645,
        0.99999994039535522
      ],
      "geospatialTransform" : {
        "eastUpSounth" : {
          "axis" : [
            -0.72260892391204834,
            0.66600573062896729,
            -0.18512852489948273
          ],
          "angle" : 2.4152965545654297
        },
        "positionAccuracy" : 0.56018066385829768,
        "orientationYawAccuracy" : 1.465490729778048,
        "longitude" : -71.264166731145309,
        "altitudeAccuracy" : 0.40993519558192887,
        "altitude" : 30.43220875877887,
        "heading" : 224.30131706996661,
        "latitude" : 42.293644647762832
      }
    },
    {
      "geospatialTransform" : {
        "eastUpSounth" : {
          "axis" : [
            -0.70848536491394043,
            0.6711915135383606,
            -0.21806062757968903
          ],
          "angle" : 2.4209854602813721
        },
        "positionAccuracy" : 0.58570109324750397,
        "altitude" : 30.352449669502676,
        "longitude" : -71.264180056568534,
        "heading" : 226.68691259906424,
        "latitude" : 42.293637668853869,
        "altitudeAccuracy" : 0.42677666003669062,
        "orientationYawAccuracy" : 1.5193871044259539
      },
      "cameraWorldTransform" : [
        0.097164221107959747,
        -0.97748726606369019,
        -0.18729028105735779,
        0,
        -0.79875564575195312,
        0.035678703337907791,
        -0.6005968451499939,
        0,
        0.59375804662704468,
        0.20795567333698273,
        -0.77730679512023926,
        0,
        -3.5473120212554932,
        -0.015846818685531616,
        3.0263063907623291,
        0.99999994039535522
      ]
    },
    {
      "geospatialTransform" : {
        "eastUpSounth" : {
          "angle" : 2.4078173637390137,
          "axis" : [
            -0.70214134454727173,
            0.67626863718032837,
            -0.2228412926197052
          ]
        },
        "longitude" : -71.264194284756215,
        "heading" : 227.64146276067351,
        "altitudeAccuracy" : 0.43023189514361981,
        "positionAccuracy" : 0.61162894577841498,
        "orientationYawAccuracy" : 1.455066239391881,
        "altitude" : 30.499491013586521,
        "latitude" : 42.293629732058363
      },
      "cameraWorldTransform" : [
        0.08483375608921051,
        -0.97747892141342163,
        -0.19323110580444336,
        0,
        -0.78935205936431885,
        0.052416115999221802,
        -0.61169940233230591,
        0,
        0.60805165767669678,
        0.20442011952400208,
        -0.76712828874588013,
        0,
        -4.5611257553100586,
        0.12671297788619995,
        4.0814309120178223,
        1
      ]
    },
    {
      "geospatialTransform" : {
        "altitudeAccuracy" : 0.43331866892612486,
        "eastUpSounth" : {
          "axis" : [
            -0.72973299026489258,
            0.66644299030303955,
            -0.15278588235378265
          ],
          "angle" : 2.431002140045166
        },
        "heading" : 221.1229020095073,
        "latitude" : 42.293621985161664,
        "positionAccuracy" : 0.62522453363837061,
        "orientationYawAccuracy" : 1.3995577320023012,
        "longitude" : -71.264207501591855,
        "altitude" : 30.535499827004969
      },
      "cameraWorldTransform" : [
        0.13673906028270721,
        -0.95562702417373657,
        -0.26092007756233215,
        0,
        -0.85219603776931763,
        0.020806031301617622,
        -0.5228087306022644,
        0,
        0.50503891706466675,
        0.29384344816207886,
        -0.81153666973114014,
        0,
        -5.5035300254821777,
        0.1691376119852066,
        5.0981049537658691,
        0.99999994039535522
      ]
    },
    {
      "geospatialTransform" : {
        "latitude" : 42.293612868330619,
        "heading" : 208.99230789540493,
        "positionAccuracy" : 0.65036109605574743,
        "orientationYawAccuracy" : 1.4795746254758191,
        "altitudeAccuracy" : 0.44201152405992566,
        "eastUpSounth" : {
          "axis" : [
            -0.73142391443252563,
            0.67805051803588867,
            -0.072569891810417175
          ],
          "angle" : 2.5721125602722168
        },
        "altitude" : 30.537145506590605,
        "longitude" : -71.264218332516904
      },
      "cameraWorldTransform" : [
        0.098554171621799469,
        -0.95375686883926392,
        -0.28396284580230713,
        0,
        -0.94182586669921875,
        0.0027429843321442604,
        -0.33608978986740112,
        0,
        0.32132688164710999,
        0.30056658387184143,
        -0.89800262451171875,
        0,
        -6.2180881500244141,
        0.17989605665206909,
        6.2365951538085938,
        0.99999988079071045
      ]
    },
    {
      "geospatialTransform" : {
        "heading" : 210.99890492674737,
        "eastUpSounth" : {
          "axis" : [
            -0.72819536924362183,
            0.68147832155227661,
            -0.072929069399833679
          ],
          "angle" : 2.5257465839385986
        },
        "altitude" : 30.520755371078849,
        "longitude" : -71.264227422631095,
        "altitudeAccuracy" : 0.44308352697116771,
        "positionAccuracy" : 0.66374045461615583,
        "latitude" : 42.293602364930273,
        "orientationYawAccuracy" : 1.4860735401289011
      },
      "cameraWorldTransform" : [
        0.097934208810329437,
        -0.94459503889083862,
        -0.31328776478767395,
        0,
        -0.93002849817276001,
        0.025172010064125061,
        -0.36662447452545166,
        0,
        0.35419771075248718,
        0.32727158069610596,
        -0.87603503465652466,
        0,
        -6.7862768173217773,
        0.16024443507194519,
        7.4987916946411133,
        1
      ]
    },
    {
      "geospatialTransform" : {
        "orientationYawAccuracy" : 1.4976770473402523,
        "latitude" : 42.293592237235892,
        "positionAccuracy" : 0.48220237793724574,
        "altitudeAccuracy" : 0.34458788417391772,
        "longitude" : -71.264241004161846,
        "heading" : 215.35869932463888,
        "altitude" : 30.495849193073809,
        "eastUpSounth" : {
          "axis" : [
            -0.7342260479927063,
            0.66940665245056152,
            -0.11316704750061035
          ],
          "angle" : 2.4951128959655762
        }
      },
      "cameraWorldTransform" : [
        0.12800601124763489,
        -0.95300590991973877,
        -0.27457982301712036,
        0,
        -0.89881706237792969,
        0.0055522061884403229,
        -0.43828883767127991,
        0,
        0.41921639442443848,
        0.30290064215660095,
        -0.85586726665496826,
        0,
        -7.3448576927185059,
        0.16324369609355927,
        8.7492713928222656,
        0.99999988079071045
      ]
    },
    {
      "cameraWorldTransform" : [
        0.10480379313230515,
        -0.9664299488067627,
        -0.23458336293697357,
        0,
        -0.94076329469680786,
        -0.019860032945871353,
        -0.33848193287849426,
        0,
        0.32246026396751404,
        0.25616160035133362,
        -0.91126328706741333,
        0,
        -7.8045644760131836,
        0.16769701242446899,
        9.947667121887207,
        1
      ],
      "geospatialTransform" : {
        "eastUpSounth" : {
          "axis" : [
            -0.73397868871688843,
            0.67300283908843994,
            -0.091337323188781738
          ],
          "angle" : 2.6072804927825928
        },
        "heading" : 208.94615578975555,
        "latitude" : 42.293582335589775,
        "altitudeAccuracy" : 0.30532512112564525,
        "orientationYawAccuracy" : 1.5589916608585686,
        "longitude" : -71.264250571490152,
        "altitude" : 30.497052885591984,
        "positionAccuracy" : 0.4101877955064866
      }
    },
    {
      "cameraWorldTransform" : [
        0.091239944100379944,
        -0.97389084100723267,
        -0.20787437260150909,
        0,
        -0.9479554295539856,
        -0.020995840430259705,
        -0.31770986318588257,
        0,
        0.30505025386810303,
        0.22604349255561829,
        -0.92512083053588867,
        0,
        -8.3349390029907227,
        0.22599503397941589,
        11.176387786865234,
        0.99999988079071045
      ],
      "geospatialTransform" : {
        "altitudeAccuracy" : 0.32094317125120203,
        "eastUpSounth" : {
          "angle" : 2.6471490859985352,
          "axis" : [
            -0.73040133714675903,
            0.67676997184753418,
            -0.092175684869289398
          ]
        },
        "heading" : 207.36868113876375,
        "latitude" : 42.293572146160962,
        "orientationYawAccuracy" : 1.4982768032126659,
        "altitude" : 30.550113339908421,
        "positionAccuracy" : 0.43363667970580316,
        "longitude" : -71.264259065230235
      }
    },
    {
      "geospatialTransform" : {
        "longitude" : -71.264268784336323,
        "altitude" : 30.580430761910975,
        "altitudeAccuracy" : 0.32833735376593998,
        "orientationYawAccuracy" : 1.4360643649647131,
        "latitude" : 42.293561724657771,
        "positionAccuracy" : 0.45655590334798157,
        "eastUpSounth" : {
          "angle" : 2.674696683883667,
          "axis" : [
            -0.7294432520866394,
            0.67985421419143677,
            -0.075569510459899902
          ]
        },
        "heading" : 204.9259357681602
      },
      "cameraWorldTransform" : [
        0.082326091825962067,
        -0.9734998345375061,
        -0.21335552632808685,
        0,
        -0.96000653505325317,
        -0.019980540499091148,
        -0.27926406264305115,
        0,
        0.26760056614875793,
        0.22781340777873993,
        -0.93621104955673218,
        0,
        -8.9603033065795898,
        0.25712716579437256,
        12.435959815979004,
        1
      ]
    },
    {
      "geospatialTransform" : {
        "eastUpSounth" : {
          "angle" : 2.7380392551422119,
          "axis" : [
            -0.71896296739578247,
            0.69461077451705933,
            -0.024655062705278397
          ]
        },
        "positionAccuracy" : 0.48785180428818842,
        "altitude" : 30.569894102402031,
        "heading" : 198.36084443779652,
        "latitude" : 42.293551571478304,
        "orientationYawAccuracy" : 1.5103050322948357,
        "longitude" : -71.264277282403498,
        "altitudeAccuracy" : 0.34547579938935097
      },
      "cameraWorldTransform" : [
        0.036062572151422501,
        -0.96919864416122437,
        -0.24362549185752869,
        0,
        -0.98641461133956909,
        0.0045741167850792408,
        -0.16421055793762207,
        0,
        0.16026704013347626,
        0.2462376207113266,
        -0.95586681365966797,
        0,
        -9.4845438003540039,
        0.24613708257675171,
        13.659831047058105,
        0.99999994039535522
      ]
    },
    {
      "cameraWorldTransform" : [
        -0.035552170127630234,
        -0.97300440073013306,
        -0.22803166508674622,
        0,
        -0.96606916189193726,
        -0.024949008598923683,
        0.25707551836967468,
        0,
        -0.25582480430603027,
        0.22943395376205444,
        -0.9391026496887207,
        0,
        -9.8496379852294922,
        0.23880314826965332,
        15.041961669921875,
        1
      ],
      "geospatialTransform" : {
        "altitude" : 30.560452727600932,
        "longitude" : -71.264284031947994,
        "latitude" : 42.293539723352353,
        "altitudeAccuracy" : 0.36494381746933219,
        "positionAccuracy" : 0.51176407448370187,
        "orientationYawAccuracy" : 1.432566955318145,
        "heading" : 173.53527287422929,
        "eastUpSounth" : {
          "angle" : 3.0524122714996338,
          "axis" : [
            -0.70545071363449097,
            0.69819796085357666,
            0.12189710885286331
          ]
        }
      }
    },
    {
      "cameraWorldTransform" : [
        0.071610808372497559,
        -0.97890740633010864,
        -0.19134356081485748,
        0,
        -0.97418326139450073,
        -0.027464739978313446,
        -0.22408181428909302,
        0,
        0.21410016715526581,
        0.20245036482810974,
        -0.95560193061828613,
        0,
        -10.393381118774414,
        0.25522679090499878,
        16.204547882080078,
        1
      ],
      "geospatialTransform" : {
        "longitude" : -71.264292790939066,
        "altitude" : 30.576608207076788,
        "latitude" : 42.293530119367368,
        "orientationYawAccuracy" : 1.3934650818718806,
        "heading" : 201.42878493522855,
        "altitudeAccuracy" : 0.37847563046584065,
        "positionAccuracy" : 0.53203727733149186,
        "eastUpSounth" : {
          "axis" : [
            -0.72842961549758911,
            0.68222498893737793,
            -0.062923066318035126
          ],
          "angle" : 2.7349677085876465
        }
      }
    },
    {
      "geospatialTransform" : {
        "longitude" : -71.264300218954276,
        "orientationYawAccuracy" : 1.4167026351253391,
        "altitudeAccuracy" : 0.39126017439513577,
        "latitude" : 42.293519364047832,
        "heading" : 196.44216159793569,
        "eastUpSounth" : {
          "axis" : [
            -0.71987497806549072,
            0.69401884078979492,
            0.010856982320547104
          ],
          "angle" : 2.716566801071167
        },
        "altitude" : 30.546542972326279,
        "positionAccuracy" : 0.55892574821119279
      },
      "cameraWorldTransform" : [
        0.033575385808944702,
        -0.95133012533187866,
        -0.30633917450904846,
        0,
        -0.99126726388931274,
        0.0074109956622123718,
        -0.13165952265262604,
        0,
        0.12752193212509155,
        0.30808451771736145,
        -0.94277364015579224,
        0,
        -10.814870834350586,
        0.22386685013771057,
        17.477512359619141,
        1
      ]
    },
    {
      "geospatialTransform" : {
        "positionAccuracy" : 0.40514467009864308,
        "altitude" : 30.483332781121135,
        "heading" : 192.90784059691245,
        "latitude" : 42.293507153640839,
        "orientationYawAccuracy" : 1.3290796842109911,
        "eastUpSounth" : {
          "angle" : 2.7275009155273438,
          "axis" : [
            -0.72684091329574585,
            0.68505954742431641,
            0.04894644021987915
          ]
        },
        "altitudeAccuracy" : 0.28163177189252109,
        "longitude" : -71.26430898981863
      },
      "cameraWorldTransform" : [
        0.044365093111991882,
        -0.93523365259170532,
        -0.35124051570892334,
        0,
        -0.99690568447113037,
        -0.018607653677463531,
        -0.076373055577278137,
        0,
        0.064890891313552856,
        0.35354197025299072,
        -0.93316513299942017,
        0,
        -11.254783630371094,
        0.25104331970214844,
        18.81005859375,
        1
      ]
    },
    {
      "geospatialTransform" : {
        "latitude" : 42.293494418371779,
        "eastUpSounth" : {
          "axis" : [
            -0.73305803537368774,
            0.67625182867050171,
            0.072865433990955353
          ],
          "angle" : 2.7719120979309082
        },
        "heading" : 189.07868613093842,
        "altitude" : 30.49906599521637,
        "positionAccuracy" : 0.41268060130899714,
        "longitude" : -71.264316314775215,
        "orientationYawAccuracy" : 1.3411602859561884,
        "altitudeAccuracy" : 0.28909328319770228
      },
      "cameraWorldTransform" : [
        0.054235588759183884,
        -0.93275737762451172,
        -0.35640168190002441,
        0,
        -0.99852824211120605,
        -0.050779756158590317,
        -0.019053155556321144,
        0,
        -0.00032601086422801018,
        0.35691046714782715,
        -0.93413859605789185,
        0,
        -11.63234806060791,
        0.27180314064025879,
        20.283710479736328,
        1
      ]
    },
    {
      "geospatialTransform" : {
        "heading" : 190.75798092668262,
        "positionAccuracy" : 0.44664802393133007,
        "orientationYawAccuracy" : 1.4055897333571623,
        "altitude" : 30.512475799769163,
        "longitude" : -71.264321684937386,
        "eastUpSounth" : {
          "axis" : [
            -0.73955529928207397,
            0.67051845788955688,
            0.058847468346357346
          ],
          "angle" : 2.7577855587005615
        },
        "latitude" : 42.293481861758202,
        "altitudeAccuracy" : 0.30541985214353873
      },
      "cameraWorldTransform" : [
        0.076985396444797516,
        -0.93472552299499512,
        -0.34693127870559692,
        0,
        -0.99667477607727051,
        -0.062833011150360107,
        -0.051877040416002274,
        0,
        0.026692088693380356,
        0.34977146983146667,
        -0.9364546537399292,
        0,
        -11.865329742431641,
        0.28491765260696411,
        21.72698974609375,
        0.99999988079071045
      ]
    },
    {
      "cameraWorldTransform" : [
        0.12949022650718689,
        -0.94154226779937744,
        -0.31101545691490173,
        0,
        -0.98740917444229126,
        -0.093697987496852875,
        -0.12745101749897003,
        0,
        0.090859010815620422,
        0.32360318303108215,
        -0.94182038307189941,
        0,
        -12.053812026977539,
        0.26755020022392273,
        23.147731781005859,
        1
      ],
      "geospatialTransform" : {
        "heading" : 194.7764214795595,
        "latitude" : 42.2934694703766,
        "positionAccuracy" : 0.48332567361072731,
        "orientationYawAccuracy" : 1.5165487484616165,
        "altitude" : 30.49589238408953,
        "longitude" : -71.264326565093484,
        "eastUpSounth" : {
          "angle" : 2.7316079139709473,
          "axis" : [
            -0.75431466102600098,
            0.65618234872817993,
            0.020835112780332565
          ]
        },
        "altitudeAccuracy" : 0.31797255163196497
      }
    },
    {
      "geospatialTransform" : {
        "orientationYawAccuracy" : 1.3894287173502522,
        "longitude" : -71.264333465671172,
        "altitude" : 30.452091524377465,
        "heading" : 200.4528137176556,
        "eastUpSounth" : {
          "axis" : [
            -0.76064968109130859,
            0.64823532104492188,
            -0.034685477614402771
          ],
          "angle" : 2.6992390155792236
        },
        "positionAccuracy" : 0.50699870896073129,
        "altitudeAccuracy" : 0.32142327357981526,
        "latitude" : 42.293458232374327
      },
      "cameraWorldTransform" : [
        0.16202285885810852,
        -0.95431101322174072,
        -0.25107574462890625,
        0,
        -0.96899527311325073,
        -0.10576741397380829,
        -0.22329668700695038,
        0,
        0.18653886020183563,
        0.27947038412094116,
        -0.94185960292816162,
        0,
        -12.415650367736816,
        0.22335857152938843,
        24.462640762329102,
        0.99999994039535522
      ]
    },
    {
      "cameraWorldTransform" : [
        0.089215166866779327,
        -0.9674573540687561,
        -0.23678460717201233,
        0,
        -0.98865008354187012,
        -0.057164985686540604,
        -0.13893595337867737,
        0,
        0.12087885290384293,
        0.24649229645729065,
        -0.96157687902450562,
        0,
        -12.940817832946777,
        0.30130895972251892,
        25.825654983520508,
        1
      ],
      "geospatialTransform" : {
        "latitude" : 42.293446861128402,
        "longitude" : -71.264342395350639,
        "eastUpSounth" : {
          "angle" : 2.7677440643310547,
          "axis" : [
            -0.73907667398452759,
            0.67344361543655396,
            -0.015468619763851166
          ]
        },
        "orientationYawAccuracy" : 1.4037218573767762,
        "positionAccuracy" : 0.5375132904215868,
        "altitude" : 30.528939969837666,
        "heading" : 196.21195102166956,
        "altitudeAccuracy" : 0.33184929461578661
      }
    },
    {
      "geospatialTransform" : {
        "heading" : 183.70291945267053,
        "altitudeAccuracy" : 0.33828897037919459,
        "altitude" : 30.565680569969118,
        "latitude" : 42.293435109186618,
        "orientationYawAccuracy" : 1.3812604219126707,
        "positionAccuracy" : 0.55775971075024666,
        "longitude" : -71.264350875271205,
        "eastUpSounth" : {
          "angle" : 2.8897421360015869,
          "axis" : [
            -0.73247283697128296,
            0.67638951539993286,
            0.077335529029369354
          ]
        }
      },
      "cameraWorldTransform" : [
        0.045389704406261444,
        -0.95680433511734009,
        -0.28716754913330078,
        0,
        -0.99468547105789185,
        -0.069880746304988861,
        0.075613439083099365,
        0,
        -0.092414744198322296,
        0.28220930695533752,
        -0.95489132404327393,
        0,
        -13.439333915710449,
        0.33353075385093689,
        27.218610763549805,
        0.99999994039535522
      ]
    },
    {
      "cameraWorldTransform" : [
        0.027665415778756142,
        -0.96287155151367188,
        -0.26853835582733154,
        0,
        -0.99920469522476196,
        -0.034354548901319504,
        0.02024146169424057,
        0,
        -0.02871544286608696,
        0.26776480674743652,
        -0.96305626630783081,
        0,
        -13.650763511657715,
        0.37880587577819824,
        28.628408432006836,
        0.99999988079071045
      ],
      "geospatialTransform" : {
        "heading" : 187.14125557005934,
        "altitude" : 30.572397039271891,
        "positionAccuracy" : 0.51503687742317594,
        "eastUpSounth" : {
          "axis" : [
            -0.72383260726928711,
            0.68804782629013062,
            0.051542032510042191
          ],
          "angle" : 2.8594954013824463
        },
        "latitude" : 42.293421766955319,
        "longitude" : -71.264356309400938,
        "altitudeAccuracy" : 0.32122322186599267,
        "orientationYawAccuracy" : 1.2526430610858508
      }
    },
    {
      "geospatialTransform" : {
        "heading" : 183.08377386512726,
        "longitude" : -71.26436056116836,
        "orientationYawAccuracy" : 1.3164197166227147,
        "eastUpSounth" : {
          "axis" : [
            -0.72969269752502441,
            0.67851001024246216,
            0.084691427648067474
          ],
          "angle" : 2.8908631801605225
        },
        "positionAccuracy" : 0.50861682509045547,
        "altitude" : 30.580531972460449,
        "latitude" : 42.293408024396797,
        "altitudeAccuracy" : 0.32233981907550152
      },
      "cameraWorldTransform" : [
        0.03712756559252739,
        -0.95458340644836426,
        -0.29562127590179443,
        0,
        -0.99446678161621094,
        -0.064385108649730682,
        0.08300761878490448,
        0,
        -0.098271317780017853,
        0.29090365767478943,
        -0.95169204473495483,
        0,
        -13.757086753845215,
        0.39788112044334412,
        30.139976501464844,
        0.99999994039535522
      ]
    },
    {
      "geospatialTransform" : {
        "altitude" : 30.565771258436143,
        "latitude" : 42.293394750420589,
        "longitude" : -71.264364235333261,
        "orientationYawAccuracy" : 1.3498440830340774,
        "altitudeAccuracy" : 0.33018213165766652,
        "positionAccuracy" : 0.52676719232532454,
        "eastUpSounth" : {
          "axis" : [
            -0.73649942874908447,
            0.66664117574691772,
            0.11470841616392136
          ],
          "angle" : 2.7565281391143799
        },
        "heading" : 186.46216928521636
      },
      "cameraWorldTransform" : [
        0.056753981858491898,
        -0.90421122312545776,
        -0.42329779267311096,
        0,
        -0.99712926149368286,
        -0.072621248662471771,
        0.021436197683215141,
        0,
        -0.050123244524002075,
        0.42086601257324219,
        -0.90573698282241821,
        0,
        -13.84565544128418,
        0.37557989358901978,
        31.642822265625,
        0.99999994039535522
      ]
    },
    {
      "geospatialTransform" : {
        "altitude" : 30.607902898453176,
        "altitudeAccuracy" : 0.34859275546938612,
        "latitude" : 42.293382459795154,
        "positionAccuracy" : 0.54966104313114827,
        "longitude" : -71.264366252504601,
        "heading" : 185.57254025447989,
        "eastUpSounth" : {
          "axis" : [
            -0.7186121940612793,
