{
  "PathData" : [

  ],
  "navigationDataTime" : [
    0.0037289857864379883,
    0.31828403472900391,
    0.61820900440216064,
    0.91842806339263916,
    1.2182350158691406,
    1.5182499885559082,
    1.8893330097198486,
    2.1182169914245605,
    2.4191280603408813,
    2.7191140651702881,
    3.0192930698394775,
    3.3191280364990234,
    3.6203210353851318,
    3.9202470779418945,
    4.2183650732040405,
    4.5192310810089111,
    4.8189560174942017,
    5.1191409826278687,
    5.419045090675354,
    5.719170093536377,
    6.0191010236740112,
    6.3191330432891846,
    6.6191110610961914,
    6.9190909862518311,
    7.2190819978713989,
    7.5190950632095337,
    7.8183289766311646,
    8.1191520690917969,
    8.4417150020599365,
    8.7190870046615601,
    9.0192000865936279,
    9.3267689943313599,
    9.6181600093841553,
    9.9189649820327759,
    10.218465089797974,
    10.518625020980835,
    10.81806206703186,
    11.119919061660767,
    11.41908597946167,
    11.719141006469727,
    12.018934011459351,
    12.319007039070129,
    12.619127988815308,
    12.918944001197815,
    13.219524025917053,
    13.519116044044495,
    13.818728089332581,
    14.154760003089905,
    14.418449997901917,
    14.719297051429749,
    15.040134072303772,
    15.319514989852905,
    15.619471073150635,
    15.926743984222412,
    16.219567060470581,
    16.519599080085754,
    16.819421052932739,
    17.119747042655945,
    17.419656991958618,
    17.719845056533813,
    18.019869089126587,
    18.319894075393677,
    18.6200350522995,
    18.919963002204895,
    19.22002100944519,
    19.520081996917725,
    19.82011604309082,
    20.12018609046936,
    20.420237064361572,
    20.720256090164185,
    21.054373025894165,
    21.320311069488525,
    21.620145082473755,
    21.947511076927185,
    22.220931053161621,
    22.520408987998962,
    22.820507049560547,
    23.12013304233551,
    23.419905066490173,
    23.738587975502014,
    24.020569086074829,
    24.320618987083435,
    24.622130990028381,
    24.920842051506042,
    25.220712065696716,
    25.520731091499329,
    25.820751070976257,
    26.120866060256958,
    26.420912981033325,
    26.720883011817932,
    27.020853042602539,
    27.320958018302917,
    27.620473980903625,
    27.920971035957336,
    28.220952033996582,
    28.520349979400635,
    28.821853041648865,
    29.129456043243408,
    29.421125054359436,
    29.720908999443054,
    30.020794034004211,
    30.321075081825256,
    30.621150016784668,
    30.921182990074158,
    31.221275091171265,
    31.521180987358093,
    31.821291089057922,
    32.121199011802673,
    32.42143702507019,
    32.721214056015015,
    33.021234035491943,
    33.321318984031677,
    33.621262073516846,
    33.921259045600891,
    34.221325993537903,
    34.521347999572754,
    34.821354031562805,
    35.127565979957581,
    35.421326041221619,
    35.720740079879761,
    36.020649075508118,
    36.321363091468811,
    36.621139049530029,
    36.921390056610107,
    37.221459031105042,
    37.521429061889648,
    37.821426033973694,
    38.1215660572052,
    38.421481013298035,
    38.721459984779358,
    39.021483063697815,
    39.321491003036499,
    39.621473073959351,
    39.921590089797974,
    40.221495985984802,
    40.520696043968201,
    40.821578025817871,
    41.153068065643311,
    41.420699000358582,
    41.721518993377686,
    42.044731974601746,
    42.32440197467804,
    42.621010065078735,
    42.937615990638733,
    43.221407055854797,
    43.521534085273743,
    43.830123066902161,
    44.121653079986572,
    44.421537041664124,
    44.721611022949219,
    45.021646022796631,
    45.321653008460999,
    45.62168300151825,
    45.921674013137817,
    46.221696019172668,
    46.52171802520752,
    46.821721076965332,
    47.121662020683289,
    47.421715974807739,
    47.72091007232666,
    48.021798014640808,
    48.339792013168335,
    48.621492028236389,
    48.925788044929504,
    49.22175407409668,
    49.521712064743042,
    49.821702003479004,
    50.121873021125793,
    50.462161064147949,
    50.721708059310913,
    51.021685004234314,
    51.321712017059326,
    51.621726989746094,
    51.921715974807739,
    52.251082062721252,
    52.52173900604248,
    52.821786046028137,
    53.121762037277222,
    53.421863079071045,
    53.723742008209229,
    54.024556994438171,
    54.321902990341187,
    54.622814059257507,
    54.921665072441101,
    55.221647977828979,
    55.521224975585938,
    55.821781992912292,
    56.121783018112183,
    56.421792984008789,
    56.721844077110291,
    57.021776080131531,
    57.363519072532654,
    57.62177300453186,
    57.932224035263062,
    58.266262054443359,
    58.521785020828247,
    58.821799993515015,
    59.184965014457703,
    59.436758041381836,
    59.721768975257874,
    60.057576060295105,
    60.321827054023743,
    60.622251987457275,
    60.924061059951782,
    61.221333980560303,
    61.521852016448975,
    61.826029062271118,
    62.121863007545471,
    62.421947002410889,
    62.721752047538757,
    63.021254062652588,
    63.320939064025879,
    63.630506992340088,
    63.921290993690491,
    64.221824049949646,
    64.549103021621704,
    64.822416067123413,
    65.135619044303894,
    65.421787023544312,
    65.735666990280151,
    66.022264003753662,
    66.321822047233582,
    66.622443079948425,
    66.922273993492126,
    67.221150994300842,
    67.521193981170654,
    67.821920037269592,
    68.155027985572815,
    68.421823978424072,
    68.728499054908752,
    69.061613082885742,
    69.321868062019348,
    69.621791005134583,
    69.930137991905212,
    70.220936059951782,
    70.521841049194336,
    70.821803092956543,
    71.121851086616516,
    71.421895980834961,
    71.721821069717407,
    72.021807074546814,
    72.321823000907898,
    72.621860027313232,
    72.921895980834961,
    73.222630023956299,
    73.52181601524353,
    73.820864081382751,
    74.121680974960327,
    74.421226978302002,
    74.726247072219849,
    75.021612048149109,
    75.321938991546631,
    75.621803998947144,
    75.921977996826172,
    76.221490979194641,
    76.521767020225525,
    76.821835994720459,
    77.121796011924744,
    77.421845078468323,
    77.733705997467041,
    78.021919012069702
  ],
  "userId" : "izmWIWH4BLOq1kCq6MS0qt5Atti2",
  "savedRouteGeospatialLocations" : [
    {
      "GARAnchorUUID" : "369C8C18-8D9C-4117-A8A5-59872C1C3267",
      "altitude" : 30.821146739646792,
      "geoAnchorTransform" : [
        -0.99882489442825317,
        1.3786563557438569e-10,
        0.048464484512805939,
        0,
        1.9721667354755112e-10,
        1,
        1.219847778344274e-09,
        0,
        -0.048464484512805939,
        1.2279723904384809e-09,
        -0.99882489442825317,
        0,
        -0.1023048460483551,
        -0.021008905023336411,
        -0.016992999240756035,
        1
      ],
      "altitudeUncertainty" : 0.51665633538725309,
      "latitude" : 42.293309836659773,
      "horizontalUncertainty" : 0.73312747185152627,
      "heading" : 186.38582297644669,
      "longitude" : -71.264067867258575,
      "headingUncertainty" : 2.4564059150202318
    },
    {
      "altitudeUncertainty" : 0.27702242657206133,
      "latitude" : 42.293309466440967,
      "altitude" : 30.917507364414632,
      "heading" : 164.22397166645581,
      "headingUncertainty" : 1.4894864577481215,
      "horizontalUncertainty" : 0.3898609758108767,
      "longitude" : -71.264066446396583,
      "GARAnchorUUID" : "35BC7C0B-4ADB-40E3-AE2F-7F0A39AFC9AE",
      "geoAnchorTransform" : [
        -0.90722578763961792,
        -1.8098189613624527e-08,
        0.42064398527145386,
        0,
        -1.8752380981368333e-08,
        1,
        2.5806736747568948e-09,
        0,
        -0.42064398527145386,
        -5.5468230009125818e-09,
        -0.90722578763961792,
        0,
        -0.23987846076488495,
        -0.016887836158275604,
        0.00050214235670864582,
        1
      ]
    },
    {
      "altitude" : 30.906060158275068,
      "longitude" : -71.264065558581265,
      "latitude" : 42.293309247291354,
      "altitudeUncertainty" : 0.35588552260220874,
      "GARAnchorUUID" : "55F3FAF9-E6CE-414D-9DAB-51478DC3FECD",
      "headingUncertainty" : 1.7390691623662671,
      "geoAnchorTransform" : [
        -0.86450177431106567,
        -2.6796952212748693e-08,
        0.50262981653213501,
        0,
        -3.064337050773247e-08,
        1,
        6.0821264691313104e-10,
        0,
        -0.50262981653213501,
        -1.4876470721958412e-08,
        -0.86450177431106567,
        0,
        -0.31602799892425537,
        -0.028341755270957947,
        -0.011947868391871452,
        1
      ],
      "heading" : 158.92508405662082,
      "horizontalUncertainty" : 0.50181497337854819
    },
    {
      "latitude" : 42.293307874147828,
      "longitude" : -71.264066966238161,
      "horizontalUncertainty" : 0.59245492879266803,
      "altitude" : 30.874904076568782,
      "headingUncertainty" : 1.9871277760971544,
      "altitudeUncertainty" : 0.41981163933611337,
      "GARAnchorUUID" : "DB42F5A5-267D-45A1-98B7-6088464F449E",
      "heading" : 185.92079919727044,
      "geoAnchorTransform" : [
        -0.99846172332763672,
        -1.4919642410404776e-08,
        0.055445495992898941,
        0,
        -1.638040636464666e-08,
        1,
        -2.5891477406503327e-08,
        0,
        -0.055445495992898941,
        -2.6759868987369373e-08,
        -0.99846172332763672,
        0,
        -0.22554120421409607,
        -0.059532299637794495,
        -0.18088772892951965,
        1
      ]
    },
    {
      "horizontalUncertainty" : 0.51022847307459662,
      "headingUncertainty" : 1.7140550304563444,
      "longitude" : -71.264068358383255,
      "altitude" : 30.803098526783288,
      "latitude" : 42.293303773894671,
      "altitudeUncertainty" : 0.36227628494609621,
      "GARAnchorUUID" : "87843F9F-2D00-4A67-BD53-6EA42B2DAB2C",
      "geoAnchorTransform" : [
        -0.99459290504455566,
        7.1358572384383478e-09,
        0.10385042428970337,
        0,
        6.8841515821205235e-10,
        1,
        -6.2119767108015367e-08,
        0,
        -0.10385042428970337,
        -6.1712384535894671e-08,
        -0.99459290504455566,
        0,
        -0.15738683938980103,
        -0.10038555413484573,
        -0.62930107116699219,
        1
      ],
      "heading" : 183.16286533321053
    },
    {
      "longitude" : -71.264069292795071,
      "latitude" : 42.293298575424934,
      "GARAnchorUUID" : "EC0C6ABA-93F0-41A8-9098-1BB3EC4F0035",
      "altitude" : 30.732913025654852,
      "headingUncertainty" : 1.5835427388629397,
      "horizontalUncertainty" : 0.4250966567355145,
      "heading" : 194.23892369119699,
      "altitudeUncertainty" : 0.29755270030520942,
      "geoAnchorTransform" : [
        -0.99603849649429321,
        -7.9657818119471813e-09,
        -0.088922761380672455,
        0,
        2.254685105285148e-09,
        1,
        -1.148360055935882e-07,
        0,
        0.088922761380672455,
        -1.1458157445076722e-07,
        -0.99603849649429321,
        0,
        -0.1582217812538147,
        -0.15020033717155457,
        -1.1986701488494873,
        1
      ]
    },
    {
      "latitude" : 42.29329281463702,
      "altitude" : 30.743774614296854,
      "longitude" : -71.264070009977075,
      "geoAnchorTransform" : [
        -0.99865621328353882,
        -1.5735524883098151e-08,
        -0.051824308931827545,
        0,
        -4.5719379393460713e-09,
        1,
        -2.155307186058053e-07,
        0,
        0.051824308931827545,
        -2.1500414959518821e-07,
        -0.99865621328353882,
        0,
        -0.20144347846508026,
        -0.13933834433555603,
        -1.8398469686508179,
        1
      ],
      "headingUncertainty" : 1.8333580208587361,
      "altitudeUncertainty" : 0.3721615238041126,
      "GARAnchorUUID" : "C4C5E76B-0AF5-47E0-8AB1-978214717F5C",
      "horizontalUncertainty" : 0.52975323767876559,
      "heading" : 192.10792900117056
    },
    {
      "heading" : 185.88731472467347,
      "altitude" : 30.773561865091324,
      "horizontalUncertainty" : 0.56413748387098184,
      "geoAnchorTransform" : [
        -0.99843364953994751,
        6.1758304026326982e-10,
        0.055949036031961441,
        0,
        -1.3310244462161336e-08,
        1,
        -2.4856512936821673e-07,
        0,
        -0.055949036031961441,
        -2.4892045757951564e-07,
        -0.99843364953994751,
        0,
        -0.26996314525604248,
        -0.10063318908214569,
        -2.4776513576507568,
        1
      ],
      "altitudeUncertainty" : 0.39652085521511743,
      "headingUncertainty" : 1.9039235408578088,
      "longitude" : -71.264070497186921,
      "latitude" : 42.293287119465063,
      "GARAnchorUUID" : "46D83D15-AA20-4EF3-8727-1EACFE6382DE"
    },
    {
      "longitude" : -71.264070701868974,
      "GARAnchorUUID" : "0483E12F-6FB6-45D5-8AAF-499B62414A5E",
      "latitude" : 42.29328208980413,
      "headingUncertainty" : 1.7725395085249387,
      "altitudeUncertainty" : 0.36584133071357416,
      "heading" : 193.1063439009715,
      "horizontalUncertainty" : 0.5217783077648388,
      "geoAnchorTransform" : [
        -0.99746567010879517,
        -2.9807420531824391e-08,
        -0.071149654686450958,
        0,
        -1.6606723107770449e-08,
        1,
        -1.8612577434851119e-07,
        0,
        0.071149654686450958,
        -1.8447251193265402e-07,
        -0.99746567010879517,
        0,
        -0.35315531492233276,
        -0.10050119459629059,
        -3.0431830883026123,
        1
      ],
      "altitude" : 30.763154709711671
    },
    {
      "latitude" : 42.293277403438857,
      "longitude" : -71.2640706453749,
      "heading" : 183.67993398861975,
      "altitude" : 30.78339069057256,
      "geoAnchorTransform" : [
        -0.995746910572052,
        -7.7393513819856707e-09,
        0.092130862176418304,
        0,
        -1.6684731818372711e-08,
        1,
        -9.632405095771901e-08,
        0,
        -0.092130862176418304,
        -9.7451554381677852e-08,
        -0.995746910572052,
        0,
        -0.44987004995346069,
        -0.075150452554225922,
        -3.5650901794433594,
        1
      ],
      "horizontalUncertainty" : 0.40152384493376037,
      "GARAnchorUUID" : "06426B91-4FE9-4456-8CB8-3E4937E68991",
      "altitudeUncertainty" : 0.27343197673675457,
      "headingUncertainty" : 1.588833234774524
    },
    {
      "longitude" : -71.264068944070516,
      "GARAnchorUUID" : "27F3C052-E901-4C38-840E-38ABBFF703C7",
      "horizontalUncertainty" : 0.46071550460237715,
      "altitude" : 30.751857689581811,
      "heading" : 186.39869857563588,
      "altitudeUncertainty" : 0.31849882522560619,
      "headingUncertainty" : 1.65292560418274,
      "geoAnchorTransform" : [
        -0.99903827905654907,
        -3.1120496402081699e-08,
        0.043845929205417633,
        0,
        -3.6817205284478405e-08,
        1,
        -1.2911804958548601e-07,
        0,
        -0.043845929205417633,
        -1.3060815717835794e-07,
        -0.99903827905654907,
        0,
        -0.65654408931732178,
        -0.085708752274513245,
        -4.0927133560180664,
        1
      ],
      "latitude" : 42.293272522863596
    },
    {
      "latitude" : 42.293267418423227,
      "altitudeUncertainty" : 0.23964784818015786,
      "horizontalUncertainty" : 0.35250535172273728,
      "altitude" : 30.689769613556564,
      "headingUncertainty" : 1.4190495955181532,
      "GARAnchorUUID" : "80A97684-E23A-4F58-84FE-30E6E19E01DF",
      "heading" : 184.08664758349562,
      "longitude" : -71.264067705072833,
      "geoAnchorTransform" : [
        -0.99661320447921753,
        -1.6174990236095255e-08,
        0.08223222941160202,
        0,
        -2.2700552548826636e-08,
        1,
        -7.8420349325369898e-08,
        0,
        -0.08223222941160202,
        -8.0021472115276993e-08,
        -0.99661320447921753,
        0,
        -0.8166038990020752,
        -0.10217604786157608,
        -4.6661601066589355,
        1
      ]
    },
    {
      "latitude" : 42.29326240984944,
      "heading" : 179.64239499937364,
      "altitude" : 30.685328075662255,
      "geoAnchorTransform" : [
        -0.98719966411590576,
        -2.2988066561424603e-08,
        0.15948911011219025,
        0,
        -3.7164628707841985e-08,
        1,
        -8.5904567015404609e-08,
        0,
        -0.15948911011219025,
        -9.0732314106389822e-08,
        -0.98719966411590576,
        0,
        -1.0478004217147827,
        -0.10942221432924271,
        -5.194155216217041,
        1
      ],
      "headingUncertainty" : 1.5025766441480159,
      "GARAnchorUUID" : "ADCB8D5D-3CF3-419A-ABE3-971E9542E7D0",
      "altitudeUncertainty" : 0.3042877421223304,
      "longitude" : -71.264065776947575,
      "horizontalUncertainty" : 0.43460308806551567
    },
    {
      "longitude" : -71.264064214144867,
      "altitude" : 30.649890665896237,
      "latitude" : 42.293256612640413,
      "heading" : 176.73982910624539,
      "altitudeUncertainty" : 0.32485172248739347,
      "headingUncertainty" : 1.5143453195807766,
      "GARAnchorUUID" : "B5D69D72-54F6-451B-BB8E-DD92F0BD0075",
      "horizontalUncertainty" : 0.46391940874241644,
      "geoAnchorTransform" : [
        -0.97787094116210938,
        -2.6706395317432907e-08,
        0.20920906960964203,
        0,
        -5.3772723163092451e-08,
        1,
        -1.2368673196760938e-07,
        0,
        -0.20920906960964203,
        -1.3219940342423797e-07,
        -0.97787094116210938,
        0,
        -1.3026012182235718,
        -0.12466651946306229,
        -5.7675313949584961,
        1
      ]
    },
    {
      "geoAnchorTransform" : [
        -0.98211735486984253,
        -2.239257002045747e-09,
        0.18826963007450104,
        0,
        -7.5903399121557413e-09,
        1,
        -2.7701481997155497e-08,
        0,
        -0.18826963007450104,
        -2.8635136928301108e-08,
        -0.98211735486984253,
        0,
        -1.4741915464401245,
        -0.077471025288105011,
        -6.3500304222106934,
        1
      ],
      "latitude" : 42.293250858352764,
      "heading" : 177.96261836120948,
      "altitudeUncertainty" : 0.25512160836702247,
      "headingUncertainty" : 1.2389771058957981,
      "altitude" : 30.678203617222607,
      "GARAnchorUUID" : "C5850C92-A3B7-4758-932E-D141CFF5B2EA",
      "horizontalUncertainty" : 0.36512936694697246,
      "longitude" : -71.264063671824616
    },
    {
      "horizontalUncertainty" : 0.48299500305412313,
      "GARAnchorUUID" : "800AE273-1CE4-463E-93B6-78575ADECF9F",
      "headingUncertainty" : 1.488896487981562,
      "geoAnchorTransform" : [
        -0.99950087070465088,
        -2.3196836451688796e-08,
        0.031590484082698822,
        0,
        -2.6941771480437637e-08,
        1,
        -1.1812064570904113e-07,
        0,
        -0.031590484082698822,
        -1.1891279427800328e-07,
        -0.99950087070465088,
        0,
        -1.5974833965301514,
        -0.067715659737586975,
        -6.9254889488220215,
        1
      ],
      "longitude" : -71.264063263728517,
      "altitudeUncertainty" : 0.33921858910862451,
      "latitude" : 42.293245568853486,
      "heading" : 187.00413510629815,
      "altitude" : 30.687958871014416
    },
    {
      "horizontalUncertainty" : 0.34685635215931038,
      "GARAnchorUUID" : "57AF0549-9E07-4D4D-BB6A-F8B646B79C2C",
      "longitude" : -71.264061624929653,
      "geoAnchorTransform" : [
        -0.99787265062332153,
        -4.6964121480641552e-09,
        0.065193586051464081,
        0,
        -9.3003755807785637e-09,
        1,
        -7.0316396261205227e-08,
        0,
        -0.065193586051464081,
        -7.077313313175182e-08,
        -0.99787265062332153,
        0,
        -1.6832928657531738,
        -0.071607641875743866,
        -7.5564279556274414,
        1
      ],
      "headingUncertainty" : 1.2915124492213852,
      "heading" : 184.89118136479269,
      "altitudeUncertainty" : 0.24365505794102324,
      "altitude" : 30.589167224243283,
      "latitude" : 42.2932408626707
    },
    {
      "longitude" : -71.264061655555011,
      "horizontalUncertainty" : 0.46898093658265005,
      "geoAnchorTransform" : [
        -0.99963772296905518,
        -1.7868213575411573e-08,
        0.026914048939943314,
        0,
        -2.2111374065048039e-08,
        1,
        -1.5735835745545046e-07,
        0,
        -0.026914048939943314,
        -1.5789645146924158e-07,
        -0.99963772296905518,
        0,
        -1.7650752067565918,
        -0.10374420881271362,
        -8.1122531890869141,
        1
      ],
      "headingUncertainty" : 1.5407591445116522,
      "GARAnchorUUID" : "15451A0A-214F-4EA3-8DAB-63DBC1D89C10",
      "latitude" : 42.293235805201348,
      "heading" : 187.08696606321686,
      "altitude" : 30.55704921670258,
      "altitudeUncertainty" : 0.33041700292939008
    },
    {
      "altitude" : 30.523838046006858,
      "heading" : 193.90098530525387,
      "headingUncertainty" : 1.787912171884628,
      "altitudeUncertainty" : 0.39812757432684476,
      "latitude" : 42.293230671180176,
      "longitude" : -71.264063167671907,
      "GARAnchorUUID" : "73895A1F-8644-42F0-9C3B-F02D179A8450",
      "horizontalUncertainty" : 0.56449150749433241,
      "geoAnchorTransform" : [
        -0.99577021598815918,
        -3.8800926915882883e-08,
        -0.091878823935985565,
        0,
        -1.6117045475994018e-08,
        1,
        -2.4763107830949593e-07,
        0,
        0.091878823935985565,
        -2.4510282514711434e-07,
        -0.99577021598815918,
        0,
        -1.7272982597351074,
        -0.13698506355285645,
        -8.6948308944702148,
        1
      ]
    },
    {
      "headingUncertainty" : 1.9921365977032381,
      "geoAnchorTransform" : [
        -0.99900698661804199,
        -3.9202110002634072e-08,
        -0.044553983956575394,
        0,
        -2.4966077205590409e-08,
        1,
        -3.2007963568503328e-07,
        0,
        0.044553983956575394,
        -3.1864945526649535e-07,
        -0.99900698661804199,
        0,
        -1.7909849882125854,
        -0.14947947859764099,
        -9.2718954086303711,
        1
      ],
      "altitudeUncertainty" : 0.44634486195598294,
      "altitude" : 30.511322604492307,
      "latitude" : 42.293225462556485,
      "longitude" : -71.264063442296163,
      "heading" : 191.17763587431136,
      "GARAnchorUUID" : "03E8CBF5-B0CE-44EA-A17A-EE3A6136B610",
      "horizontalUncertainty" : 0.63290128299537596
    },
    {
      "GARAnchorUUID" : "11A6C8DB-9649-47DC-B0D6-871CA7F17D58",
      "headingUncertainty" : 2.0971794209492809,
      "geoAnchorTransform" : [
        -0.99251890182495117,
        -6.9770621280440537e-08,
        -0.12209102511405945,
        0,
        -2.7160579563201281e-08,
        1,
        -3.5066648251813604e-07,
        0,
        0.12209102511405945,
        -3.4472705578991736e-07,
        -0.99251890182495117,
        0,
        -1.8362799882888794,
        -0.14538680016994476,
        -9.8494472503662109,
        1
      ],
      "heading" : 195.61509361663863,
      "horizontalUncertainty" : 0.66479000479601258,
      "longitude" : -71.264063911126087,
      "latitude" : 42.293220302805203,
      "altitude" : 30.515487369149923,
      "altitudeUncertainty" : 0.46783716720487956
    },
    {
      "GARAnchorUUID" : "61CD8F7B-245B-4B3D-B470-099880CB9235",
      "longitude" : -71.264063381994887,
      "altitude" : 30.556591903790832,
      "headingUncertainty" : 2.1359246989178273,
      "geoAnchorTransform" : [
        -0.99808633327484131,
        -6.2306931170041935e-08,
        -0.061835698783397675,
        0,
        -4.0463596917561517e-08,
        1,
        -3.5450017321636551e-07,
        0,
        0.061835698783397675,
        -3.5131969866597501e-07,
        -0.99808633327484131,
        0,
        -1.9682724475860596,
        -0.1047312319278717,
        -10.454970359802246,
        1
      ],
      "horizontalUncertainty" : 0.67198431576786299,
      "latitude" : 42.293214786721968,
      "heading" : 192.12001792347212,
      "altitudeUncertainty" : 0.47154779371664524
    },
    {
      "altitude" : 30.550570556893945,
      "horizontalUncertainty" : 0.46585141567418969,
      "latitude" : 42.293209270171879,
      "geoAnchorTransform" : [
        -0.99615389108657837,
        -3.9055482403682618e-08,
        -0.087620608508586884,
        0,
        -2.6413346176923369e-08,
        1,
        -1.4544208681854798e-07,
        0,
        0.087620608508586884,
        -1.4256835356718511e-07,
        -0.99615389108657837,
        0,
        -2.1485052108764648,
        -0.1129937469959259,
        -11.038203239440918,
        1
      ],
      "headingUncertainty" : 1.6190848194642038,
      "altitudeUncertainty" : 0.32820891713676797,
      "GARAnchorUUID" : "B132656F-9837-4C77-B7BE-CC09A8959702",
      "longitude" : -71.264062664596636,
      "heading" : 193.50634829756476
    },
    {
      "heading" : 181.28015827251738,
      "altitude" : 30.555608392693102,
      "longitude" : -71.264061264299087,
      "GARAnchorUUID" : "1D56B1E1-7033-4993-BABF-0CDFBCE61411",
      "altitudeUncertainty" : 0.279479705972149,
      "headingUncertainty" : 1.5709023169851697,
      "horizontalUncertainty" : 0.39793354857403157,
      "latitude" : 42.293203533288704,
      "geoAnchorTransform" : [
        -0.99219322204589844,
        -2.7136787039694354e-08,
        0.12471011281013489,
        0,
        -4.3089663392947841e-08,
        1,
        -1.2522227166300581e-07,
        0,
        -0.12471011281013489,
        -1.2961839956915355e-07,
        -0.99219322204589844,
        0,
        -2.3703112602233887,
        -0.10859403759241104,
        -11.645739555358887,
        1
      ]
    },
    {
      "heading" : 181.30157319438393,
      "longitude" : -71.264058891944799,
      "latitude" : 42.293198060651704,
      "altitude" : 30.524587468244135,
      "altitudeUncertainty" : 0.35736930573628511,
      "horizontalUncertainty" : 0.50755156101974563,
      "headingUncertainty" : 1.8189169974227199,
      "GARAnchorUUID" : "D8979273-19A4-4397-B74B-0FB6716B813D",
      "geoAnchorTransform" : [
        -0.99224007129669189,
        -5.9708227695409732e-08,
        0.12433674931526184,
        0,
        -8.701945830580371e-08,
        1,
        -2.1422438578611036e-07,
        0,
        -0.12433674931526184,
        -2.233817326668941e-07,
        -0.99224007129669189,
        0,
        -2.6530318260192871,
        -0.13958245515823364,
        -12.218301773071289,
        1
      ]
    },
    {
      "geoAnchorTransform" : [
        -0.99885791540145874,
        -5.8087721299671102e-08,
        0.047779470682144165,
        0,
        -6.6704657797345135e-08,
        1,
        -1.7875360924790584e-07,
        0,
        -0.047779470682144165,
        -1.8173656712860975e-07,
        -0.99885791540145874,
        0,
        -2.8531022071838379,
        -0.14461000263690948,
        -12.831415176391602,
        1
      ],
      "GARAnchorUUID" : "C34C0E17-C683-4E2A-ADB3-928D7E250928",
      "horizontalUncertainty" : 0.47953087287289248,
      "altitude" : 30.507281775586307,
      "altitudeUncertainty" : 0.33443664240121718,
      "longitude" : -71.264057098768376,
      "headingUncertainty" : 1.720384021813792,
      "heading" : 185.6640615316519,
      "latitude" : 42.29319243197456
    },
    {
      "heading" : 188.94255993352041,
      "altitudeUncertainty" : 0.25083014086404848,
      "geoAnchorTransform" : [
        -0.9999542236328125,
        -2.991366443438892e-08,
        -0.0095690395683050156,
        0,
        -2.944462806908632e-08,
        1,
        -4.9156767545355251e-08,
        0,
        0.0095690395683050156,
        -4.887276006115826e-08,
        -0.9999542236328125,
        0,
        -3.1493253707885742,
        -0.12720206379890442,
        -13.364907264709473,
        1
      ],
      "GARAnchorUUID" : "E7D8C709-6D0B-46FC-A3AC-A4543BFCA67D",
      "horizontalUncertainty" : 0.37388552805711289,
      "latitude" : 42.293187343193843,
      "longitude" : -71.264054070895909,
      "altitude" : 30.511291321367025,
      "headingUncertainty" : 1.4292897506600455
    },
    {
      "horizontalUncertainty" : 0.4895027132913945,
      "altitudeUncertainty" : 0.33589435399776602,
      "longitude" : -71.26405212571531,
      "geoAnchorTransform" : [
        -0.99962157011032104,
        -7.1564656423106499e-08,
        -0.027507947757840157,
        0,
        -6.780845751563902e-08,
        1,
        -1.3748248761658033e-07,
        0,
        0.027507947757840157,
        -1.3556520173096942e-07,
        -0.99962157011032104,
        0,
        -3.3945534229278564,
        -0.14238269627094269,
        -13.927851676940918,
        1
      ],
      "latitude" : 42.293182007339468,
      "GARAnchorUUID" : "9B9238BC-283B-4806-9122-17699CEE44C4",
      "headingUncertainty" : 1.678885827477222,
      "heading" : 189.97051612391931,
      "altitude" : 30.496104938909411
    },
    {
      "geoAnchorTransform" : [
        -0.99564528465270996,
        -1.112352450149956e-07,
        -0.093222491443157196,
        0,
        -9.0020805032509088e-08,
        1,
        -2.3177300079169072e-07,
        0,
        0.093222491443157196,
        -2.2237172458972054e-07,
        -0.99564528465270996,
        0,
        -3.5476601123809814,
        -0.097339831292629242,
        -14.555068969726562,
        1
      ],
      "headingUncertainty" : 1.916666482809398,
      "altitude" : 30.54108698759228,
      "horizontalUncertainty" : 0.57868906044528634,
      "latitude" : 42.293176223208448,
      "heading" : 193.74199203269367,
      "longitude" : -71.264051400165798,
      "altitudeUncertainty" : 0.40058248813595643,
      "GARAnchorUUID" : "C7202D0C-12AB-44D3-9FC7-B55AED870AB7"
    },
    {
      "horizontalUncertainty" : 0.64833401363761423,
      "latitude" : 42.293170890773894,
      "heading" : 209.28849444248294,
      "geoAnchorTransform" : [
        -0.93421280384063721,
        -2.0151946955593303e-07,
        -0.35671621561050415,
        0,
        -9.6741302968439413e-08,
        1,
        -3.1157122748481925e-07,
        0,
        0.35671621561050415,
        -2.5656464686107938e-07,
        -0.93421280384063721,
        0,
        -3.6207723617553711,
        -0.061972014605998993,
        -15.144034385681152,
        1
      ],
      "GARAnchorUUID" : "69820491-DB59-414B-917F-C849CE23C744",
      "altitudeUncertainty" : 0.45069952605751512,
      "altitude" : 30.576404389925301,
      "headingUncertainty" : 2.1310922780763617,
      "longitude" : -71.264051566619074
    },
    {
      "altitudeUncertainty" : 0.4921298043512965,
      "latitude" : 42.293165077283767,
      "GARAnchorUUID" : "CE62C9C1-AFEE-4A8E-B939-03927E83425E",
      "headingUncertainty" : 2.3287866862873372,
      "longitude" : -71.264052853927865,
      "heading" : 212.62771814284429,
      "altitude" : 30.580762054771185,
      "horizontalUncertainty" : 0.70618753391063815,
      "geoAnchorTransform" : [
        -0.91182577610015869,
        -2.4352166860808211e-07,
        -0.41057738661766052,
        0,
        -8.9391157587215275e-08,
        1,
        -3.9459678191633429e-07,
        0,
        0.41057738661766052,
        -3.2310151709680213e-07,
        -0.91182577610015869,
        0,
        -3.6102204322814941,
        -0.057750456035137177,
        -15.799616813659668,
        1
      ]
    },
    {
      "horizontalUncertainty" : 0.31448807948376467,
      "longitude" : -71.264053319923335,
      "altitudeUncertainty" : 0.2131541689907667,
      "geoAnchorTransform" : [
        -0.93775910139083862,
        -2.5680087389901018e-08,
        -0.34728643298149109,
        0,
        -7.462937823277116e-09,
        1,
        -5.3793201004737057e-08,
        0,
        0.34728643298149109,
        -4.7853287554744384e-08,
        -0.93775910139083862,
        0,
        -3.674116849899292,
        -0.063498325645923615,
        -16.418285369873047,
        1
      ],
      "latitude" : 42.293159354845336,
      "altitude" : 30.521767026744783,
      "headingUncertainty" : 1.3608788459297856,
      "GARAnchorUUID" : "A0EA17C3-7342-46A6-8641-9C1F6E8484AD",
      "heading" : 208.67652288484044
    },
    {
      "longitude" : -71.264054516714623,
      "horizontalUncertainty" : 0.42331841760125477,
      "altitude" : 30.545457791537046,
      "heading" : 200.7597997992242,
      "GARAnchorUUID" : "3C85B7C1-27B4-4A8C-9DF2-2E65AA5FF449",
      "altitudeUncertainty" : 0.29204280086806633,
      "geoAnchorTransform" : [
        -0.97665148973464966,
        -3.426501038461538e-08,
        -0.21482975780963898,
        0,
        -4.0183598670751053e-09,
        1,
        -1.4123031633062055e-07,
        0,
        0.21482975780963898,
        -1.3706953438941127e-07,
        -0.97665148973464966,
        0,
        -3.6672754287719727,
        -0.038358796387910843,
        -17.048887252807617,
        1
      ],
      "headingUncertainty" : 1.5783599708436027,
      "latitude" : 42.293153743351702
    },
    {
      "longitude" : -71.26405515024733,
      "latitude" : 42.29314804134129,
      "geoAnchorTransform" : [
        -0.97545987367630005,
        -6.3113731130215456e-08,
        -0.2201773077249527,
        0,
        -1.0378868431359933e-08,
        1,
        -2.4066767423391866e-07,
        0,
        0.2201773077249527,
        -2.3247646652180265e-07,
        -0.97545987367630005,
        0,
        -3.7076053619384766,
        -0.031535938382148743,
        -17.683139801025391,
        1
      ],
      "horizontalUncertainty" : 0.52819940601166493,
      "GARAnchorUUID" : "1A27E035-4B67-4AFA-8B0A-C1824E450565",
      "altitudeUncertainty" : 0.36767356374017318,
      "heading" : 201.07370903427537,
      "altitude" : 30.552278004586697,
      "headingUncertainty" : 1.8278281831374072
    },
    {
      "latitude" : 42.293142538921998,
      "heading" : 204.36283309305,
      "longitude" : -71.264052378597981,
      "altitude" : 30.624085816554725,
      "headingUncertainty" : 1.3213262876609564,
      "horizontalUncertainty" : 0.355778403627658,
      "altitudeUncertainty" : 0.22571609735572745,
      "GARAnchorUUID" : "8795D311-44BD-40F9-849B-B0702A0A1515",
      "geoAnchorTransform" : [
        -0.96151536703109741,
        -1.0675234030088632e-08,
        -0.27475112676620483,
        0,
        4.9690456194184662e-09,
        1,
        -5.6243802504241103e-08,
        0,
        0.27475112676620483,
        -5.544453074435296e-08,
        -0.96151536703109741,
        0,
        -3.6673283576965332,
        -0.0081543466076254845,
        -18.303749084472656,
        1
      ]
    },
    {
      "heading" : 193.91036105435555,
      "altitude" : 30.672130431048572,
      "altitudeUncertainty" : 0.31995337903046006,
      "latitude" : 42.293136409105578,
      "horizontalUncertainty" : 0.47901936097655068,
      "longitude" : -71.264052904781082,
      "headingUncertainty" : 1.5785442971557802,
      "GARAnchorUUID" : "4A81902E-1C03-4A6C-B0C3-706BFB2608C9",
      "geoAnchorTransform" : [
        -0.99540483951568604,
        -1.9531784190007784e-08,
        -0.09575624018907547,
        0,
        -3.9766301362931245e-09,
        1,
        -1.6263615520983876e-07,
        0,
        0.09575624018907547,
        -1.6150802650827245e-07,
        -0.99540483951568604,
        0,
        -3.7240302562713623,
        0.03992028534412384,
        -18.983650207519531,
        1
      ]
    },
    {
      "altitudeUncertainty" : 0.38510272735057183,
      "geoAnchorTransform" : [
        -0.99394774436950684,
        -4.2098186270322913e-08,
        -0.10985385626554489,
        0,
        -1.3814971389081165e-08,
        1,
        -2.5822333782343776e-07,
        0,
        0.10985385626554489,
        -2.5514285084682342e-07,
        -0.99394774436950684,
        0,
        -3.7880477905273438,
        0.064425520598888397,
        -19.623659133911133,
        1
      ],
      "longitude" : -71.264053272902657,
      "horizontalUncertainty" : 0.56703651459076188,
      "heading" : 194.72220773624477,
      "altitude" : 30.696227379143238,
      "latitude" : 42.29313062255509,
      "GARAnchorUUID" : "55FEFB93-2004-4CB3-A2BC-E97D71787148",
      "headingUncertainty" : 1.8083935362828445
    },
    {
      "altitudeUncertainty" : 0.25294516071068385,
      "latitude" : 42.293124042811961,
      "heading" : 187.46982367519357,
      "GARAnchorUUID" : "D285F959-B352-40A6-A495-D2121E0FAB64",
      "altitude" : 30.749668745324016,
      "longitude" : -71.264058415823868,
      "headingUncertainty" : 1.2971483159706918,
      "geoAnchorTransform" : [
        -0.9998466968536377,
        -4.5535513137906491e-09,
        0.017509359866380692,
        0,
        -5.416430859384036e-09,
        1,
        -4.9233626953082421e-08,
        0,
        -0.017509359866380692,
        -4.9320917128170549e-08,
        -0.9998466968536377,
        0,
        -3.821622371673584,
        0.12857881188392639,
        -20.276729583740234,
        1
      ],
      "horizontalUncertainty" : 0.34226612951113272
    },
    {
      "latitude" : 42.293118216676149,
      "longitude" : -71.264058505135239,
      "altitude" : 30.768627004697919,
      "heading" : 188.69345113861638,
      "headingUncertainty" : 1.5468460079874486,
      "GARAnchorUUID" : "2367195D-9613-48A1-96AD-5F6C14B48DF7",
      "geoAnchorTransform" : [
        -0.99999260902404785,
        -1.9821074559445151e-08,
        -0.0038458483759313822,
        0,
        -1.924488302051941e-08,
        1,
        -1.4985872098804975e-07,
        0,
        0.0038458483759313822,
        -1.4978358819917048e-07,
        -0.99999260902404785,
        0,
        -3.9096906185150146,
        0.14753052592277527,
        -20.917919158935547,
        1
      ],
      "altitudeUncertainty" : 0.33749405772073027,
      "horizontalUncertainty" : 0.46582384005473215
    },
    {
      "GARAnchorUUID" : "BC1C8261-0D48-4396-99CE-41F3390CED09",
      "altitude" : 30.762125900946558,
      "heading" : 182.97939377733303,
      "horizontalUncertainty" : 0.56260424884957017,
      "altitudeUncertainty" : 0.40454494472714891,
      "latitude" : 42.293112419818968,
      "headingUncertainty" : 1.7960225617988121,
      "geoAnchorTransform" : [
        -0.99540668725967407,
        -6.6366685480545584e-09,
        0.095736853778362274,
        0,
        -3.0716890364601568e-08,
        1,
        -2.5005132897604199e-07,
        0,
        -0.095736853778362274,
        -2.5184351670759497e-07,
        -0.99540668725967407,
        0,
        -3.9829509258270264,
        0.1410137265920639,
        -21.558034896850586,
        1
      ],
      "longitude" : -71.264058770197209
    },
    {
      "altitude" : 30.692135410383344,
      "horizontalUncertainty" : 0.33006757036572343,
      "GARAnchorUUID" : "0BF691AD-D22E-4375-9EE5-2692FC6F1A4C",
      "headingUncertainty" : 1.3238378000642481,
      "latitude" : 42.293108339979966,
      "geoAnchorTransform" : [
        -0.99267929792404175,
        -8.9129441604995918e-09,
        0.12077993899583817,
        0,
        -1.2686199646338991e-08,
        1,
        -3.0471817069610552e-08,
        0,
        -0.12077993899583817,
        -3.1780977849393821e-08,
        -0.99267929792404175,
        0,
        -4.2031865119934082,
        0.13698124885559082,
        -22.126016616821289,
        1
      ],
      "altitudeUncertainty" : 0.23868888339760794,
      "longitude" : -71.264056024434311,
      "heading" : 181.54259574250398
    },
    {
