{
  "garAnchorTimestamps" : [
    193055.98457941599,
    193057.08425766599,
    193058.08396475,
    193059.08367141601,
    193060.08337787501,
    193061.08308400001,
    193062.08278962501,
    193063.09915616599,
    193064.11552200001,
    193065.11522691601,
    193066.11493099999,
    193067.13129595801,
    193068.147660791,
    193069.14736370801,
    193070.14706583301,
    193071.14676800001,
    193072.14646987501,
    193073.14617079101,
    193074.16253416601,
    193075.162235041,
    193076.16193533299,
    193077.16163591601,
    193078.161332583,
    193079.16103529101,
    193080.17739616599,
    193081.177095208,
    193082.17679391601,
    193083.17649275,
    193084.17619108301,
    193085.19255079099,
    193086.19224916599,
    193087.19194700001,
    193088.19164504099,
    193089.19134266599,
    193090.19104008301,
    193091.207398625,
    193092.207095916,
    193093.20679241599,
    193094.20648945801,
    193095.206185916,
    193096.20588254099,
    193097.272224416,
    193098.27192095801,
    193099.27161641599,
    193100.271312083,
    193101.28766908299,
    193102.3206875,
    193103.32038225001,
    193104.353400875,
    193105.35309579101,
    193106.35279062501,
    193107.385808416,
    193108.385503,
    193109.38519725,
    193110.38489125,
    193111.384585875,
    193112.384279916,
    193113.40063616601,
    193114.40033029101,
    193115.40002408301,
    193116.39971766601,
    193117.39941124999,
    193118.39910433299,
    193119.41545912501,
    193120.415151875,
    193121.414844541,
    193122.41453754099,
    193123.414230083,
    193124.41392216599,
    193125.430276083,
    193126.42996816599,
    193127.42965987499,
    193128.42935154101,
    193129.42904399999,
    193130.42873554101,
    193131.44508808301,
    193132.44477954099,
    193133.44446966599
  ],
  "stateSequenceTime" : [
    25.383316040039062,
    510.06781196594238,
    518.83716893196106,
    596.92619597911835
  ],
  "trackingErrorData" : [
    "Normal"
  ],
  "stateSequence" : [
    "mainScreen(announceArrival=false)",
    "startingResumeProcedure(route=FB725CF0-D7A3-4D4C-9DDE-EB979114243D, mapexists=true, navigateStartToEnd=true)",
    "navigatingRoute",
    "endScreen"
  ],
  "settingsHistory" : [
    {
      "defaultColor" : 0,
      "disableARWorldMap" : true,
      "voiceFeedback" : true,
      "defaultUnit" : 0,
      "hapticFeedback" : true,
      "timerLength" : 5,
      "visualizeCloudAnchors" : true,
      "localizationThreshold" : 0,
      "soundFeedback" : true,
      "relativeTimeStamp" : 0.59400796890258789,
      "filterGeoSpatial" : true,
      "adjustOffset" : false,
      "sendLogs" : true
    },
    {
      "disableARWorldMap" : true,
      "filterGeoSpatial" : true,
      "localizationThreshold" : 0,
      "soundFeedback" : true,
      "hapticFeedback" : true,
      "sendLogs" : true,
      "defaultColor" : 0,
      "visualizeCloudAnchors" : true,
      "adjustOffset" : false,
      "defaultUnit" : 0,
      "voiceFeedback" : true,
      "timerLength" : 5,
      "relativeTimeStamp" : 6.8817130327224731
    },
    {
      "sendLogs" : true,
      "localizationThreshold" : 0,
      "adjustOffset" : false,
      "defaultColor" : 0,
      "soundFeedback" : true,
      "disableARWorldMap" : true,
      "filterGeoSpatial" : true,
      "voiceFeedback" : true,
      "hapticFeedback" : true,
      "visualizeCloudAnchors" : true,
      "relativeTimeStamp" : 7.0265539884567261,
      "timerLength" : 5,
      "defaultUnit" : 0
    },
    {
      "timerLength" : 5,
      "defaultUnit" : 0,
      "adjustOffset" : false,
      "sendLogs" : true,
      "soundFeedback" : true,
      "defaultColor" : 0,
      "voiceFeedback" : true,
      "disableARWorldMap" : true,
      "relativeTimeStamp" : 7.4003709554672241,
      "visualizeCloudAnchors" : true,
      "hapticFeedback" : true,
      "filterGeoSpatial" : true,
      "localizationThreshold" : 0
    },
    {
      "visualizeCloudAnchors" : true,
      "filterGeoSpatial" : true,
      "timerLength" : 5,
      "localizationThreshold" : 0,
      "defaultColor" : 0,
      "adjustOffset" : false,
      "voiceFeedback" : true,
      "defaultUnit" : 0,
      "soundFeedback" : true,
      "relativeTimeStamp" : 15.792207956314087,
      "hapticFeedback" : true,
      "disableARWorldMap" : true,
      "sendLogs" : true
    }
  ],
  "PathType" : "notrated",
  "hasMap" : true,
  "garAnchors" : [
    [
      {
        "identifier" : "92E43909-4291-49AC-A50C-1DB553D02206",
        "transform" : [
          1,
          0,
          0,
          0,
          0,
          1,
          0,
          0,
          0,
          0,
          1,
          0,
          0,
          0,
          0,
          1
        ],
        "hasValidTransform" : false,
        "cloudIdentifier" : ""
      },
      {
        "transform" : [
          1,
          0,
          0,
          0,
          0,
          1,
          0,
          0,
          0,
          0,
          1,
          0,
          0,
          0,
          0,
          1
        ],
        "identifier" : "AC993E70-9038-42E6-A4FF-20D8EB9DE507",
        "hasValidTransform" : false,
        "cloudIdentifier" : ""
      },
      {
        "transform" : [
          0.4575827419757843,
          -3.6000960790261161e-06,
          -0.88916707038879395,
          0,
          9.4696606538491324e-06,
          1,
          8.2443159499234753e-07,
          0,
          0.88916707038879395,
          -8.7973558038356714e-06,
          0.4575827419757843,
          0,
          60.377639770507812,
          0.23667734861373901,
          5.2105827331542969,
          1
        ],
        "cloudIdentifier" : "",
        "identifier" : "1044FEE1-AF5E-470E-8468-0B468E4DC6C9",
        "hasValidTransform" : true
      },
      {
        "transform" : [
          0.72967344522476196,
          -5.6183557717304211e-06,
          -0.6837957501411438,
          0,
          8.1566331573412754e-06,
          1,
          4.8745988578957622e-07,
          0,
          0.6837957501411438,
          -5.9331578086130321e-06,
          0.72967344522476196,
          0,
          52.020401000976562,
          0.082241103053092957,
          3.067988395690918,
          1
        ],
        "hasValidTransform" : true,
        "cloudIdentifier" : "",
        "identifier" : "A0EA17C3-7342-46A6-8641-9C1F6E8484AD"
      },
      {
        "transform" : [
          0.5043836236000061,
          -2.9938962597952923e-06,
          -0.86347967386245728,
          0,
          5.8763935157912783e-06,
          1,
          -3.4673128368467587e-08,
          0,
          0.86347967386245728,
          -5.0566577556310222e-06,
          0.5043836236000061,
          0,
          37.506481170654297,
          0.30435130000114441,
          -0.25027266144752502,
          1
        ],
        "hasValidTransform" : true,
        "cloudIdentifier" : "",
        "identifier" : "C4C5E76B-0AF5-47E0-8AB1-978214717F5C"
      },
      {
        "hasValidTransform" : true,
        "transform" : [
          0.3375076949596405,
          -2.2831370642961701e-06,
          -0.94132274389266968,
          0,
          8.9916502474807203e-06,
          1,
          7.9846603284750017e-07,
          0,
          0.94132274389266968,
          -8.7335338321281597e-06,
          0.3375076949596405,
          0,
          57.334556579589844,
          0.25256264209747314,
          5.0481586456298828,
          1
        ],
        "identifier" : "0BF691AD-D22E-4375-9EE5-2692FC6F1A4C",
        "cloudIdentifier" : ""
      },
      {
        "transform" : [
          0.706307053565979,
          -6.2586773310613353e-06,
          -0.70790559053421021,
          0,
          1.003630313789472e-05,
          1,
          1.1725217063940363e-06,
          0,
          0.70790559053421021,
          -7.9329156505991705e-06,
          0.706307053565979,
          0,
          63.982883453369141,
          0.41641074419021606,
          7.4294161796569824,
          1
        ],
        "hasValidTransform" : true,
        "cloudIdentifier" : "",
        "identifier" : "DEBBE4CE-364D-47F3-9D58-E67CF9AF4D08"
      },
      {
        "identifier" : "03E8CBF5-B0CE-44EA-A17A-EE3A6136B610",
        "cloudIdentifier" : "",
        "hasValidTransform" : true,
        "transform" : [
          0.49029764533042908,
          -3.2224593269347679e-06,
          -0.87155503034591675,
          0,
          7.0196615524764638e-06,
          1,
          2.5157820005006215e-07,
          0,
          0.87155503034591675,
          -6.2413696468865965e-06,
          0.49029764533042908,
          0,
          44.783363342285156,
          0.071852162480354309,
          1.5696828365325928,
          1
        ]
      },
      {
        "cloudIdentifier" : "",
        "hasValidTransform" : true,
        "identifier" : "46D83D15-AA20-4EF3-8727-1EACFE6382DE",
        "transform" : [
          0.4078497588634491,
          -2.4322846456925618e-06,
          -0.91304904222488403,
          0,
          5.9688600231311284e-06,
          1,
          2.3147121996913711e-09,
          0,
          0.91304904222488403,
          -5.450805929285707e-06,
          0.4078497588634491,
          0,
          38.094970703125,
          0.33413508534431458,
          -0.0146939717233181,
          1
        ]
      },
      {
        "hasValidTransform" : true,
        "cloudIdentifier" : "",
        "identifier" : "BC1C8261-0D48-4396-99CE-41F3390CED09",
        "transform" : [
          0.36100456118583679,
          -2.4623016088298755e-06,
          -0.93256407976150513,
          0,
          8.912938938010484e-06,
          1,
          8.0992833773052553e-07,
          0,
          0.93256407976150513,
          -8.6042746261227876e-06,
          0.36100456118583679,
          0,
          56.833339691162109,
          0.32255756855010986,
          5.121880054473877,
          1
        ]
      },
      {
        "identifier" : "15451A0A-214F-4EA3-8DAB-63DBC1D89C10",
        "transform" : [
          0.42687615752220154,
          -2.7696423785528168e-06,
          -0.90431010723114014,
          0,
          6.8553649725799914e-06,
          1,
          1.7333586299628223e-07,
          0,
          0.90431010723114014,
          -6.2733683989790734e-06,
          0.42687615752220154,
          0,
          43.737850189208984,
          0.11758613586425781,
          1.0711938142776489,
          1
        ],
        "hasValidTransform" : true,
        "cloudIdentifier" : ""
      },
      {
        "cloudIdentifier" : "",
        "transform" : [
          0.53129309415817261,
          -4.0220734263129998e-06,
          -0.84718811511993408,
          0,
          8.5387855506269261e-06,
          1,
          6.0733140117008588e-07,
          0,
          0.84718811511993408,
          -7.5566281338979024e-06,
          0.53129309415817261,
          0,
          54.452617645263672,
          0.23258379101753235,
          3.8308017253875732,
          1
        ],
        "hasValidTransform" : true,
        "identifier" : "4A81902E-1C03-4A6C-B0C3-706BFB2608C9"
      },
      {
        "cloudIdentifier" : "",
        "hasValidTransform" : true,
        "transform" : [
          0.53520345687866211,
          -4.2849010242207441e-06,
          -0.8447231650352478,
          0,
          1.0792144166771322e-05,
          1,
          1.7651843791099964e-06,
          0,
          0.8447231650352478,
          -1.0061106877401471e-05,
          0.53520345687866211,
          0,
          68.790992736816406,
          0.69515877962112427,
          11.20866870880127,
          1
        ],
        "identifier" : "4ACA57E9-AB96-4AC9-BE1A-68351B7218E2"
      },
      {
        "identifier" : "D8D441D9-A9F4-43A5-9431-2FD6435CB972",
        "transform" : [
          0.47021365165710449,
          -3.7300274016160984e-06,
          -0.8825526237487793,
          0,
          9.6433777798665687e-06,
          1,
          9.1147052216911106e-07,
          0,
          0.8825526237487793,
          -8.9393743110122159e-06,
          0.47021365165710449,
          0,
          61.483055114746094,
          0.32774430513381958,
          5.7651834487915039,
          1
        ],
        "hasValidTransform" : true,
        "cloudIdentifier" : ""
      },
      {
        "cloudIdentifier" : "",
        "transform" : [
          0.4665292501449585,
          -3.4770489492075285e-06,
          -0.8845057487487793,
          0,
          1.0833594387804624e-05,
          1,
          1.7830748220148962e-06,
          0,
          0.8845057487487793,
          -1.0414233656774741e-05,
          0.4665292501449585,
          0,
          69.0546875,
          0.68880480527877808,
          11.322582244873047,
          1
        ],
        "hasValidTransform" : true,
        "identifier" : "8D7FC0EA-94B3-4999-8EC8-2037DB2461DB"
      },
      {
        "cloudIdentifier" : "",
        "identifier" : "57AF0549-9E07-4D4D-BB6A-F8B646B79C2C",
        "hasValidTransform" : true,
        "transform" : [
          0.3919147253036499,
          -2.5201172775268788e-06,
          -0.9200015664100647,
          0,
          6.7716227931668982e-06,
          1,
          1.4541446091698162e-07,
          0,
          0.9200015664100647,
          -6.2868934946891386e-06,
          0.3919147253036499,
          0,
          43.204910278320312,
          0.14970780909061432,
          0.89349335432052612,
          1
        ]
      },
      {
        "transform" : [
          0.30610918998718262,
          -1.8831660781870596e-06,
          -0.95199638605117798,
          0,
          6.3976094679674134e-06,
          1,
          7.8993004137828393e-08,
          0,
          0.95199638605117798,
          -6.1146820371504873e-06,
          0.30610918998718262,
          0,
          40.824123382568359,
          0.24588438868522644,
          0.47194713354110718,
          1
        ],
        "identifier" : "ADCB8D5D-3CF3-419A-ABE3-971E9542E7D0",
        "cloudIdentifier" : "",
        "hasValidTransform" : true
      },
      {
        "identifier" : "D250C08D-5E70-4BBC-89FC-6383E27EE4F5",
        "hasValidTransform" : true,
        "transform" : [
          0.67254012823104858,
          -5.9076751313114073e-06,
          -0.74006062746047974,
          0,
          1.041138602886349e-05,
          1,
          1.4787973441343638e-06,
          0,
          0.74006062746047974,
          -8.6996078607626259e-06,
          0.67254012823104858,
          0,
          66.368804931640625,
          0.41757652163505554,
          9.3825769424438477,
          1
        ],
        "cloudIdentifier" : ""
      },
      {
        "hasValidTransform" : true,
        "transform" : [
          0.64090555906295776,
          -5.5532509577460587e-06,
          -0.76761972904205322,
          0,
          1.0558190297160763e-05,
          1,
          1.580928142175253e-06,
          0,
          0.76761972904205322,
          -9.1179008450126275e-06,
          0.64090555906295776,
          0,
          67.302734375,
          0.53236234188079834,
          10.033710479736328,
          1
        ],
        "cloudIdentifier" : "",
        "identifier" : "E8591885-5B85-4611-B411-6FC679ACCDA5"
      },
      {
        "hasValidTransform" : true,
        "cloudIdentifier" : "",
        "transform" : [
          0.37237963080406189,
          -2.2295082544587785e-06,
          -0.92808049917221069,
          0,
          6.129370831331471e-06,
          1,
          5.7047348178684842e-08,
          0,
          0.92808049917221069,
          -5.7097931858152151e-06,
          0.37237963080406189,
          0,
          39.116519927978516,
          0.34395772218704224,
          0.33369186520576477,
          1
        ],
        "identifier" : "06426B91-4FE9-4456-8CB8-3E4937E68991"
      },
      {
        "cloudIdentifier" : "",
        "identifier" : "CE62C9C1-AFEE-4A8E-B939-03927E83425E",
        "transform" : [
          0.77505725622177124,
          -5.9650519688148052e-06,
          -0.63189101219177246,
          0,
          8.0636236816644669e-06,
          1,
          4.5058001774123113e-07,
          0,
          0.63189101219177246,
          -5.4445563364424743e-06,
          0.77505725622177124,
          0,
          51.428485870361328,
          0.14124104380607605,
          2.8331270217895508,
          1
        ],
        "hasValidTransform" : true
      },
      {
        "transform" : [
          0.35661584138870239,
          -2.5823226224019891e-06,
          -0.93425112962722778,
          0,
          9.3713179012411274e-06,
          1,
          8.1309809729646076e-07,
          0,
          0.93425112962722778,
          -9.0451276264502667e-06,
          0.35661584138870239,
          0,
          59.751621246337891,
          0.22280444204807281,
          5.1389122009277344,
          1
        ],
        "cloudIdentifier" : "",
        "identifier" : "D592C3EC-695E-4773-8C9F-7AE6D9C18AE8",
        "hasValidTransform" : true
      },
      {
        "cloudIdentifier" : "",
        "identifier" : "3C85B7C1-27B4-4A8C-9DF2-2E65AA5FF449",
        "hasValidTransform" : true,
        "transform" : [
          0.62853747606277466,
          -4.7678795453975908e-06,
          -0.77777928113937378,
          0,
          8.2448577813920565e-06,
          1,
          5.327001417754218e-07,
          0,
          0.77777928113937378,
          -6.7475020841811784e-06,
          0.62853747606277466,
          0,
          52.581798553466797,
          0.10592711716890335,
          3.3562636375427246,
          1
        ]
      },
      {
        "cloudIdentifier" : "",
        "identifier" : "BB812707-7FEB-452A-AE96-6B0B0385D703",
        "transform" : [
          0.3954710066318512,
          -2.9294744763319613e-06,
          -0.91847842931747437,
          0,
          9.2686686912202276e-06,
          1,
          8.0134174140766845e-07,
          0,
          0.91847842931747437,
          -8.8299793787882663e-06,
          0.3954710066318512,
          0,
          59.098182678222656,
          0.17078754305839539,
          5.0645737648010254,
          1
        ],
        "hasValidTransform" : true
      },
      {
        "transform" : [
          0.63278931379318237,
          -4.832929334952496e-06,
          -0.77432399988174438,
          0,
          8.3368558989604935e-06,
          1,
          5.7152311683239532e-07,
          0,
          0.77432399988174438,
          -6.8170816120982636e-06,
          0.63278931379318237,
          0,
          53.167247772216797,
          0.1127423420548439,
          3.6035439968109131,
          1
        ],
        "hasValidTransform" : true,
        "cloudIdentifier" : "",
        "identifier" : "1A27E035-4B67-4AFA-8B0A-C1824E450565"
      },
      {
        "transform" : [
          0.42556840181350708,
          -2.7191817935090512e-06,
          -0.90492624044418335,
          0,
          6.6869861257146113e-06,
          1,
          1.3988794478336786e-07,
          0,
          0.90492624044418335,
          -6.1107612054911442e-06,
          0.42556840181350708,
          0,
          42.666080474853516,
          0.24850308895111084,
          0.85877132415771484,
          1
        ],
        "cloudIdentifier" : "",
        "hasValidTransform" : true,
        "identifier" : "800AE273-1CE4-463E-93B6-78575ADECF9F"
      },
      {
        "identifier" : "F171307C-B97B-449C-9A99-22C5B3CE2562",
        "hasValidTransform" : true,
        "cloudIdentifier" : "",
        "transform" : [
          0.54285436868667603,
          -4.5003207560512237e-06,
          -0.83982688188552856,
          0,
          9.8252630778006278e-06,
          1,
          9.9230680916662095e-07,
          0,
          0.83982688188552856,
          -8.7901980805327184e-06,
          0.54285436868667603,
          0,
          62.640548706054688,
          0.34010988473892212,
          6.2801108360290527,
          1
        ]
      },
      {
        "identifier" : "73895A1F-8644-42F0-9C3B-F02D179A8450",
        "transform" : [
          0.5311545729637146,
          -3.4969705211551627e-06,
          -0.84727495908737183,
          0,
          6.9344109761004802e-06,
          1,
          2.1985020737247396e-07,
          0,
          0.84727495908737183,
          -5.9921271713392343e-06,
          0.5311545729637146,
          0,
          44.240745544433594,
          0.08437144011259079,
          1.3676252365112305,
          1
        ],
        "hasValidTransform" : true,
        "cloudIdentifier" : ""
      },
      {
        "transform" : [
          0.53614270687103271,
          -3.1640959150536219e-06,
          -0.844127357006073,
          0,
          5.783751930721337e-06,
          1,
          -7.4845971198556072e-08,
          0,
          0.844127357006073,
          -4.8420952225569636e-06,
          0.53614270687103271,
          0,
          36.916980743408203,
          0.29349315166473389,
          -0.50614440441131592,
          1
        ],
        "hasValidTransform" : true,
        "identifier" : "EC0C6ABA-93F0-41A8-9098-1BB3EC4F0035",
        "cloudIdentifier" : ""
      },
      {
        "identifier" : "69820491-DB59-414B-917F-C849CE23C744",
        "transform" : [
          0.73693525791168213,
          -5.602651526714908e-06,
          -0.67596334218978882,
          0,
          7.9724113675183617e-06,
          1,
          4.0312733062819461e-07,
          0,
          0.67596334218978882,
          -5.6861367738747504e-06,
          0.73693525791168213,
          0,
          50.848098754882812,
          0.13688817620277405,
          2.5307579040527344,
          1
        ],
        "cloudIdentifier" : "",
        "hasValidTransform" : true
      },
      {
        "hasValidTransform" : true,
        "identifier" : "55FEFB93-2004-4CB3-A2BC-E97D71787148",
        "transform" : [
          0.54324352741241455,
          -4.1498051359667443e-06,
          -0.83957517147064209,
          0,
          8.6332511273212731e-06,
          1,
          6.4336387595176348e-07,
          0,
          0.83957517147064209,
          -7.5977668529958464e-06,
          0.54324352741241455,
          0,
          55.053817749023438,
          0.25667545199394226,
          4.0602169036865234,
          1
        ],
        "cloudIdentifier" : ""
      },
      {
        "transform" : [
          0.45206046104431152,
          -3.2948332773230504e-06,
          -0.89198726415634155,
          0,
          8.8178785517811775e-06,
          1,
          7.7510179607997998e-07,
          0,
          0.89198726415634155,
          -8.2158285295008682e-06,
          0.45206046104431152,
          0,
          56.228401184082031,
          0.32906422019004822,
          4.9001822471618652,
          1
        ],
        "cloudIdentifier" : "",
        "hasValidTransform" : true,
        "identifier" : "2367195D-9613-48A1-96AD-5F6C14B48DF7"
      },
      {
        "transform" : [
          0.41577827930450439,
          -2.4692578790563857e-06,
          -0.90946602821350098,
          0,
          5.6027597565844189e-06,
          1,
          -1.5366403260941297e-07,
          0,
          0.90946602821350098,
          -5.0316293709329329e-06,
          0.41577827930450439,
          0,
          35.765235900878906,
          0.38173335790634155,
          -1.0081723928451538,
          1
        ],
        "hasValidTransform" : true,
        "cloudIdentifier" : "",
        "identifier" : "369C8C18-8D9C-4117-A8A5-59872C1C3267"
      },
      {
        "transform" : [
          0.68671715259552002,
          -6.0525294429680798e-06,
          -0.72692471742630005,
          0,
          9.9118424259359017e-06,
          1,
          1.0373873919888865e-06,
          0,
          0.72692471742630005,
          -7.9175551945809275e-06,
          0.68671715259552002,
          0,
          63.191463470458984,
          0.37227681279182434,
          6.5673956871032715,
          1
        ],
        "hasValidTransform" : true,
        "cloudIdentifier" : "",
        "identifier" : "2F4F36D8-B72F-4161-A7F6-28A1C82DB0F9"
      },
      {
        "identifier" : "BECEC9A2-6657-456E-BD46-2667B32036DD",
        "hasValidTransform" : true,
        "transform" : [
          0.25958821177482605,
          -1.6004648841771996e-06,
          -0.96571940183639526,
          0,
          9.1786441771546379e-06,
          1,
          8.0996903761842987e-07,
          0,
          0.96571940183639526,
          -9.0742532847798429e-06,
          0.25958821177482605,
          0,
          58.524971008300781,
          0.3141905665397644,
          5.120272159576416,
          1
        ],
        "cloudIdentifier" : ""
      },
      {
        "cloudIdentifier" : "",
        "identifier" : "5E5BCFE4-2D2B-4183-9A90-13DD6DE726A8",
        "hasValidTransform" : true,
        "transform" : [
          0.62885510921478271,
          -5.4028655540605541e-06,
          -0.7775225043296814,
          0,
          1.0120212209585588e-05,
          1,
          1.2363391306280391e-06,
          0,
          0.7775225043296814,
          -8.6461704995599575e-06,
          0.62885510921478271,
          0,
          64.516685485839844,
          0.42215344309806824,
          7.8363456726074219,
          1
        ]
      },
      {
        "cloudIdentifier" : "",
        "transform" : [
          0.40428882837295532,
          -2.7462622256280156e-06,
          -0.91463136672973633,
          0,
          7.5929297054244671e-06,
          1,
          3.5366636552680575e-07,
          0,
          0.91463136672973633,
          -7.087715403031325e-06,
          0.40428882837295532,
          0,
          48.432426452636719,
          0.067784473299980164,
          2.2175552845001221,
          1
        ],
        "identifier" : "C34C0E17-C683-4E2A-ADB3-928D7E250928",
        "hasValidTransform" : true
      },
      {
        "cloudIdentifier" : "",
        "hasValidTransform" : true,
        "transform" : [
          0.33319258689880371,
          -2.1383564217103412e-06,
          -0.94285881519317627,
          0,
          7.3920696195273194e-06,
          1,
          3.443000764491444e-07,
          0,
          0.94285881519317627,
          -7.0843962021172047e-06,
          0.33319258689880371,
          0,
          47.153671264648438,
          0.11612068861722946,
          2.1591408252716064,
          1
        ],
        "identifier" : "1D56B1E1-7033-4993-BABF-0CDFBCE61411"
      },
      {
        "cloudIdentifier" : "",
        "hasValidTransform" : true,
        "transform" : [
          0.51935297250747681,
          -3.1152972042036708e-06,
          -0.85455983877182007,
          0,
          6.0514339565997943e-06,
          1,
          3.221909494754982e-08,
          0,
          0.85455983877182007,
          -5.1880451792385429e-06,
          0.51935297250747681,
          0,
          38.620498657226562,
          0.32372474670410156,
          0.17568036913871765,
          1
        ],
        "identifier" : "0483E12F-6FB6-45D5-8AAF-499B62414A5E"
      },
      {
        "hasValidTransform" : true,
        "identifier" : "9B9238BC-283B-4806-9122-17699CEE44C4",
        "transform" : [
          0.47182798385620117,
          -3.3654694107099203e-06,
          -0.8816906213760376,
          0,
          7.7858212534920312e-06,
          1,
          3.4944113735946303e-07,
          0,
          0.8816906213760376,
          -7.029561857052613e-06,
          0.47182798385620117,
          0,
          49.660545349121094,
          0.056598201394081116,
          2.1892440319061279,
          1
        ],
        "cloudIdentifier" : ""
      },
      {
        "identifier" : "C7202D0C-12AB-44D3-9FC7-B55AED870AB7",
        "transform" : [
          0.52880126237869263,
          -3.8536454667337239e-06,
          -0.84874570369720459,
          0,
          7.8846560427336954e-06,
          1,
          3.7204412706159928e-07,
          0,
          0.84874570369720459,
          -6.8888052737747785e-06,
          0.52880126237869263,
          0,
          50.289634704589844,
          0.10157527029514313,
          2.3328843116760254,
          1
        ],
        "hasValidTransform" : true,
        "cloudIdentifier" : ""
      },
      {
        "hasValidTransform" : true,
        "cloudIdentifier" : "",
        "transform" : [
          0.52530622482299805,
          -3.5491680137056392e-06,
          -0.85091328620910645,
          0,
          7.2912980613182299e-06,
          1,
          3.3022899970092112e-07,
          0,
          0.85091328620910645,
          -6.3777338255022187e-06,
          0.52530622482299805,
          0,
          46.51220703125,
          0.11108759790658951,
          2.0700058937072754,
          1
        ],
        "identifier" : "B132656F-9837-4C77-B7BE-CC09A8959702"
      },
      {
        "cloudIdentifier" : "",
        "hasValidTransform" : true,
        "identifier" : "C6A50285-1980-4601-B571-BB81EAA613E4",
        "transform" : [
          0.50521934032440186,
          -4.0943518797575962e-06,
          -0.86299097537994385,
          0,
          9.7313813967048191e-06,
          1,
          9.5265210120487609e-07,
          0,
          0.86299097537994385,
          -8.8793922259355895e-06,
          0.50521934032440186,
          0,
          62.043117523193359,
          0.31325742602348328,
          6.0275731086730957,
          1
        ]
      },
      {
        "hasValidTransform" : true,
        "transform" : [
          0.62886285781860352,
          -5.4009628911444452e-06,
          -0.77751624584197998,
          0,
          1.0482827747182455e-05,
          1,
          1.5321849105021101e-06,
          0,
          0.77751624584197998,
          -9.1141027951380238e-06,
          0.62886285781860352,
          0,
          66.823272705078125,
          0.50593262910842896,
          9.7229747772216797,
          1
        ],
        "cloudIdentifier" : "",
        "identifier" : "D84A92E5-89BF-41A8-80BC-43D8E0E76574"
      },
      {
        "hasValidTransform" : true,
        "cloudIdentifier" : "",
        "transform" : [
          0.55626088380813599,
          -3.7141101074666949e-06,
          -0.83100771903991699,
          0,
          7.1033332460501697e-06,
          1,
          2.8543200869535212e-07,
          0,
          0.83100771903991699,
          -6.0616994232987054e-06,
          0.55626088380813599,
          0,
          45.315818786621094,
          0.076013103127479553,
          1.7852628231048584,
          1
        ],
        "identifier" : "11A6C8DB-9649-47DC-B0D6-871CA7F17D58"
      },
      {
        "cloudIdentifier" : "",
        "hasValidTransform" : true,
        "transform" : [
          0.40838325023651123,
          -2.4434441456833156e-06,
          -0.9128105640411377,
          0,
          5.638931725115981e-06,
          1,
          -1.5402861208713148e-07,
          0,
          0.9128105640411377,
          -5.0843736971728504e-06,
          0.40838325023651123,
          0,
          35.995532989501953,
          0.43548941612243652,
          -1.010744571685791,
          1
        ],
        "identifier" : "DB42F5A5-267D-45A1-98B7-6088464F449E"
      },
      {
        "hasValidTransform" : true,
        "transform" : [
          0.68646973371505737,
          -6.1111563809390645e-06,
          -0.72715836763381958,
          0,
          1.0685131201171316e-05,
          1,
          1.6830755384944496e-06,
          0,
          0.72715836763381958,
          -8.9251634562970139e-06,
          0.68646973371505737,
          0,
          68.110221862792969,
          0.59773164987564087,
          10.685073852539062,
          1
        ],
        "cloudIdentifier" : "",
        "identifier" : "00AD4A12-FAF8-4941-AE11-FB43AFD15996"
      },
      {
        "transform" : [
          0.4559343159198761,
          -3.1995321023714496e-06,
          -0.89001345634460449,
          0,
          7.6895130405318923e-06,
          1,
          3.4424297723489872e-07,
          0,
          0.89001345634460449,
          -7.0007222348067444e-06,
          0.4559343159198761,
          0,
          49.047378540039062,
          0.071789339184761047,
          2.1567022800445557,
          1
        ],
        "identifier" : "E7D8C709-6D0B-46FC-A3AC-A4543BFCA67D",
        "cloudIdentifier" : "",
        "hasValidTransform" : true
      },
      {
        "hasValidTransform" : true,
        "identifier" : "35BC7C0B-4ADB-40E3-AE2F-7F0A39AFC9AE",
        "cloudIdentifier" : "",
        "transform" : [
          0.041988767683506012,
          -4.0467827489010233e-07,
          -0.99911808967590332,
          0,
          5.6146254792110994e-06,
          1,
          -1.6907617350625515e-07,
          0,
          0.99911808967590332,
          -5.6025746744126081e-06,
          0.041988767683506012,
          0,
          35.840869903564453,
          0.47809356451034546,
          -1.1066668033599854,
          1
        ]
      },
      {
        "transform" : [
          0.65922611951828003,
          -5.7656698118080385e-06,
          -0.75194472074508667,
          0,
          9.9940034488099627e-06,
          1,
          1.0940149195448612e-06,
          0,
          0.75194472074508667,
          -8.2361420936649665e-06,
          0.65922611951828003,
          0,
          63.714145660400391,
          0.42196643352508545,
          6.9284095764160156,
          1
        ],
        "hasValidTransform" : true,
        "cloudIdentifier" : "",
        "identifier" : "04317DEE-3446-432C-841C-78D214E2121E"
      },
      {
        "identifier" : "8795D311-44BD-40F9-849B-B0702A0A1515",
        "hasValidTransform" : true,
        "cloudIdentifier" : "",
        "transform" : [
          0.67617338895797729,
          -5.2883056014252361e-06,
          -0.73674255609512329,
          0,
          8.4392613644013181e-06,
          1,
          5.6749610166662023e-07,
          0,
          0.73674255609512329,
          -6.6012889874400571e-06,
          0.67617338895797729,
          0,
          53.819259643554688,
          0.18454469740390778,
          3.577103853225708,
          1
        ]
      },
      {
        "identifier" : "A8031171-A973-4336-BCB9-C0E4D6666FBC",
        "cloudIdentifier" : "",
        "transform" : [
          0.75128674507141113,
          -6.7888336161558982e-06,
          -0.65997594594955444,
          0,
          1.0242922144243494e-05,
          1,
          1.3735921129409689e-06,
          0,
          0.65997594594955444,
          -7.7920431067468598e-06,
          0.75128674507141113,
          0,
          65.296951293945312,
          0.32236278057098389,
          8.7119197845458984,
          1
        ],
        "hasValidTransform" : true
      },
      {
        "cloudIdentifier" : "",
        "transform" : [
          0.63550317287445068,
          -5.4847250794409774e-06,
          -0.77209824323654175,
          0,
          1.062182491295971e-05,
          1,
          1.6390126802434679e-06,
          0,
          0.77209824323654175,
          -9.2426898845587857e-06,
          0.63550317287445068,
          0,
          67.707473754882812,
          0.57853591442108154,
          10.404168128967285,
          1
        ],
        "identifier" : "44F33C32-B065-41CA-AD62-1A052AD94AC2",
        "hasValidTransform" : true
      },
      {
        "cloudIdentifier" : "",
        "identifier" : "3E8065DD-D86C-47F0-83A5-14E46AF72B7B",
        "hasValidTransform" : true,
        "transform" : [
          0.39031660556793213,
          -2.5876756808429491e-06,
          -0.9206807017326355,
          0,
          1.0843164091056678e-05,
          1,
          1.7862779486677027e-06,
          0,
          0.9206807017326355,
          -1.0680306331778411e-05,
          0.39031660556793213,
          0,
          69.115646362304688,
          0.67501044273376465,
          11.343005180358887,
          1
        ]
      },
      {
        "identifier" : "B5D69D72-54F6-451B-BB8E-DD92F0BD0075",
        "transform" : [
          0.25750958919525146,
          -1.5855035826461972e-06,
          -0.96627575159072876,
          0,
          6.5000331233022735e-06,
          1,
          9.1399670054670423e-08,
          0,
          0.96627575159072876,
          -6.3043607951840386e-06,
          0.25750958919525146,
          0,
          41.47613525390625,
          0.21044276654720306,
          0.55044054985046387,
          1
        ],
        "cloudIdentifier" : "",
        "hasValidTransform" : true
      },
      {
        "hasValidTransform" : true,
        "cloudIdentifier" : "",
        "identifier" : "80A97684-E23A-4F58-84FE-30E6E19E01DF",
        "transform" : [
          0.37895813584327698,
          -2.3202637748909183e-06,
          -0.92541378736495972,
          0,
          6.306790510279825e-06,
          1,
          7.5366997975834238e-08,
          0,
          0.92541378736495972,
          -5.8649520724429749e-06,
          0.37895813584327698,
          0,
          40.245933532714844,
          0.25032961368560791,
          0.44941285252571106,
          1
        ]
      },
      {
        "cloudIdentifier" : "",
        "transform" : [
          -0.050460517406463623,
          1.0513796411260046e-07,
          -0.99872606992721558,
          0,
          5.6218414101749659e-06,
          1,
          -1.7877080438211124e-07,
          0,
          0.99872606992721558,
          -5.6237004173453897e-06,
          -0.050460517406463623,
          0,
          35.886844635009766,
          0.46664607524871826,
          -1.1686325073242188,
          1
        ],
        "hasValidTransform" : true,
        "identifier" : "55F3FAF9-E6CE-414D-9DAB-51478DC3FECD"
      },
      {
        "identifier" : "6354E78C-7B45-461C-A9AF-648D01678112",
        "transform" : [
          0.6541144847869873,
          -5.7170459513145033e-06,
          -0.75639557838439941,
          0,
          1.0738654054875951e-05,
          1,
          1.7282796989093185e-06,
          0,
          0.75639557838439941,
          -9.253162716049701e-06,
          0.6541144847869873,
          0,
          68.45068359375,
          0.62665438652038574,
          10.973388671875,
          1
        ],
        "hasValidTransform" : true,
        "cloudIdentifier" : ""
      },
      {
        "transform" : [
          0.62325841188430786,
          -5.3234202823659871e-06,
          -0.78201591968536377,
          0,
          1.0325695257051848e-05,
          1,
          1.4221662922864198e-06,
          0,
          0.78201591968536377,
          -8.9612358351587318e-06,
          0.62325841188430786,
          0,
          65.8236083984375,
          0.36374455690383911,
          9.0215282440185547,
          1
        ],
        "hasValidTransform" : true,
        "identifier" : "6E1E5602-4B5B-436E-ABE7-06DD8B0A791A",
        "cloudIdentifier" : ""
      },
      {
        "cloudIdentifier" : "",
        "hasValidTransform" : true,
        "transform" : [
          0.63963776826858521,
          -5.5274949772865511e-06,
          -0.7686765193939209,
          0,
          1.0202392331848387e-05,
          1,
          1.2987779882678296e-06,
          0,
          0.7686765193939209,
          -8.6730869952589273e-06,
          0.63963776826858521,
          0,
          65.039436340332031,
          0.41705000400543213,
          8.2344551086425781,
          1
        ],
        "identifier" : "9B6D4AAD-556B-4D18-AE88-2A9B432EA25B"
      },
      {
