{
  "trackingErrorData" : [
    "Normal"
  ],
  "garAnchors" : [
    [
      {
        "identifier" : "1740FE58-706E-4EDF-91C4-34F799ED612C",
        "cloudIdentifier" : "",
        "hasValidTransform" : true,
        "transform" : [
          -0.68130433559417725,
          -0.044669859111309052,
          -0.73063600063323975,
          0,
          -0.022502219304442406,
          0.99894261360168457,
          -0.040090776979923248,
          0,
          0.73165428638458252,
          -0.010873088613152504,
          -0.68158912658691406,
          0,
          0.22831372916698456,
          -0.2899414598941803,
          -3.8813357353210449,
          1
        ]
      },
      {
        "hasValidTransform" : false,
        "cloudIdentifier" : "",
        "transform" : [
          1,
          0,
          0,
          0,
          0,
          1,
          0,
          0,
          0,
          0,
          1,
          0,
          0,
          0,
          0,
          1
        ],
        "identifier" : "CE566D59-298B-4781-9521-1DEB38D8917D"
      },
      {
        "hasValidTransform" : false,
        "cloudIdentifier" : "",
        "transform" : [
          1,
          0,
          0,
          0,
          0,
          1,
          0,
          0,
          0,
          0,
          1,
          0,
          0,
          0,
          0,
          1
        ],
        "identifier" : "3E7A7007-E5AE-4BC1-AB93-2BAEEFA2874D"
      },
      {
        "transform" : [
          -0.67666637897491455,
          -0.022389078512787819,
          0.73594927787780762,
          0,
          -0.035737313330173492,
          0.99935817718505859,
          -0.0024560526944696903,
          0,
          -0.73542195558547974,
          -0.027962779626250267,
          -0.6770322322845459,
          0,
          -0.0077677802182734013,
          -0.24924132227897644,
          -4.6628446578979492,
          1
        ],
        "identifier" : "E207AFD6-0580-495D-9BE7-D41BEF4FE82C",
        "cloudIdentifier" : "ua-641f9eda7782525e33684da0bb67db39",
        "hasValidTransform" : true
      },
      {
        "identifier" : "47B4F318-A380-42D0-B877-90DF17F2C300",
        "transform" : [
          1,
          0,
          0,
          0,
          0,
          1,
          0,
          0,
          0,
          0,
          1,
          0,
          0,
          0,
          0,
          1
        ],
        "hasValidTransform" : false,
        "cloudIdentifier" : ""
      },
      {
        "hasValidTransform" : true,
        "identifier" : "8830A75A-33F9-49BD-9A03-AB45B6B21BF4",
        "transform" : [
          -0.95481336116790771,
          -0.025822699069976807,
          -0.29608210921287537,
          0,
          -0.017407462000846863,
          0.99936705827713013,
          -0.031023412942886353,
          0,
          0.29669579863548279,
          -0.024467531591653824,
          -0.95465856790542603,
          0,
          3.3371250629425049,
          0.53031212091445923,
          -3.8942832946777344,
          1
        ],
        "cloudIdentifier" : ""
      },
      {
        "transform" : [
          -0.86219829320907593,
          -0.030714944005012512,
          -0.50563895702362061,
          0,
          -0.017407739534974098,
          0.99936705827713013,
          -0.031023282557725906,
          0,
          0.50627177953720093,
          -0.017946189269423485,
          -0.86218720674514771,
          0,
          1.5693058967590332,
          0.047458067536354065,
          -3.0558717250823975,
          1
        ],
        "hasValidTransform" : true,
        "cloudIdentifier" : "",
        "identifier" : "7CB44FDF-2A2B-48B6-8510-CD7E7E7C4901"
      },
      {
        "cloudIdentifier" : "",
        "hasValidTransform" : true,
        "identifier" : "AF7640D4-24E3-4E95-AC52-75E1881A6EC6",
        "transform" : [
          -0.3661380410194397,
          -0.035244248807430267,
          -0.929892897605896,
          0,
          -0.017407691106200218,
          0.99936705827713013,
          -0.031023276969790459,
          0,
          0.93039768934249878,
          0.004828485194593668,
          -0.36651983857154846,
          0,
          1.8856462240219116,
          0.075689718127250671,
          -3.0143046379089355,
          1
        ]
      },
      {
        "hasValidTransform" : true,
        "identifier" : "D959EDB5-715F-498E-BD2F-2F4FD44A3EDA",
        "transform" : [
          -0.92679834365844727,
          -0.027770115062594414,
          -0.37453129887580872,
          0,
          -0.017407584935426712,
          0.99936705827713013,
          -0.031023358926177025,
          0,
          0.3751557469367981,
          -0.022232713177800179,
          -0.92669510841369629,
          0,
          2.5539183616638184,
          0.57923692464828491,
          -3.5574021339416504,
          1
        ],
        "cloudIdentifier" : ""
      },
      {
        "cloudIdentifier" : "",
        "identifier" : "3E83C043-1CFB-4787-BFDE-382FA5187394",
        "hasValidTransform" : true,
        "transform" : [
          -0.76909422874450684,
          -0.033210743218660355,
          -0.63827192783355713,
          0,
          -0.017407976090908051,
          0.99936705827713013,
          -0.031023373827338219,
          0,
          0.63889825344085693,
          -0.01274887565523386,
          -0.76918560266494751,
          0,
          0.056128498166799545,
          0.23184999823570251,
          -3.6407661437988281,
          1
        ]
      },
      {
        "identifier" : "BAD98C8D-856B-43BE-934E-C3EBF41C8170",
        "hasValidTransform" : true,
        "cloudIdentifier" : "",
        "transform" : [
          -0.9747886061668396,
          -0.010060160420835018,
          0.2229035496711731,
          0,
          -0.017407895997166634,
          0.99936705827713013,
          -0.03102339431643486,
          0,
          -0.22245036065578461,
          -0.034121531993150711,
          -0.97434675693511963,
          0,
          0.57061535120010376,
          0.29269209504127502,
          -3.7781760692596436,
          1
        ]
      },
      {
        "transform" : [
          -0.36261910200119019,
          -0.035225912928581238,
          -0.93127143383026123,
          0,
          -0.017407976090908051,
          0.99936705827713013,
          -0.031023340299725533,
          0,
          0.93177485466003418,
          0.0049618943594396114,
          -0.36300280690193176,
          0,
          0.060252007097005844,
          0.19172385334968567,
          -3.4295539855957031,
          1
        ],
        "hasValidTransform" : true,
        "cloudIdentifier" : "",
        "identifier" : "D82D7ED3-FC4D-4D4F-B961-87D59CDFDAA8"
      },
      {
        "identifier" : "94679B08-44E7-4263-97B5-919D4A4B8706",
        "hasValidTransform" : true,
        "transform" : [
          -0.5229799747467041,
          -0.03554593026638031,
          -0.85160344839096069,
          0,
          -0.017407646402716637,
          0.99936705827713013,
          -0.031023336574435234,
          0,
          0.85216718912124634,
          -0.0014001718955114484,
          -0.52326774597167969,
          0,
          2.1607778072357178,
          0.43036755919456482,
          -3.4069540500640869,
          1
        ],
        "cloudIdentifier" : ""
      },
      {
        "transform" : [
          -0.8345874547958374,
          0.0025630390737205744,
          0.55086946487426758,
          0,
          -0.017407931387424469,
          0.99936705827713013,
          -0.031023425981402397,
          0,
          -0.55060034990310669,
          -0.035481259226799011,
          -0.83401459455490112,
          0,
          0.33693519234657288,
          0.32452613115310669,
          -3.9730358123779297,
          1
        ],
        "identifier" : "F4FB03C8-D484-4725-8D12-4733E9D1FBC2",
        "cloudIdentifier" : "",
        "hasValidTransform" : true
      },
      {
        "cloudIdentifier" : "",
        "hasValidTransform" : true,
        "transform" : [
          -0.9990997314453125,
          -0.016185978427529335,
          0.039213936775922775,
          0,
          -0.01740795373916626,
          0.99936705827713013,
          -0.031023390591144562,
          0,
          -0.038686972111463547,
          -0.031678095459938049,
          -0.99874913692474365,
          0,
          0.19776995480060577,
          0.25246900320053101,
          -3.7514069080352783,
          1
        ],
        "identifier" : "049B53BF-4A67-487E-B5F5-F0B02AA03E15"
      },
      {
        "cloudIdentifier" : "",
        "transform" : [
          -0.68125778436660767,
          -0.034566335380077362,
          -0.73122704029083252,
          0,
          -0.017407955601811409,
          0.99936705827713013,
          -0.031023403629660606,
          0,
          0.73183655738830566,
          -0.008405766449868679,
          -0.68142831325531006,
          0,
          0.1926368921995163,
          -0.2207457423210144,
          -3.8110237121582031,
          1
        ],
        "identifier" : "702A5A65-2296-43BA-B1E3-6EAAE8FDB3FE",
        "hasValidTransform" : true
      }
    ],
    [
      {
        "hasValidTransform" : true,
        "cloudIdentifier" : "",
        "identifier" : "1740FE58-706E-4EDF-91C4-34F799ED612C",
        "transform" : [
          -0.68130433559417725,
          -0.044669859111309052,
          -0.73063600063323975,
          0,
          -0.022502219304442406,
          0.99894261360168457,
          -0.040090776979923248,
          0,
          0.73165428638458252,
          -0.010873088613152504,
          -0.68158912658691406,
          0,
          0.22831372916698456,
          -0.2899414598941803,
          -3.8813357353210449,
          1
        ]
      },
      {
        "cloudIdentifier" : "",
        "identifier" : "CE566D59-298B-4781-9521-1DEB38D8917D",
        "transform" : [
          1,
          0,
          0,
          0,
          0,
          1,
          0,
          0,
          0,
          0,
          1,
          0,
          0,
          0,
          0,
          1
        ],
        "hasValidTransform" : false
      },
      {
        "transform" : [
          0.2571101188659668,
          -0.0090773217380046844,
          -0.96633946895599365,
          0,
          -0.0049967891536653042,
          0.99993002414703369,
          -0.010722330771386623,
          0,
          0.96636921167373657,
          0.007585414219647646,
          0.25704675912857056,
          0,
          16.223749160766602,
          -0.15558518469333649,
          -2.7803888320922852,
          1
        ],
        "cloudIdentifier" : "ua-7c07baf843f76bcf4d0001d813fe3269",
        "identifier" : "3E7A7007-E5AE-4BC1-AB93-2BAEEFA2874D",
        "hasValidTransform" : true
      },
      {
        "identifier" : "E207AFD6-0580-495D-9BE7-D41BEF4FE82C",
        "cloudIdentifier" : "ua-641f9eda7782525e33684da0bb67db39",
        "transform" : [
          -0.67666637897491455,
          -0.022389078512787819,
          0.73594927787780762,
          0,
          -0.035737313330173492,
          0.99935817718505859,
          -0.0024560526944696903,
          0,
          -0.73542195558547974,
          -0.027962779626250267,
          -0.6770322322845459,
          0,
          -0.0077677802182734013,
          -0.24924132227897644,
          -4.6628446578979492,
          1
        ],
        "hasValidTransform" : true
      },
      {
        "transform" : [
          1,
          0,
          0,
          0,
          0,
          1,
          0,
          0,
          0,
          0,
          1,
          0,
          0,
          0,
          0,
          1
        ],
        "identifier" : "47B4F318-A380-42D0-B877-90DF17F2C300",
        "hasValidTransform" : false,
        "cloudIdentifier" : ""
      },
      {
        "cloudIdentifier" : "",
        "identifier" : "8830A75A-33F9-49BD-9A03-AB45B6B21BF4",
        "transform" : [
          -0.95713120698928833,
          -0.00086990767158567905,
          -0.28965339064598083,
          0,
          -0.00059211300686001778,
          0.9999992847442627,
          -0.0010466895764693618,
          0,
          0.28965410590171814,
          -0.00083031173562631011,
          -0.957131028175354,
          0,
          1.2625139951705933,
          0.39006942510604858,
          -3.3013970851898193,
          1
        ],
        "hasValidTransform" : true
      },
      {
        "transform" : [
          -0.5293622612953186,
          -0.001201480976305902,
          -0.84839504957199097,
          0,
          -0.00059229694306850433,
          0.9999992847442627,
          -0.001046612043865025,
          0,
          0.8483957052230835,
          -5.1535156671889126e-05,
          -0.52936261892318726,
          0,
          0.088019140064716339,
          0.29536712169647217,
          -2.808584451675415,
          1
        ],
        "identifier" : "94679B08-44E7-4263-97B5-919D4A4B8706",
        "hasValidTransform" : true,
        "cloudIdentifier" : ""
      },
      {
        "transform" : [
          -0.97326022386550903,
          -0.00033627721131779253,
          0.22970500588417053,
          0,
          -0.00059254665393382311,
          0.9999992847442627,
          -0.0010466689709573984,
          0,
          -0.22970448434352875,
          -0.0011547922622412443,
          -0.97325974702835083,
          0,
          -1.5067765712738037,
          0.19565132260322571,
          -3.1719837188720703,
          1
        ],
        "cloudIdentifier" : "",
        "hasValidTransform" : true,
        "identifier" : "BAD98C8D-856B-43BE-934E-C3EBF41C8170"
      },
      {
        "identifier" : "F4FB03C8-D484-4725-8D12-4733E9D1FBC2",
        "transform" : [
          -0.8306090235710144,
          9.0655768872238696e-05,
          0.55685603618621826,
          0,
          -0.00059258332476019859,
          0.9999992847442627,
          -0.0010466991225257516,
          0,
          -0.55685573816299438,
          -0.0011993813095614314,
          -0.83060836791992188,
          0,
          -1.7412168979644775,
          0.23723834753036499,
          -3.3640735149383545,
          1
        ],
        "cloudIdentifier" : "",
        "hasValidTransform" : true
      },
      {
        "transform" : [
          -0.68676763772964478,
          -0.0011677881702780724,
          -0.72687608003616333,
          0,
          -0.00059260724810883403,
          0.9999992847442627,
          -0.0010466761887073517,
          0,
          0.72687679529190063,
          -0.00028807128546759486,
          -0.6867678165435791,
          0,
          -1.8936647176742554,
          -0.31013968586921692,
          -3.2173488140106201,
          1
        ],
        "identifier" : "702A5A65-2296-43BA-B1E3-6EAAE8FDB3FE",
        "hasValidTransform" : true,
        "cloudIdentifier" : ""
      },
      {
        "cloudIdentifier" : "",
        "transform" : [
          -0.99932301044464111,
          -0.00063073716592043638,
          -0.036785062402486801,
          0,
          -0.00059263454750180244,
          0.9999992847442627,
          -0.0010467133251950145,
          0,
          0.03678569570183754,
          -0.0010242046555504203,
          -0.99932265281677246,
          0,
          -2.068098783493042,
          -0.40848416090011597,
          -3.4541928768157959,
          1
        ],
        "identifier" : "CE7E663C-6832-4824-8955-6A6B1730CA1F",
        "hasValidTransform" : true
      },
      {
        "transform" : [
          -0.37308087944984436,
          -0.0011919805547222495,
          -0.92779803276062012,
          0,
          -0.00059234059881418943,
          0.9999992847442627,
          -0.0010465517407283187,
          0,
          0.92779862880706787,
          0.00015912401431705803,
          -0.37308132648468018,
          0,
          -0.19040431082248688,
          -0.066241413354873657,
          -2.4246747493743896,
          1
        ],
        "hasValidTransform" : true,
        "cloudIdentifier" : "",
        "identifier" : "AF7640D4-24E3-4E95-AC52-75E1881A6EC6"
      },
      {
        "hasValidTransform" : true,
        "cloudIdentifier" : "",
        "identifier" : "D959EDB5-715F-498E-BD2F-2F4FD44A3EDA",
        "transform" : [
          -0.92969435453414917,
          -0.00093610637122765183,
          -0.36833074688911438,
          0,
          -0.00059223512653261423,
          0.9999992847442627,
          -0.0010466354433447123,
          0,
          0.36833146214485168,
          -0.00075491267489269376,
          -0.92969423532485962,
          0,
          0.48259329795837402,
          0.44204401969909668,
          -2.9574241638183594,
          1
        ]
      },
      {
        "identifier" : "7CB44FDF-2A2B-48B6-8510-CD7E7E7C4901",
        "transform" : [
          -0.866058349609375,
          -0.0010362635366618633,
          -0.49994191527366638,
          0,
          -0.00059239024994894862,
          0.9999992847442627,
          -0.0010465580271556973,
          0,
          0.49994263052940369,
          -0.00061021960573270917,
          -0.86605829000473022,
          0,
          -0.5074583888053894,
          -0.087888620793819427,
          -2.4647259712219238,
          1
        ],
        "hasValidTransform" : true,
        "cloudIdentifier" : ""
      },
      {
        "cloudIdentifier" : "",
        "hasValidTransform" : true,
        "identifier" : "3E83C043-1CFB-4787-BFDE-382FA5187394",
        "transform" : [
          -0.7739260196685791,
          -0.0011214659316465259,
          -0.63327503204345703,
          0,
          -0.00059262721333652735,
          0.9999992847442627,
          -0.001046647084876895,
          0,
          0.63327574729919434,
          -0.0004347313370089978,
          -0.77392607927322388,
          0,
          -2.0212666988372803,
          0.13938190042972565,
          -3.0326511859893799,
          1
        ]
      },
      {
        "transform" : [
          -0.36957171559333801,
          -0.001191534218378365,
          -0.92920142412185669,
          0,
          -0.00059262645663693547,
          0.9999992847442627,
          -0.0010466141393408179,
          0,
          0.92920202016830444,
          0.00016387039795517921,
          -0.36957216262817383,
          0,
          -2.0163729190826416,
          0.092879429459571838,
          -2.8227674961090088,
          1
        ],
        "hasValidTransform" : true,
        "cloudIdentifier" : "",
        "identifier" : "D82D7ED3-FC4D-4D4F-B961-87D59CDFDAA8"
      },
      {
        "identifier" : "049B53BF-4A67-487E-B5F5-F0B02AA03E15",
        "hasValidTransform" : true,
        "transform" : [
          -0.99893671274185181,
          -0.00054372503655031323,
          0.046099159866571426,
          0,
          -0.00059260509442538023,
          0.9999992847442627,
          -0.001046664547175169,
          0,
          -0.046098560094833374,
          -0.0010728702181950212,
          -0.99893629550933838,
          0,
          -1.8800598382949829,
          0.16092212498188019,
          -3.1436715126037598,
          1
        ],
        "cloudIdentifier" : ""
      },
      {
        "hasValidTransform" : true,
        "cloudIdentifier" : "",
        "transform" : [
          -0.9996064305305481,
          -0.00056278245756402612,
          0.028048297390341759,
          0,
          -0.00059237563982605934,
          0.9999992847442627,
          -0.0010467828251421452,
          0,
          -0.02804768830537796,
          -0.0010629859752953053,
          -0.99960601329803467,
          0,
          -0.41515716910362244,
          -0.32020121812820435,
          -3.8950378894805908,
          1
        ],
        "identifier" : "6AE4ACFE-FCAB-4202-AE7C-163FA87A4FF1"
      }
    ],
    [
      {
        "transform" : [
          1,
          0,
          0,
          0,
          0,
          1,
          0,
          0,
          0,
          0,
          1,
          0,
          0,
          0,
          0,
          1
        ],
        "hasValidTransform" : false,
        "cloudIdentifier" : "",
        "identifier" : "CE566D59-298B-4781-9521-1DEB38D8917D"
      },
      {
        "transform" : [
          0.2571101188659668,
          -0.0090773217380046844,
          -0.96633946895599365,
          0,
          -0.0049967891536653042,
          0.99993002414703369,
          -0.010722330771386623,
          0,
          0.96636921167373657,
          0.007585414219647646,
          0.25704675912857056,
          0,
          16.223749160766602,
          -0.15558518469333649,
          -2.7803888320922852,
          1
        ],
        "hasValidTransform" : true,
        "cloudIdentifier" : "ua-7c07baf843f76bcf4d0001d813fe3269",
        "identifier" : "3E7A7007-E5AE-4BC1-AB93-2BAEEFA2874D"
      },
      {
        "transform" : [
          -0.67666637897491455,
          -0.022389078512787819,
          0.73594927787780762,
          0,
          -0.035737313330173492,
          0.99935817718505859,
          -0.0024560526944696903,
          0,
          -0.73542195558547974,
          -0.027962779626250267,
          -0.6770322322845459,
          0,
          -0.0077677802182734013,
          -0.24924132227897644,
          -4.6628446578979492,
          1
        ],
        "identifier" : "E207AFD6-0580-495D-9BE7-D41BEF4FE82C",
        "cloudIdentifier" : "ua-641f9eda7782525e33684da0bb67db39",
        "hasValidTransform" : true
      },
      {
        "transform" : [
          1,
          0,
          0,
          0,
          0,
          1,
          0,
          0,
          0,
          0,
          1,
          0,
          0,
          0,
          0,
          1
        ],
        "hasValidTransform" : false,
        "identifier" : "47B4F318-A380-42D0-B877-90DF17F2C300",
        "cloudIdentifier" : ""
      },
      {
        "transform" : [
          -0.95734274387359619,
          -2.6481506210984662e-05,
          -0.28895476460456848,
          0,
          -1.833775058912579e-05,
          1,
          -3.0890623747836798e-05,
          0,
          0.28895476460456848,
          -2.4274135284940712e-05,
          -0.95734274387359619,
          0,
          -1.7376037836074829,
          0.66374456882476807,
          2.1221404075622559,
          1
        ],
        "cloudIdentifier" : "",
        "identifier" : "8830A75A-33F9-49BD-9A03-AB45B6B21BF4",
        "hasValidTransform" : true
      },
      {
        "cloudIdentifier" : "",
        "transform" : [
          -0.88481265306472778,
          -3.0804952984908596e-05,
          -0.46594694256782532,
          0,
          -1.8491684386390261e-05,
          1,
          -3.09976858261507e-05,
          0,
          0.46594694256782532,
          -1.8811002519214526e-05,
          -0.88481265306472778,
          0,
          -2.7212738990783691,
          -0.0063686352223157883,
          1.4399243593215942,
          1
        ],
        "hasValidTransform" : true,
        "identifier" : "01C48887-74DC-415C-9503-0FB2DD5561C1"
      },
      {
        "transform" : [
          -0.52998208999633789,
          -3.5945795389125124e-05,
          -0.84800881147384644,
          0,
          -1.8521650417824276e-05,
          1,
          -3.0812949262326583e-05,
          0,
          0.84800881147384644,
          -6.2378785514738411e-07,
          -0.52998208999633789,
          0,
          -2.9117927551269531,
          0.56921565532684326,
          2.6157145500183105,
          1
        ],
        "cloudIdentifier" : "",
        "identifier" : "94679B08-44E7-4263-97B5-919D4A4B8706",
        "hasValidTransform" : true
      },
      {
        "cloudIdentifier" : "",
        "transform" : [
          -0.97309231758117676,
          -1.1153420018672477e-05,
          0.23041555285453796,
          0,
          -1.8771366740111262e-05,
          1,
          -3.0869672627886757e-05,
          0,
          -0.23041555285453796,
          -3.4364253224339336e-05,
          -0.97309231758117676,
          0,
          -4.5069103240966797,
          0.47078412771224976,
          2.2533795833587646,
          1
        ],
        "hasValidTransform" : true,
        "identifier" : "BAD98C8D-856B-43BE-934E-C3EBF41C8170"
      },
      {
        "transform" : [
          -0.75648295879364014,
          -3.4412591048749164e-05,
          -0.65401339530944824,
          0,
          -1.8119857486453839e-05,
          1,
          -3.1658721127314493e-05,
          0,
          0.65401339530944824,
          -1.2098654224246275e-05,
          -0.75648295879364014,
          0,
          -0.3497340977191925,
          -0.23053868114948273,
          -2.7660472393035889,
          1
        ],
        "hasValidTransform" : true,
        "cloudIdentifier" : "",
        "identifier" : "721E147B-31E8-4E78-AF0B-9FEDA6051733"
      },
      {
        "cloudIdentifier" : "",
        "hasValidTransform" : true,
        "identifier" : "F4FB03C8-D484-4725-8D12-4733E9D1FBC2",
        "transform" : [
          -0.83020210266113281,
          1.6109819398479885e-06,
          0.55746257305145264,
          0,
          -1.8808064851327799e-05,
          1,
          -3.089979145443067e-05,
          0,
          -0.55746257305145264,
          -3.6137862480245531e-05,
          -0.83020210266113281,
          0,
          -4.7414669990539551,
          0.51270079612731934,
          2.0615036487579346,
          1
        ]
      },
      {
        "transform" : [
          -0.68729865550994873,
          -3.5371333069633693e-05,
          -0.72637492418289185,
          0,
          -1.8831982742995024e-05,
          1,
          -3.0876803066348657e-05,
          0,
          0.72637492418289185,
          -7.5425045906740706e-06,
          -0.68729865550994873,
          0,
          -4.8941221237182617,
          -0.034738466143608093,
          2.2077836990356445,
          1
        ],
        "identifier" : "702A5A65-2296-43BA-B1E3-6EAAE8FDB3FE",
        "cloudIdentifier" : "",
        "hasValidTransform" : true
      },
      {
        "identifier" : "CE7E663C-6832-4824-8955-6A6B1730CA1F",
        "transform" : [
          -0.99934977293014526,
          -1.9961660655098967e-05,
          -0.036055561155080795,
          0,
          -1.8859302144846879e-05,
          1,
          -3.0913986847735941e-05,
          0,
          0.036055561155080795,
          -3.0213905120035633e-05,
          -0.99934977293014526,
          0,
          -5.0687856674194336,
          -0.13274222612380981,
          1.9709672927856445,
          1
        ],
        "hasValidTransform" : true,
        "cloudIdentifier" : ""
      },
      {
        "hasValidTransform" : true,
        "identifier" : "AF7640D4-24E3-4E95-AC52-75E1881A6EC6",
        "transform" : [
          -0.37375873327255249,
          -3.5462802770780399e-05,
          -0.92752593755722046,
          0,
          -1.8565278878668323e-05,
          1,
          -3.075263521168381e-05,
          0,
          0.92752593755722046,
          5.7257120715803467e-06,
          -0.37375873327255249,
          0,
          -3.1901435852050781,
          0.2073771208524704,
          2.9994604587554932,
          1
        ],
        "cloudIdentifier" : ""
      },
      {
        "transform" : [
          -0.92996340990066528,
          -2.8504062356660143e-05,
          -0.36765214800834656,
          0,
          -1.8459859347785823e-05,
          1,
          -3.0836399673717096e-05,
          0,
          0.36765214800834656,
          -2.1889916752115823e-05,
          -0.92996340990066528,
          0,
          -2.5172431468963623,
          0.71581721305847168,
          2.4667356014251709,
          1
        ],
        "identifier" : "D959EDB5-715F-498E-BD2F-2F4FD44A3EDA",
        "hasValidTransform" : true,
        "cloudIdentifier" : ""
      },
      {
        "identifier" : "7CB44FDF-2A2B-48B6-8510-CD7E7E7C4901",
        "hasValidTransform" : true,
        "cloudIdentifier" : "",
        "transform" : [
          -0.86642348766326904,
          -3.1486608349950984e-05,
          -0.49930980801582336,
          0,
          -1.8614931832416914e-05,
          1,
          -3.0758845241507515e-05,
          0,
          0.49930980801582336,
          -1.7355570889776573e-05,
          -0.86642348766326904,
          0,
          -3.5072393417358398,
          0.18595252931118011,
          2.9596188068389893,
          1
        ]
      },
      {
        "transform" : [
          -0.77438861131668091,
          -3.41163577104453e-05,
          -0.63271027803421021,
          0,
          -1.8851922504836693e-05,
          1,
          -3.0847681045997888e-05,
          0,
          0.63271027803421021,
          -1.1960286428802647e-05,
          -0.77438861131668091,
          0,
          -5.0213308334350586,
          0.41466841101646423,
          2.3930308818817139,
          1
        ],
        "hasValidTransform" : true,
        "cloudIdentifier" : "",
        "identifier" : "3E83C043-1CFB-4787-BFDE-382FA5187394"
      },
      {
        "cloudIdentifier" : "",
        "identifier" : "D82D7ED3-FC4D-4D4F-B961-87D59CDFDAA8",
        "transform" : [
          -0.37025058269500732,
          -3.560442928574048e-05,
          -0.92893189191818237,
          0,
          -1.8851163986255415e-05,
          1,
          -3.0814713682048023e-05,
          0,
          0.92893189191818237,
          6.1022819863865152e-06,
          -0.37025058269500732,
          0,
          -5.0163106918334961,
          0.3679499626159668,
          2.6028635501861572,
          1
        ],
        "hasValidTransform" : true
      },
      {
        "hasValidTransform" : true,
        "transform" : [
          -0.99890297651290894,
          -1.73637927218806e-05,
          0.046828404068946838,
          0,
          -1.8829814507625997e-05,
          1,
          -3.0865146982250735e-05,
          0,
          -0.046828404068946838,
          -3.1713054340798408e-05,
          -0.99890297651290894,
          0,
          -4.880192756652832,
          0.43624037504196167,
          2.2819292545318604,
          1
        ],
        "cloudIdentifier" : "",
        "identifier" : "049B53BF-4A67-487E-B5F5-F0B02AA03E15"
      },
      {
        "hasValidTransform" : true,
        "transform" : [
          -0.99958580732345581,
          -1.7701133401715197e-05,
          0.028778024017810822,
          0,
          -1.860048359958455e-05,
          1,
          -3.098361412412487e-05,
          0,
          -0.028778024017810822,
          -3.1506067898590118e-05,
          -0.99958580732345581,
          0,
          -3.4161157608032227,
          -0.044959988445043564,
          1.5290048122406006,
          1
        ],
        "cloudIdentifier" : "",
        "identifier" : "6AE4ACFE-FCAB-4202-AE7C-163FA87A4FF1"
      }
    ],
    [
      {
        "cloudIdentifier" : "",
        "identifier" : "CE566D59-298B-4781-9521-1DEB38D8917D",
        "hasValidTransform" : false,
        "transform" : [
          1,
          0,
          0,
          0,
          0,
          1,
          0,
          0,
          0,
          0,
          1,
          0,
          0,
          0,
          0,
          1
        ]
      },
      {
        "identifier" : "3E7A7007-E5AE-4BC1-AB93-2BAEEFA2874D",
        "hasValidTransform" : true,
        "cloudIdentifier" : "ua-7c07baf843f76bcf4d0001d813fe3269",
        "transform" : [
          0.2571101188659668,
          -0.0090773217380046844,
          -0.96633946895599365,
          0,
          -0.0049967891536653042,
          0.99993002414703369,
          -0.010722330771386623,
          0,
          0.96636921167373657,
          0.007585414219647646,
          0.25704675912857056,
          0,
          16.223749160766602,
          -0.15558518469333649,
          -2.7803888320922852,
          1
        ]
      },
      {
        "identifier" : "E207AFD6-0580-495D-9BE7-D41BEF4FE82C",
        "transform" : [
          -0.67524641752243042,
          -0.01757906936109066,
          0.73738270998001099,
          0,
          -0.024700267240405083,
          0.99969416856765747,
          0.0012136520817875862,
          0,
          -0.7371785044670105,
          -0.017394036054611206,
          -0.67547410726547241,
          0,
          -0.015767114236950874,
          -0.22278916835784912,
          -4.6101994514465332,
          1
        ],
        "hasValidTransform" : true,
        "cloudIdentifier" : "ua-641f9eda7782525e33684da0bb67db39"
      },
      {
        "transform" : [
          1,
          0,
          0,
          0,
          0,
          1,
          0,
          0,
          0,
          0,
          1,
          0,
          0,
          0,
          0,
          1
        ],
        "cloudIdentifier" : "",
        "identifier" : "47B4F318-A380-42D0-B877-90DF17F2C300",
        "hasValidTransform" : false
      },
      {
        "identifier" : "8830A75A-33F9-49BD-9A03-AB45B6B21BF4",
        "cloudIdentifier" : "",
        "transform" : [
          -0.96051299571990967,
          -7.6901011425434262e-07,
          -0.27823507785797119,
          0,
          -7.9886967796483077e-07,
          1,
          -6.0573954741016678e-09,
          0,
          0.27823507785797119,
          2.1645537628955935e-07,
          -0.96051299571990967,
          0,
          -1.2610591650009155,
          1.4536236524581909,
          2.4634940624237061,
          1
        ],
        "hasValidTransform" : true
      },
      {
        "identifier" : "01C48887-74DC-415C-9503-0FB2DD5561C1",
        "cloudIdentifier" : "",
        "transform" : [
          -0.88996595144271851,
          -8.9981676865136251e-07,
          -0.45602697134017944,
          0,
          -9.5399002475460293e-07,
          1,
          -1.1139282918293247e-07,
          0,
          0.45602697134017944,
          3.3590936254768167e-07,
          -0.88996595144271851,
          0,
          -2.2523059844970703,
          0.78354871273040771,
          1.7922959327697754,
          1
        ],
        "hasValidTransform" : true
      },
      {
        "cloudIdentifier" : "",
        "hasValidTransform" : true,
        "transform" : [
          -0.53942841291427612,
          -4.6762821170887037e-07,
          -0.84203147888183594,
          0,
          -9.8188968422618927e-07,
          1,
          7.3668267930315778e-08,
          0,
          0.84203147888183594,
          8.6652079289706307e-07,
          -0.53942841291427612,
          0,
          -2.4296591281890869,
          1.3591001033782959,
          2.9701600074768066,
          1
        ],
        "identifier" : "94679B08-44E7-4263-97B5-919D4A4B8706"
      },
      {
        "transform" : [
          -0.9704558253288269,
          -1.2005817779936478e-06,
          0.24127882719039917,
          0,
          -1.2322234397288412e-06,
          1,
          1.9741950296747746e-08,
          0,
          -0.24127882719039917,
          -2.7815073622150521e-07,
          -0.9704558253288269,
          0,
          -4.0287294387817383,
          1.2607077360153198,
          2.6256756782531738,
          1
        ],
        "hasValidTransform" : true,
        "cloudIdentifier" : "",
        "identifier" : "BAD98C8D-856B-43BE-934E-C3EBF41C8170"
      },
      {
        "cloudIdentifier" : "",
        "hasValidTransform" : true,
        "identifier" : "721E147B-31E8-4E78-AF0B-9FEDA6051733",
        "transform" : [
          -0.76374655961990356,
          -9.5155780854838667e-07,
          -0.64551621675491333,
          0,
          -5.895763592889125e-07,
          1,
          -7.7654266306126374e-07,
          0,
          0.64551621675491333,
          -2.1250069437428465e-07,
          -0.76374655961990356,
          0,
          0.072065621614456177,
          0.55946695804595947,
          -2.4399299621582031,
          1
        ]
      },
      {
        "transform" : [
          -0.82391864061355591,
          -1.0401161034678807e-06,
          0.56670808792114258,
          0,
          -1.2692556765614427e-06,
          1,
          -9.9650954155094951e-09,
          0,
          -0.56670808792114258,
          -7.2750793833620264e-07,
          -0.82391864061355591,
          0,
          -4.2654156684875488,
          1.3026343584060669,
          2.4364349842071533,
          1
        ],
        "cloudIdentifier" : "",
        "identifier" : "F4FB03C8-D484-4725-8D12-4733E9D1FBC2",
        "hasValidTransform" : true
      },
      {
        "cloudIdentifier" : "",
        "transform" : [
          -0.69537544250488281,
          -8.8951338739207131e-07,
          -0.7186465859413147,
          0,
          -1.2929165222885786e-06,
          1,
          1.3287551503537998e-08,
          0,
          0.7186465859413147,
          9.3838991688244278e-07,
          -0.69537544250488281,
          0,
          -4.416435718536377,
          0.75519323348999023,
          2.5843956470489502,
          1
        ],
        "hasValidTransform" : true,
        "identifier" : "702A5A65-2296-43BA-B1E3-6EAAE8FDB3FE"
      },
      {
        "transform" : [
          -0.99969041347503662,
          -1.3208270956965862e-06,
          -0.024882113561034203,
          0,
          -1.3206490621087141e-06,
          1,
          -2.3588908604210701e-08,
          0,
          0.024882113561034203,
          9.278934065548583e-09,
          -0.99969041347503662,
          0,
          -4.5937371253967285,
          0.65719985961914062,
          2.349543571472168,
          1
        ],
        "cloudIdentifier" : "",
        "identifier" : "CE7E663C-6832-4824-8955-6A6B1730CA1F",
        "hasValidTransform" : true
      },
      {
        "cloudIdentifier" : "",
        "hasValidTransform" : true,
        "transform" : [
          -0.91905051469802856,
          -8.5087521028981428e-07,
          -0.39413970708847046,
          0,
          -5.1269603318360168e-07,
          1,
          -9.6331746135547291e-07,
          0,
          0.39413970708847046,
          -6.8326352220537956e-07,
          -0.91905051469802856,
          0,
          0.56221932172775269,
          0.49801602959632874,
          -3.6284620761871338,
          1
        ],
        "identifier" : "D419C27D-E711-4F82-AC0A-203A8946B7D4"
      },
      {
        "hasValidTransform" : true,
        "identifier" : "AF7640D4-24E3-4E95-AC52-75E1881A6EC6",
        "cloudIdentifier" : "",
        "transform" : [
          -0.3841036856174469,
          -2.6949479092763795e-07,
          -0.923289954662323,
          0,
          -1.0248411399516044e-06,
          1,
          1.344652957868675e-07,
          0,
          0.923289954662323,
          9.9787405360984849e-07,
          -0.3841036856174469,
          0,
          -2.703709602355957,
          0.99725455045700073,
          3.3569824695587158,
          1
        ]
      },
      {
        "identifier" : "95C359C6-7756-4F9A-A3AA-961EBF70D8FC",
        "transform" : [
          -0.99101686477661133,
          -4.3523471049411455e-07,
          0.13373716175556183,
          0,
          -5.7881328530129394e-07,
          1,
          -1.0347085890316521e-06,
          0,
          -0.13373716175556183,
          -1.1028224662368302e-06,
          -0.99101686477661133,
          0,
          0.13959239423274994,
          -0.28782537579536438,
          -4.0831804275512695,
          1
        ],
        "hasValidTransform" : true,
        "cloudIdentifier" : ""
      },
      {
        "transform" : [
