{
  "userId" : "NcsslHgGt7OcPalBU90raZOBcqP2",
  "PathData" : [

  ],
  "geoLocationAlignmentAttempts" : [

  ],
  "geoSpatialTransforms" : [
    {
      "latitude" : 42.292804640839812,
      "longitude" : -71.265237425430328,
      "altitudeAccuracy" : 13.636416537789923,
      "altitude" : 28.90406599920243,
      "heading" : 160.4901660197331,
      "positionAccuracy" : 146.35452936320684,
      "headingAccuracy" : 28.935172680149225
    },
    {
      "headingAccuracy" : 29.005825745472833,
      "latitude" : 42.292804640839805,
      "longitude" : -71.265237425430328,
      "altitudeAccuracy" : 13.683003843989031,
      "heading" : 160.96666007829705,
      "positionAccuracy" : 146.36698324762494,
      "altitude" : 28.90406599920243
    },
    {
      "longitude" : -71.26525220210884,
      "headingAccuracy" : 24.169722773338542,
      "altitude" : 29.18720724619925,
      "latitude" : 42.292808331121485,
      "altitudeAccuracy" : 28.247015286587256,
      "heading" : 161.49275119386061,
      "positionAccuracy" : 152.42991234081927
    },
    {
      "longitude" : -71.265261906376651,
      "latitude" : 42.292810419960304,
      "headingAccuracy" : 21.180344580907583,
      "altitude" : 29.334104297682643,
      "positionAccuracy" : 156.04231041316953,
      "altitudeAccuracy" : 34.129562529230881,
      "heading" : 170.03169128888749
    },
    {
      "positionAccuracy" : 157.84974257243721,
      "latitude" : 42.292810894469682,
      "altitudeAccuracy" : 36.365586203122206,
      "headingAccuracy" : 19.429254975474283,
      "heading" : 197.20503138701071,
      "altitude" : 29.318866821937263,
      "longitude" : -71.265268982208582
    },
    {
      "positionAccuracy" : 158.62801385757058,
      "latitude" : 42.292810019965046,
      "heading" : 211.17626489086919,
      "altitude" : 29.250923547893763,
      "longitude" : -71.265273847464684,
      "altitudeAccuracy" : 37.242036043055279,
      "headingAccuracy" : 18.50190751980232
    },
    {
      "altitude" : 29.190198766998947,
      "latitude" : 42.292809133886351,
      "longitude" : -71.265277263411548,
      "positionAccuracy" : 159.07923553088557,
      "headingAccuracy" : 17.96659147245192,
      "altitudeAccuracy" : 37.727395257996385,
      "heading" : 193.80190046693886
    },
    {
      "heading" : 160.33971451836845,
      "latitude" : 42.292808299473386,
      "longitude" : -71.265281068243766,
      "positionAccuracy" : 159.46835017008974,
      "altitudeAccuracy" : 38.183877193240271,
      "altitude" : 29.264472723938525,
      "headingAccuracy" : 17.414615783143901
    },
    {
      "heading" : 116.07429165397841,
      "altitudeAccuracy" : 38.597291357729979,
      "latitude" : 42.292806909856438,
      "positionAccuracy" : 159.86254223015808,
      "longitude" : -71.265286466227053,
      "headingAccuracy" : 16.855588427539189,
      "altitude" : 29.323618333786726
    },
    {
      "altitude" : 29.337586339563131,
      "longitude" : -71.265263889720586,
      "positionAccuracy" : 159.08052940641488,
      "altitudeAccuracy" : 38.353952059368453,
      "heading" : 98.035473234629634,
      "headingAccuracy" : 16.635977611219875,
      "latitude" : 42.292828371751732
    },
    {
      "altitudeAccuracy" : 33.181459959111287,
      "positionAccuracy" : 147.60459944403249,
      "altitude" : 29.319500652141869,
      "longitude" : -71.264976099907287,
      "latitude" : 42.293080912357148,
      "headingAccuracy" : 16.393402164590576,
      "heading" : 98.026855150396059
    },
    {
      "positionAccuracy" : 142.49749877325081,
      "headingAccuracy" : 16.291573423901646,
      "altitude" : 29.274851741269231,
      "latitude" : 42.29318998501958,
      "longitude" : -71.264851703539009,
      "altitudeAccuracy" : 30.780549234312982,
      "heading" : 123.23878571135126
    },
    {
      "latitude" : 42.293222227634644,
      "heading" : 151.60605728025192,
      "altitudeAccuracy" : 30.088456311549319,
      "headingAccuracy" : 16.292564528757943,
      "longitude" : -71.264815584435709,
      "altitude" : 29.236457074061036,
      "positionAccuracy" : 141.00651260943275
    },
    {
      "altitude" : 29.567485937848687,
      "latitude" : 42.293393543843635,
      "altitudeAccuracy" : 23.601014612746088,
      "positionAccuracy" : 117.18058132534632,
      "heading" : 166.78180843723999,
      "headingAccuracy" : 16.580358860546138,
      "longitude" : -71.26457316938091
    },
    {
      "latitude" : 42.293473351020083,
      "longitude" : -71.264458846763802,
      "headingAccuracy" : 16.731939376024769,
      "altitude" : 29.721002382226288,
      "heading" : 168.04091718086323,
      "altitudeAccuracy" : 19.842842281627668,
      "positionAccuracy" : 104.08288621377328
    },
    {
      "headingAccuracy" : 16.743115076991756,
      "altitude" : 29.787794129922986,
      "altitudeAccuracy" : 18.139843358308852,
      "latitude" : 42.293504887329767,
      "heading" : 170.50207664707759,
      "longitude" : -71.264413390243959,
      "positionAccuracy" : 98.430738761748742
    },
    {
      "latitude" : 42.293532176248171,
      "longitude" : -71.264375760493749,
      "positionAccuracy" : 89.142019839099405,
      "altitudeAccuracy" : 15.837185823356645,
      "altitude" : 29.820883112959564,
      "heading" : 171.57960009298512,
      "headingAccuracy" : 16.93551650388132
    },
    {
      "positionAccuracy" : 81.295574405606132,
      "latitude" : 42.293550039577887,
      "heading" : 171.5810972341753,
      "longitude" : -71.264350633634464,
      "altitude" : 29.824480565264821,
      "headingAccuracy" : 17.164966519609759,
      "altitudeAccuracy" : 13.923155355938999
    },
    {
      "heading" : 171.39018653851733,
      "latitude" : 42.293555992084627,
      "longitude" : -71.264341130551202,
      "headingAccuracy" : 17.181216764412319,
      "altitude" : 29.813474383205175,
      "altitudeAccuracy" : 13.132067710049999,
      "positionAccuracy" : 78.200043423104717
    },
    {
      "altitudeAccuracy" : 11.611223238781124,
      "longitude" : -71.26433759068469,
      "heading" : 171.38621076019851,
      "latitude" : 42.293571001874618,
      "altitude" : 29.782831635326147,
      "positionAccuracy" : 73.130186027185118,
      "headingAccuracy" : 17.228882920419103
    },
    {
      "latitude" : 42.293582128551549,
      "positionAccuracy" : 69.727606546684939,
      "longitude" : -71.264338026493604,
      "heading" : 168.46095680411457,
      "altitude" : 29.773761970922351,
      "altitudeAccuracy" : 10.486799956892108,
      "headingAccuracy" : 17.29995186742552
    },
    {
      "latitude" : 42.293584997890981,
      "altitudeAccuracy" : 9.9757066227131066,
      "altitude" : 29.739554695785046,
      "headingAccuracy" : 17.242836845314915,
      "longitude" : -71.264337539386247,
      "positionAccuracy" : 68.302869860557223,
      "heading" : 170.76476749525452
    },
    {
      "altitude" : 29.699349448084831,
      "latitude" : 42.293586304602265,
      "headingAccuracy" : 17.238986640523681,
      "heading" : 173.94567427607171,
      "altitudeAccuracy" : 9.4160096111711944,
      "positionAccuracy" : 65.633726330770955,
      "longitude" : -71.26433815787999
    },
    {
      "positionAccuracy" : 63.279706790439974,
      "heading" : 173.5200298621408,
      "altitudeAccuracy" : 8.9816192675431399,
      "latitude" : 42.293586235095844,
      "altitude" : 29.622344361618161,
      "longitude" : -71.264339117839668,
      "headingAccuracy" : 17.236609377944554
    },
    {
      "latitude" : 42.29358480852337,
      "altitude" : 29.608172497712076,
      "heading" : 173.74789551153518,
      "headingAccuracy" : 17.212682580677093,
      "altitudeAccuracy" : 8.7790468896089013,
      "positionAccuracy" : 62.232964322567959,
      "longitude" : -71.264339333514528
    },
    {
      "latitude" : 42.293582628760888,
      "positionAccuracy" : 61.665930498292035,
      "heading" : 176.27391884105279,
      "longitude" : -71.264339814633573,
      "headingAccuracy" : 17.241173348179171,
      "altitudeAccuracy" : 8.6715278532251769,
      "altitude" : 29.591879526153207
    },
    {
      "altitude" : 29.70629583671689,
      "headingAccuracy" : 17.178698924063745,
      "positionAccuracy" : 59.835317567185314,
      "heading" : 179.32888034000428,
      "altitudeAccuracy" : 8.099570573102266,
      "latitude" : 42.293579099997707,
      "longitude" : -71.264348541888907
    },
    {
      "heading" : 182.27718366733077,
      "positionAccuracy" : 59.107559804508661,
      "headingAccuracy" : 17.145226022159864,
      "longitude" : -71.264351943925305,
      "altitude" : 29.728950422257185,
      "altitudeAccuracy" : 7.8735487923753542,
      "latitude" : 42.293576309522436
    },
    {
      "latitude" : 42.293573711356473,
      "altitudeAccuracy" : 7.8008083446284271,
      "headingAccuracy" : 17.144019915965178,
      "longitude" : -71.264353644009631,
      "altitude" : 29.744952677749097,
      "positionAccuracy" : 58.831162542452098,
      "heading" : 185.90060478309852
    },
    {
      "longitude" : -71.264355919727663,
      "positionAccuracy" : 58.295341859359297,
      "altitudeAccuracy" : 7.5320692077025502,
      "heading" : 195.27549316058861,
      "altitude" : 29.809857836924493,
      "headingAccuracy" : 17.140243720982983,
      "latitude" : 42.293569940467648
    },
    {
      "latitude" : 42.293565767187822,
      "headingAccuracy" : 17.15124500932264,
      "longitude" : -71.264359698139899,
      "heading" : 228.70173838711841,
      "altitudeAccuracy" : 7.2912860426371076,
      "positionAccuracy" : 57.810509423292444,
      "altitude" : 29.897794880904257
    },
    {
      "positionAccuracy" : 57.724181787828428,
      "heading" : 238.40737384234455,
      "headingAccuracy" : 17.157562710833702,
      "latitude" : 42.293564138360836,
      "altitude" : 29.903025098145008,
      "altitudeAccuracy" : 7.2612141593482402,
      "longitude" : -71.264362272636518
    },
    {
      "altitude" : 29.806997266598046,
      "longitude" : -71.264371865066039,
      "latitude" : 42.293567487802441,
      "altitudeAccuracy" : 6.6684696008250359,
      "positionAccuracy" : 57.430236686292794,
      "headingAccuracy" : 17.188207059111679,
      "heading" : 240.08807328051955
    },
    {
      "headingAccuracy" : 17.260703087813202,
      "altitude" : 29.724709489382803,
      "altitudeAccuracy" : 6.3636338536534289,
      "longitude" : -71.264378448059205,
      "positionAccuracy" : 57.291344973254759,
      "heading" : 245.55749438208932,
      "latitude" : 42.293568610526457
    },
    {
      "heading" : 252.37170329429682,
      "positionAccuracy" : 57.260444596239729,
      "latitude" : 42.29356842863011,
      "altitudeAccuracy" : 6.239897220848821,
      "longitude" : -71.264382298149883,
      "altitude" : 29.713669943623245,
      "headingAccuracy" : 17.22513024447073
    },
    {
      "latitude" : 42.293564389543967,
      "longitude" : -71.264388714366262,
      "positionAccuracy" : 56.756720331280441,
      "heading" : 255.70063428686439,
      "headingAccuracy" : 17.170915415859248,
      "altitudeAccuracy" : 6.0857324172443006,
      "altitude" : 29.724821081385016
    },
    {
      "altitudeAccuracy" : 5.9746285910114096,
      "positionAccuracy" : 56.248364648431881,
      "heading" : 255.85103728535114,
      "longitude" : -71.264395550397751,
      "altitude" : 29.775645361281931,
      "headingAccuracy" : 17.161995029328185,
      "latitude" : 42.293560200016756
    },
    {
      "headingAccuracy" : 17.097963618751582,
      "altitudeAccuracy" : 5.9253521626982746,
      "heading" : 257.03516243019556,
      "positionAccuracy" : 56.050537273877602,
      "altitude" : 29.779545688070357,
      "longitude" : -71.264400587828604,
      "latitude" : 42.293557893179731
    },
    {
      "latitude" : 42.293556656014808,
      "altitude" : 29.800808620639145,
      "heading" : 258.78128720485381,
      "longitude" : -71.264404045544907,
      "headingAccuracy" : 17.044213918850232,
      "altitudeAccuracy" : 5.9169819405695057,
      "positionAccuracy" : 56.005179694838432
    },
    {
      "latitude" : 42.293555866769751,
      "altitude" : 29.802080694586039,
      "altitudeAccuracy" : 5.9298963184988587,
      "positionAccuracy" : 56.008383240233947,
      "heading" : 257.3157104668353,
      "headingAccuracy" : 17.002877008014359,
      "longitude" : -71.264407300247882
    },
    {
      "longitude" : -71.264410100699621,
      "altitudeAccuracy" : 5.9427579961465113,
      "latitude" : 42.29355549079586,
      "positionAccuracy" : 56.027583543149312,
      "headingAccuracy" : 16.968442545095964,
      "heading" : 254.09897880092419,
      "altitude" : 29.801711549982429
    },
    {
      "heading" : 253.93806107653242,
      "altitudeAccuracy" : 5.9785746652574536,
      "longitude" : -71.264414728692927,
      "altitude" : 29.787937806919217,
      "latitude" : 42.293554707588392,
      "headingAccuracy" : 16.934348912916381,
      "positionAccuracy" : 56.073196734916813
    },
    {
      "positionAccuracy" : 56.104033387227766,
      "altitude" : 29.810161515139043,
      "latitude" : 42.293554069927353,
      "heading" : 255.61756107177075,
      "altitudeAccuracy" : 5.9955078157226165,
      "longitude" : -71.264417536812161,
      "headingAccuracy" : 16.890598720206828
    },
    {
      "headingAccuracy" : 16.828664351799478,
      "altitude" : 29.792851661331952,
      "heading" : 255.95181158332889,
      "longitude" : -71.264420466917485,
      "altitudeAccuracy" : 6.0107646474808503,
      "latitude" : 42.293553601752421,
      "positionAccuracy" : 56.138074544590488
    },
    {
      "altitude" : 29.799537939019501,
      "positionAccuracy" : 56.176022108157021,
      "heading" : 254.45919040669932,
      "longitude" : -71.264424240943242,
      "altitudeAccuracy" : 6.0511156532166339,
      "headingAccuracy" : 16.822503020346129,
      "latitude" : 42.293553111662192
    },
    {
      "altitudeAccuracy" : 6.0477291247882592,
      "heading" : 253.77856717805594,
      "longitude" : -71.264426790408848,
      "altitude" : 29.773180712014437,
      "headingAccuracy" : 16.732140543183146,
      "positionAccuracy" : 56.203476550109976,
      "latitude" : 42.293552435129094
    },
    {
      "longitude" : -71.264429360134983,
      "positionAccuracy" : 56.235465905841629,
      "latitude" : 42.293551713360358,
      "headingAccuracy" : 16.698111159773447,
      "altitudeAccuracy" : 6.0702977044051636,
      "altitude" : 29.792418059892952,
      "heading" : 256.36107266772257
    },
    {
      "latitude" : 42.293551218490137,
      "longitude" : -71.264431802219363,
      "altitude" : 29.788965277373791,
      "heading" : 256.75936060812819,
      "positionAccuracy" : 56.269993803315423,
      "headingAccuracy" : 16.668874327947965,
      "altitudeAccuracy" : 6.0974110888450541
    },
    {
      "latitude" : 42.293550979521108,
      "altitude" : 29.802152015268803,
      "headingAccuracy" : 16.613551995885103,
      "longitude" : -71.264434590464916,
      "altitudeAccuracy" : 6.1125528098293671,
      "positionAccuracy" : 56.297691160385824,
      "heading" : 254.50112687998146
    },
    {
      "latitude" : 42.293550662710665,
      "positionAccuracy" : 56.322425044874777,
      "altitude" : 29.802442258223891,
      "headingAccuracy" : 16.595310990698611,
      "longitude" : -71.264436896293731,
      "altitudeAccuracy" : 6.1380269996062973,
      "heading" : 255.04973557523681
    },
    {
      "altitude" : 29.810630123130977,
      "latitude" : 42.293550116611904,
      "heading" : 257.06093834827902,
      "headingAccuracy" : 16.508278470287387,
      "positionAccuracy" : 56.351165618321097,
      "longitude" : -71.264438997789469,
      "altitudeAccuracy" : 6.1456058866952015
    },
    {
      "altitudeAccuracy" : 6.1674673452817403,
      "altitude" : 29.832092792727053,
      "positionAccuracy" : 56.373240799210663,
      "longitude" : -71.264440443505208,
      "heading" : 256.5008429285993,
      "headingAccuracy" : 16.492796291245952,
      "latitude" : 42.293549708721329
    },
    {
      "latitude" : 42.293548464146447,
      "altitude" : 29.82255292404443,
      "altitudeAccuracy" : 6.2009362829078425,
      "headingAccuracy" : 16.46112651130619,
      "heading" : 244.54936671330807,
      "longitude" : -71.264442395165133,
      "positionAccuracy" : 56.410665310059976
    },
    {
      "positionAccuracy" : 56.433075723269582,
      "altitudeAccuracy" : 6.2007719373523127,
      "latitude" : 42.293547217673435,
      "headingAccuracy" : 16.378353853224468,
      "heading" : 238.30343063971202,
      "altitude" : 29.809093154966831,
      "longitude" : -71.264442756497004
    },
    {
      "heading" : 238.52367358672066,
      "altitudeAccuracy" : 6.2151544422327802,
      "latitude" : 42.293545744078564,
      "longitude" : -71.26444299617765,
      "positionAccuracy" : 56.45382481275157,
      "altitude" : 29.805992571637034,
      "headingAccuracy" : 16.349461654894149
    },
    {
      "longitude" : -71.264443939748205,
      "headingAccuracy" : 16.349236773684176,
      "latitude" : 42.293544907190956,
      "altitudeAccuracy" : 6.240826854983089,
      "heading" : 244.44153615887967,
      "positionAccuracy" : 56.476576443593103,
      "altitude" : 29.819052224047482
    },
    {
      "altitudeAccuracy" : 6.2372270384816515,
      "altitude" : 29.812046721577644,
      "positionAccuracy" : 56.493779636310677,
      "heading" : 248.91645105576873,
      "headingAccuracy" : 16.287677199818162,
      "longitude" : -71.264445535826923,
      "latitude" : 42.293544814089799
    },
    {
      "longitude" : -71.264448084796854,
      "latitude" : 42.293544832430747,
      "positionAccuracy" : 56.514120692820882,
      "heading" : 251.77963657932196,
      "headingAccuracy" : 16.300049308414668,
      "altitude" : 29.826179843395948,
      "altitudeAccuracy" : 6.2642811307264932
    },
    {
      "longitude" : -71.264450383107317,
      "positionAccuracy" : 56.528107043580569,
      "altitude" : 29.832840968854725,
      "headingAccuracy" : 16.246279496992891,
      "latitude" : 42.293544745592357,
      "heading" : 254.47649512431005,
      "altitudeAccuracy" : 6.264254195259924
    },
    {
      "heading" : 258.53731122006445,
      "altitude" : 29.826248365454376,
      "positionAccuracy" : 56.548353084251659,
      "headingAccuracy" : 16.210931915285659,
      "longitude" : -71.264453166245787,
      "altitudeAccuracy" : 6.275168025113218,
      "latitude" : 42.293544244029519
    },
    {
      "altitudeAccuracy" : 6.3016130787113962,
      "altitude" : 29.849478492513299,
      "heading" : 267.0319650619241,
      "latitude" : 42.293544129301807,
      "headingAccuracy" : 16.223980483709688,
      "positionAccuracy" : 56.568108603721491,
      "longitude" : -71.264455601584629
    },
    {
      "headingAccuracy" : 16.514739689529041,
      "longitude" : -71.264451584557122,
      "heading" : 268.84641584803882,
      "altitudeAccuracy" : 5.128355229716937,
      "latitude" : 42.293557805090444,
      "altitude" : 29.83814125135541,
      "positionAccuracy" : 54.513239090355313
    },
    {
      "latitude" : 42.293565063970306,
      "longitude" : -71.264450945490253,
      "positionAccuracy" : 53.500819683477395,
      "heading" : 267.3209861008562,
      "altitude" : 29.82266853377223,
      "altitudeAccuracy" : 4.4891440909664375,
      "headingAccuracy" : 16.70969834946159
    },
    {
      "heading" : 261.4330060865035,
      "altitude" : 29.826028093695641,
      "positionAccuracy" : 52.890357907167889,
      "longitude" : -71.264452845906192,
      "altitudeAccuracy" : 4.0493015659524323,
      "latitude" : 42.293569797176595,
      "headingAccuracy" : 16.796968678637153
    },
    {
      "headingAccuracy" : 16.870288637411818,
      "heading" : 261.69943780718791,
      "latitude" : 42.293580067667996,
      "altitude" : 29.920836585573852,
      "altitudeAccuracy" : 3.5989156570817094,
      "positionAccuracy" : 50.851703090687856,
      "longitude" : -71.264455666342243
    },
    {
      "heading" : 241.31024732868431,
      "headingAccuracy" : 16.932783448909767,
      "latitude" : 42.293584484059139,
      "longitude" : -71.264457743981481,
      "positionAccuracy" : 49.740582048391261,
      "altitudeAccuracy" : 3.3767369758840995,
      "altitude" : 30.021116718649864
    },
    {
      "positionAccuracy" : 49.288037318487262,
      "heading" : 184.31523355130545,
      "altitudeAccuracy" : 3.2831070733320047,
      "latitude" : 42.293585495289534,
      "longitude" : -71.264456100342244,
      "headingAccuracy" : 16.917266307841082,
      "altitude" : 30.04951480589807
    },
    {
      "latitude" : 42.293591459781339,
      "altitude" : 30.109815101139247,
      "headingAccuracy" : 16.851829461482893,
      "longitude" : -71.2644538927794,
      "altitudeAccuracy" : 3.1693437929232959,
      "positionAccuracy" : 48.092996131242927,
      "heading" : 143.51768252586157
    },
    {
      "longitude" : -71.264451912401256,
      "positionAccuracy" : 47.27804929742441,
      "latitude" : 42.293596482744384,
      "altitude" : 30.176159609109163,
      "altitudeAccuracy" : 3.151499486251057,
      "heading" : 111.33996522733615,
      "headingAccuracy" : 16.871256358080853
    },
    {
      "altitudeAccuracy" : 3.0913760915809902,
      "positionAccuracy" : 46.943576163632606,
      "headingAccuracy" : 16.799346812117122,
      "heading" : 88.649659334280344,
      "altitude" : 30.202788735739887,
      "latitude" : 42.293599402459535,
      "longitude" : -71.264450939456509
    },
    {
      "latitude" : 42.293603343869762,
      "longitude" : -71.264451152243822,
      "altitudeAccuracy" : 2.9865624355340477,
      "positionAccuracy" : 45.984951023717819,
      "heading" : 74.882770101090699,
      "headingAccuracy" : 16.800416702265373,
      "altitude" : 30.283079927787185
    },
    {
      "latitude" : 42.293607168440332,
      "heading" : 70.895818562480628,
      "headingAccuracy" : 16.820647304951429,
      "altitude" : 30.37292155623436,
      "positionAccuracy" : 44.813440896374196,
      "longitude" : -71.264451644005149,
      "altitudeAccuracy" : 2.8534827196414896
    },
    {
      "altitudeAccuracy" : 2.7695754260878416,
      "headingAccuracy" : 16.790130334839489,
      "positionAccuracy" : 44.298056214965015,
      "longitude" : -71.264451905246901,
      "altitude" : 30.408538833260536,
      "latitude" : 42.293608803748803,
      "heading" : 71.059889618335362
    },
    {
      "headingAccuracy" : 16.81992129313447,
      "positionAccuracy" : 44.116179803256863,
      "longitude" : -71.264451984680562,
      "altitudeAccuracy" : 2.7806395082448976,
      "heading" : 73.321343438254061,
      "altitude" : 30.425330114550889,
      "latitude" : 42.293609365814255
    },
    {
      "altitude" : 30.502907332964242,
      "altitudeAccuracy" : 2.6007210508269267,
      "latitude" : 42.293612991677314,
      "heading" : 76.648931648737616,
      "headingAccuracy" : 16.811510190154809,
      "longitude" : -71.26445237963641,
      "positionAccuracy" : 42.973737687435872
    },
    {
      "headingAccuracy" : 16.810345583568832,
      "altitudeAccuracy" : 2.562645531100987,
      "altitude" : 30.518602182157338,
      "latitude" : 42.293613645167895,
      "heading" : 78.976383524465277,
      "longitude" : -71.264452286840296,
      "positionAccuracy" : 42.745350020486164
    },
    {
      "heading" : 81.305536838381016,
      "longitude" : -71.264452134400514,
      "latitude" : 42.293614226199445,
      "positionAccuracy" : 42.590934471238107,
      "altitudeAccuracy" : 2.5862575330733928,
      "headingAccuracy" : 16.861151119809481,
      "altitude" : 30.524808012880385
    },
    {
      "altitude" : 30.551933155395091,
      "heading" : 82.690425547025683,
      "latitude" : 42.293615795070245,
      "altitudeAccuracy" : 2.5197249854398254,
      "headingAccuracy" : 16.863067722525876,
      "longitude" : -71.264451966751722,
      "positionAccuracy" : 42.147801342364097
    },
    {
      "heading" : 83.245782019126466,
      "positionAccuracy" : 41.993905060601676,
      "altitude" : 30.558690221980214,
      "longitude" : -71.264451537207776,
      "latitude" : 42.293616522759351,
      "altitudeAccuracy" : 2.4977443730369324,
      "headingAccuracy" : 16.858193821510636
    },
    {
      "headingAccuracy" : 16.880125319056784,
      "altitudeAccuracy" : 2.5175334666871283,
      "latitude" : 42.293616875900071,
      "heading" : 83.914581090592321,
      "altitude" : 30.554036819376051,
      "longitude" : -71.264450653677784,
      "positionAccuracy" : 41.932061411767862
    },
    {
      "altitude" : 30.582849810831249,
      "latitude" : 42.293618287362712,
      "longitude" : -71.264449329708228,
      "heading" : 80.907541810985236,
      "altitudeAccuracy" : 2.4385272032415957,
      "positionAccuracy" : 41.371602733777443,
      "headingAccuracy" : 16.866146543047829
    },
    {
      "altitude" : 30.585524194873869,
      "altitudeAccuracy" : 2.4093616327403544,
      "heading" : 77.897441885078905,
      "longitude" : -71.264446266896002,
      "headingAccuracy" : 16.861305104002291,
      "latitude" : 42.293619300963542,
      "positionAccuracy" : 41.01503811038458
    }
  ],
  "speechData" : [
    "Cloud Anchor Resolved",
    "Continue straight and proceed 10 feet. Correction for phone \/ body offset will be updated as you start walking.",
    "Cloud Anchor Resolved",
    "Slight right towards 1 o'clock and proceed 5 feet",
    "Slight right towards 1 o'clock and proceed 27 feet",
    "Cloud Anchor Resolved"
  ],
  "speechDataTime" : [
    0.0010339021682739258,
    0.35580790042877197,
    0.86750495433807373,
    4.8569259643554688,
    6.648468017578125,
    7.1656699180603027
  ],
  "pathDataTime" : [

  ],
  "savedRouteGeospatialLocations" : [
    {
      "altitudeUncertainty" : 3.307830073172167,
      "heading" : 157.24018527115248,
      "GARAnchorUUID" : "9167AEC7-28FB-4718-B383-E025B2CA301F",
      "longitude" : -71.264334540069626,
      "latitude" : 42.293809395869872,
      "altitude" : 35.981446573510766,
      "horizontalUncertainty" : 14.032257679468044,
      "geoAnchorTransform" : [
        -0.99401730298995972,
        2.1231751912154095e-09,
        -0.10922288149595261,
        0,
        8.2844229254419588e-09,
        1,
        -5.5956078881536087e-08,
        0,
        0.10922288149595261,
        -5.6526157976577451e-08,
        -0.99401730298995972,
        0,
        -0.059113837778568268,
        -0.036075197160243988,
        -0.76363128423690796,
        1
      ],
      "headingUncertainty" : 13.864206030203002
    },
    {
      "headingUncertainty" : 13.832774428580002,
      "longitude" : -71.264335309312102,
      "altitudeUncertainty" : 3.3104104605432845,
      "heading" : 153.67332222531101,
      "GARAnchorUUID" : "6E085E97-856A-490F-96D6-AC3FEA86F959",
      "geoAnchorTransform" : [
        -0.99890446662902832,
        -1.9730939104789513e-09,
        -0.046796470880508423,
        0,
        -2.2205539629283066e-09,
        1,
        5.2360213942392875e-09,
        0,
        0.046796470880508423,
        5.3341988603960999e-09,
        -0.99890446662902832,
        0,
        -0.097652941942214966,
        -0.034051094204187393,
        -0.57290428876876831,
        1
      ],
      "altitude" : 35.986573997884989,
      "horizontalUncertainty" : 14.029359322394042,
      "latitude" : 42.293811197095117
    },
    {
      "horizontalUncertainty" : 13.182906879594274,
      "altitude" : 36.008637140505016,
      "headingUncertainty" : 13.925266483187654,
      "altitudeUncertainty" : 2.3742405161171023,
      "latitude" : 42.293812940166056,
      "geoAnchorTransform" : [
        -0.99997550249099731,
        -3.8057779150335591e-09,
        -0.0069954497739672661,
        0,
        -4.0820564706223195e-09,
        1,
        3.9479722602209222e-08,
        0,
        0.0069954497739672661,
        3.9507312976638786e-08,
        -0.99997550249099731,
        0,
        -0.13402257859706879,
        -0.04390084370970726,
        -0.22679805755615234,
        1
      ],
      "heading" : 151.38710279182092,
      "GARAnchorUUID" : "1AD3AFC5-C75E-4783-BC1E-DA919F1C2A63",
      "longitude" : -71.264338104374758
    },
    {
      "GARAnchorUUID" : "ED1BF15A-276B-4A3E-8278-3A9D76BD8D81",
      "altitudeUncertainty" : 1.8733848839795104,
      "heading" : 149.55957034319286,
      "longitude" : -71.264338851823695,
      "altitude" : 36.035699785687029,
      "horizontalUncertainty" : 12.501380573193543,
      "latitude" : 42.293811913001228,
      "geoAnchorTransform" : [
        -0.99969112873077393,
        2.6804958253023869e-09,
        0.024851333349943161,
        0,
        2.9921005673116952e-09,
        1,
        1.2501566004630149e-08,
        0,
        -0.024851333349943161,
        1.2572062502158587e-08,
        -0.99969112873077393,
        0,
        -0.10290315747261047,
        -0.04200487956404686,
        -0.203306645154953,
        1
      ],
      "headingUncertainty" : 14.055500454665989
    },
    {
      "GARAnchorUUID" : "8ED00E85-0D32-4C00-AA66-5213E1761D71",
      "heading" : 148.15849569425183,
      "horizontalUncertainty" : 12.055516354007551,
      "latitude" : 42.293809156235007,
      "headingUncertainty" : 14.137819958040321,
      "altitudeUncertainty" : 1.5551937586747049,
      "geoAnchorTransform" : [
        -0.99879002571105957,
        1.337465338480115e-08,
        0.049178272485733032,
        0,
        1.2209059541135048e-08,
        1,
        -2.4001781895321983e-08,
        0,
        -0.049178272485733032,
        -2.3372319191139468e-08,
        -0.99879002571105957,
        0,
        -0.012567226774990559,
        -0.038085315376520157,
        -0.41597571969032288,
        1
      ],
      "altitude" : 36.053915001451969,
      "longitude" : -71.264338684068079
    },
    {
      "horizontalUncertainty" : 11.955460380824155,
      "altitudeUncertainty" : 1.477101926005679,
      "altitude" : 36.044779747724533,
      "latitude" : 42.293807059225088,
      "headingUncertainty" : 14.128982213161869,
      "geoAnchorTransform" : [
        -0.99795520305633545,
        1.0852814646966635e-08,
        0.063916787505149841,
        0,
        8.4874693939696044e-09,
        1,
        -3.7278162778875412e-08,
        0,
        -0.063916787505149841,
        -3.6659447033571269e-08,
        -0.99795520305633545,
        0,
        0.028212673962116241,
        -0.048739351332187653,
        -0.64505332708358765,
        1
      ],
      "heading" : 147.30753867391365,
      "GARAnchorUUID" : "C043FE51-1870-47C1-A19B-218A89FBD4E9",
      "longitude" : -71.264337809473346
    },
    {
      "altitude" : 36.0409617414698,
      "headingUncertainty" : 14.104709230593432,
      "heading" : 150.55762259555001,
      "horizontalUncertainty" : 11.930285272944545,
      "latitude" : 42.293804471083952,
      "altitudeUncertainty" : 1.4606579258166927,
      "longitude" : -71.264335331974351,
      "geoAnchorTransform" : [
        -0.99997413158416748,
        -2.7034234850731309e-09,
        0.0071933376602828503,
        0,
        -3.0944018458711753e-09,
        1,
        -5.4341725785889139e-08,
        0,
        -0.0071933376602828503,
        -5.4362580215183698e-08,
        -0.99997413158416748,
        0,
        -0.014731784351170063,
        -0.051526531577110291,
        -1.0022968053817749,
        1
      ],
      "GARAnchorUUID" : "173E81F7-8E0D-42FA-9E68-7EA030AE1DA2"
    },
    {
      "GARAnchorUUID" : "7A7F2B6C-A03D-404D-A0AF-C418F4DD89CF",
      "altitude" : 36.034746224060655,
      "longitude" : -71.264333382127589,
      "geoAnchorTransform" : [
        -0.99951654672622681,
        3.1810649669949953e-09,
        0.031091954559087753,
        0,
        1.12825038200981e-09,
        1,
        -6.6041522472914949e-08,
        0,
        -0.031091954559087753,
        -6.5974518292932771e-08,
        -0.99951654672622681,
        0,
        0.0032557293307036161,
        -0.057001814246177673,
        -1.3902103900909424,
        1
      ],
      "headingUncertainty" : 14.075862238515022,
      "horizontalUncertainty" : 11.919361099930036,
      "altitudeUncertainty" : 1.4540158809342394,
      "heading" : 149.16436675933807,
      "latitude" : 42.293801406978609
    },
    {
      "geoAnchorTransform" : [
        -0.99929362535476685,
        5.3126636423428408e-09,
        0.037580560892820358,
        0,
        2.5273010351156699e-09,
        1,
        -7.4164610452953639e-08,
        0,
        -0.037580560892820358,
        -7.4017243889556994e-08,
        -0.99929362535476685,
        0,
        0.012152374722063541,
        -0.059297803789377213,
        -1.718866229057312,
        1
      ],
      "headingUncertainty" : 14.073582316884702,
      "altitudeUncertainty" : 1.4599589135236388,
      "longitude" : -71.264331659707608,
      "latitude" : 42.293798835396558,
      "altitude" : 36.032526380382478,
      "GARAnchorUUID" : "82BC6995-0C40-47E5-A1A4-3FBDE8E97417",
      "horizontalUncertainty" : 11.916380180342841,
      "heading" : 148.75652662980136
    },
    {
      "horizontalUncertainty" : 11.90749323033558,
      "headingUncertainty" : 14.034429905663016,
      "longitude" : -71.264328200107514,
      "heading" : 150.01268741848693,
      "altitudeUncertainty" : 1.4561590470167074,
      "GARAnchorUUID" : "2CC0BD55-98E0-49F2-AC6E-66A661312504",
      "latitude" : 42.293795275894517,
      "altitude" : 36.050466639921069,
      "geoAnchorTransform" : [
        -0.99989879131317139,
        -5.7632325578538257e-09,
        0.01422690786421299,
        0,
        -6.7847767404316528e-09,
        1,
        -7.175542293680337e-08,
        0,
        -0.01422690786421299,
        -7.1844688420696912e-08,
        -0.99989879131317139,
        0,
        -0.054940782487392426,
        -0.043479293584823608,
        -2.222482442855835,
        1
      ]
    },
    {
      "headingUncertainty" : 14.001388479579495,
      "longitude" : -71.264326251050932,
      "heading" : 154.99538151025601,
      "altitude" : 36.031178708188236,
      "geoAnchorTransform" : [
        -0.99724328517913818,
        1.6950478520794121e-10,
        -0.074201226234436035,
        0,
        5.9350200309893353e-09,
        1,
        -7.7480578397626232e-08,
        0,
        0.074201226234436035,
        -7.7707369428026141e-08,
        -0.99724328517913818,
        0,
        0.0024446393363177776,
        -0.062898002564907074,
        -2.6860079765319824,
        1
      ],
      "GARAnchorUUID" : "CA296FCF-F976-4F6F-B9C2-9228F45160EB",
      "latitude" : 42.293791496318711,
      "altitudeUncertainty" : 1.4577239037365426,
      "horizontalUncertainty" : 11.90368916135731
    },
    {
      "geoAnchorTransform" : [
        -0.90663528442382812,
        -9.2562348896763069e-09,
        -0.42191517353057861,
        0,
        2.3239945079467361e-08,
        1,
        -7.1877927609875769e-08,
        0,
        0.42191517353057861,
        -7.4972355434965721e-08,
        -0.90663528442382812,
        0,
        0.16942644119262695,
        -0.071357175707817078,
        -3.0825784206390381,
        1
      ],
      "horizontalUncertainty" : 11.902909126516239,
      "heading" : 175.59841950180666,
      "altitudeUncertainty" : 1.4612448918609342,
      "latitude" : 42.293787765575352,
      "longitude" : -71.264325840163522,
      "GARAnchorUUID" : "CAD40521-4F0F-4200-BF09-90FE5064231F",
      "altitude" : 36.02111145015806,
      "headingUncertainty" : 13.973759868327866
    },
    {
      "geoAnchorTransform" : [
        -0.64218384027481079,
        -1.2881910649298334e-08,
        -0.76655066013336182,
        0,
        4.6487013349860717e-08,
        1,
        -5.5749897143186899e-08,
        0,
        0.76655066013336182,
        -7.1436332405028224e-08,
        -0.64218384027481079,
        0,
        0.47666701674461365,
        -0.066175840795040131,
        -3.3670334815979004,
        1
      ],
      "altitudeUncertainty" : 1.4641504658623057,
      "longitude" : -71.264327521508875,
      "latitude" : 42.293784282575686,
      "heading" : 200.59741334360757,
      "altitude" : 36.025238970294595,
      "headingUncertainty" : 13.950333889498138,
      "horizontalUncertainty" : 11.906320722478824,
      "GARAnchorUUID" : "86304223-B2BB-41ED-8167-BEE7871B4DD3"
    },
    {
      "altitudeUncertainty" : 1.4679136570313078,
      "headingUncertainty" : 13.931952723025454,
      "heading" : 222.35609999236613,
      "GARAnchorUUID" : "18F9A857-51B6-487E-8D7A-E032E9235DD4",
      "longitude" : -71.264331132108424,
      "latitude" : 42.293780782059599,
      "altitude" : 36.026160521432757,
      "horizontalUncertainty" : 11.913520768662483,
      "geoAnchorTransform" : [
        -0.31056025624275208,
        -1.5622880766841263e-08,
        -0.95055371522903442,
        0,
        7.0390825612776098e-08,
        1,
        -3.9433306397995693e-08,
        0,
        0.95055371522903442,
        -7.9156677657010732e-08,
        -0.31056025624275208,
        0,
        0.92881333827972412,
        -0.064300723373889923,
        -3.5704708099365234,
        1
      ]
    },
    {
      "geoAnchorTransform" : [
        -0.037305474281311035,
        -2.7894829557340017e-08,
        -0.99930393695831299,
        0,
        7.6340526788953866e-08,
        1,
        -3.0764162772811687e-08,
        0,
        0.99930393695831299,
        -7.743506102997344e-08,
        -0.037305474281311035,
        0,
        1.358257532119751,
        -0.050592277199029922,
        -3.7344169616699219,
        1
      ],
      "latitude" : 42.293777672903502,
      "heading" : 238.19558743625504,
      "headingUncertainty" : 13.912953874566934,
      "GARAnchorUUID" : "DB8A46BA-E752-4251-96ED-CFC49302140E",
      "altitude" : 36.038941789418459,
      "longitude" : -71.264334675068767,
      "horizontalUncertainty" : 11.922061323348366,
      "altitudeUncertainty" : 1.4682529316001782
    },
    {
      "latitude" : 42.293775262463271,
      "horizontalUncertainty" : 11.90051765733679,
      "geoAnchorTransform" : [
        0.033708415925502777,
        -1.5872876346634257e-08,
        -0.99943172931671143,
        0,
        8.2261848888265376e-08,
        1,
        -1.3107409380097579e-08,
        0,
        0.99943172931671143,
        -8.1773272597729374e-08,
        0.033708415925502777,
        0,
        1.8723593950271606,
        -0.051444798707962036,
        -3.7739865779876709,
        1
      ],
      "heading" : 242.10069808217867,
      "altitude" : 36.037536867894232,
      "altitudeUncertainty" : 1.4515436755944127,
      "longitude" : -71.264339828565411,
      "headingUncertainty" : 13.87442062237238,
      "GARAnchorUUID" : "149A1ADC-2447-4460-A9EC-023993C793C3"
    },
    {
      "heading" : 241.88101299308835,
      "latitude" : 42.293773072874565,
      "longitude" : -71.264344733282456,
      "horizontalUncertainty" : 11.783922495464804,
      "geoAnchorTransform" : [
        0.031674649566411972,
        -1.3768608475572819e-08,
        -0.99949824810028076,
        0,
        8.858724243054894e-08,
        1,
        -1.0968142838407857e-08,
        0,
        0.99949824810028076,
        -8.8195378111777245e-08,
        0.031674649566411972,
        0,
        2.3953080177307129,
        -0.064684942364692688,
        -3.8346660137176514,
        1
      ],
      "altitude" : 36.032841459847987,
      "headingUncertainty" : 13.865561170204597,
      "GARAnchorUUID" : "6B6EECDA-85E0-4F3F-8F55-76EDBD4094BA",
      "altitudeUncertainty" : 1.4049530474165683
    },
    {
      "GARAnchorUUID" : "C65BDC09-E42E-4842-A95D-F2DF0D0F267F",
