{
  "trackingErrorPhase" : [
    false
  ],
  "keypointData" : [
    [
      -0.40142595767974854,
      -0.13024817407131195,
      -4.0997247695922852,
      1.4525870084762573
    ],
    [
      -0.62295478582382202,
      -0.11871189624071121,
      -3.7279784679412842,
      0.031658735126256943
    ],
    [
      -3.0702967643737793,
      -0.15852771699428558,
      -3.9023909568786621,
      0.8933035135269165
    ],
    [
      -4.1254949569702148,
      -0.14874383807182312,
      -5.3214302062988281,
      1.6058014631271362
    ],
    [
      -4.0041608810424805,
      -0.11003740131855011,
      -17.420492172241211,
      1.5558015108108521
    ],
    [
      -6.3846559524536133,
      -0.12915556132793427,
      -31.933032989501953,
      1.4903770685195923
    ],
    [
      -10.404050827026367,
      -0.085728645324707031,
      -42.358451843261719,
      1.4745765924453735
    ],
    [
      -16.368515014648438,
      -0.081102237105369568,
      -52.879348754882812,
      1.5050745010375977
    ],
    [
      -16.126396179199219,
      -0.089285917580127716,
      -53.755462646484375,
      1.6868997812271118
    ],
    [
      -14.962952613830566,
      -0.10200005024671555,
      -54.580829620361328,
      2.168513298034668
    ],
    [
      -12.085017204284668,
      -0.080969423055648804,
      -55.259132385253906,
      -2.1258804798126221
    ],
    [
      -10.44575309753418,
      -0.056642793118953705,
      -54.698341369628906,
      -1.8226453065872192
    ],
    [
      -7.5012650489807129,
      -0.034089181572198868,
      -51.670013427734375,
      -1.9383666515350342
    ],
    [
      -6.4082608222961426,
      -0.035657085478305817,
      -51.63720703125,
      2.140902042388916
    ]
  ],
  "PathID" : "108C8801-4272-49AA-BDC7-08D3DACDBEB62023-03-23T10:19:16-04:00-0",
  "routeId" : "7BB9D3E9-639A-43F2-B542-9653777BED54",
  "trackingErrorTime" : [
    78.483399033546448
  ],
  "settingsHistory" : [
    {
      "relativeTimeStamp" : 0.18891596794128418,
      "soundFeedback" : true,
      "sendLogs" : true,
      "localizationThreshold" : 0,
      "timerLength" : 5,
      "visualizeCloudAnchors" : true,
      "disableARWorldMap" : true,
      "adjustOffset" : true,
      "voiceFeedback" : true,
      "filterGeoSpatial" : true,
      "hapticFeedback" : false,
      "defaultColor" : 0,
      "defaultUnit" : 0
    },
    {
      "relativeTimeStamp" : 88.023358941078186,
      "hapticFeedback" : false,
      "localizationThreshold" : 0,
      "defaultColor" : 0,
      "disableARWorldMap" : true,
      "filterGeoSpatial" : true,
      "timerLength" : 5,
      "soundFeedback" : true,
      "visualizeCloudAnchors" : true,
      "sendLogs" : true,
      "adjustOffset" : true,
      "voiceFeedback" : true,
      "defaultUnit" : 0
    }
  ],
  "garAnchorTimestamps" : [
    362.54900220799999,
    363.66626774999997,
    364.76685175,
    365.884113958,
    367.00137520800001,
    368.11863645800003,
    369.23589258300001,
    370.36982662499997,
    371.48708425000001,
    372.60433866599999,
    373.721592875,
    374.83885095800002,
    375.956100875,
    377.07335983299998,
    378.20728387499997,
    379.324536083,
    380.44178362500003,
    381.55903749999999,
    382.67628408299998,
    383.79353679100001,
    384.92746325000002,
    386.04470658299999,
    387.16195750000003,
    388.279201333,
    389.39644754099999,
    390.49702229100001,
    391.63094416600001,
    392.748194458,
    393.86543258299997,
    394.98267633299997,
    396.09991962499998,
    397.21716733300002,
    398.33440954100001,
    399.46833033299998,
    400.60224970799999,
    401.71948495800001,
    402.820059458,
    403.93729424999998,
    405.05453608300002,
    406.17177674999999,
    407.30569145800001,
    408.42293345799999,
    409.54017299999998,
    410.65741491599999,
    411.77465170800002,
    412.90856391599999,
    414.02580295799999,
    415.14304145800003,
    416.26028045800001,
    417.37751516600002,
    418.49475933299999,
    419.61198887500001,
    420.72922725000001,
    421.86313791600003,
    422.98036962499998,
    424.09760987499999,
    425.214839375,
    426.33207441600001,
    427.449310583,
    428.59989687500001,
    429.71712683300001,
    430.83436379099999,
    431.95159595799998,
    433.06883104100001,
    434.18609083299998,
    435.30330249999997
  ],
  "userId" : "NcsslHgGt7OcPalBU90raZOBcqP2",
  "ARLoggerDataDir" : "visual_alignment_benchmarking\/MAC-2-floor-1\/NcsslHgGt7OcPalBU90raZOBcqP2\/CA9633A4-16FF-4B18-8C1C-29369AC059F4",
  "trackingErrorData" : [
    "Normal"
  ],
  "PathType" : "notrated",
  "isVoiceOverOn" : false,
  "stateSequence" : [
    "mainScreen(announceArrival=false)",
    "startingResumeProcedure(route=7BB9D3E9-639A-43F2-B542-9653777BED54, mapexists=true, navigateStartToEnd=true)",
    "navigatingRoute",
    "endScreen"
  ],
  "stateSequenceTime" : [
    13.389963984489441,
    87.848895907402039,
    92.292516946792603,
    166.48888695240021
  ],
  "garAnchorCameraWorldTransformsAndGeoSpatialData" : [
    {
      "cameraWorldTransform" : [
        0.058538489043712616,
        -0.98609507083892822,
        0.15553022921085358,
        0,
        0.97878438234329224,
        0.026050372049212456,
        -0.20323000848293304,
        0,
        0.19635249674320221,
        0.16412732005119324,
        0.96669948101043701,
        0,
        -0.065756477415561676,
        -0.0096450233832001686,
        0.0069509642198681831,
        1
      ],
      "geospatialTransform" : {
        "longitude" : -71.264343969233067,
        "latitude" : 42.293810986701018,
        "altitude" : 35.695983185432851,
        "altitudeAccuracy" : 7.2738042434661878,
        "positionAccuracy" : 21.33636533152292,
        "heading" : 148.10256686464723,
        "headingAccuracy" : 45.362677388963078
      }
    },
    {
      "geospatialTransform" : {
        "altitude" : 35.666594507172704,
        "altitudeAccuracy" : 7.2702301675907117,
        "headingAccuracy" : 45.048852550163033,
        "longitude" : -71.264343337356195,
        "latitude" : 42.293810353572333,
        "heading" : 155.49729690426193,
        "positionAccuracy" : 21.346707368719436
      },
      "cameraWorldTransform" : [
        0.018690194934606552,
        -0.98072469234466553,
        0.19449898600578308,
        0,
        0.99737399816513062,
        0.004674253985285759,
        -0.07227267324924469,
        0,
        0.069970451295375824,
        0.19533899426460266,
        0.97823655605316162,
        0,
        -0.077547073364257812,
        -0.036030955612659454,
        -0.098916441202163696,
        1
      ]
    },
    {
      "geospatialTransform" : {
        "latitude" : 42.293804568085754,
        "positionAccuracy" : 21.361377177882382,
        "heading" : 156.25561937003545,
        "headingAccuracy" : 44.85630786308581,
        "altitude" : 35.590790207497776,
        "longitude" : -71.264338734490408,
        "altitudeAccuracy" : 7.2712840540849184
      },
      "cameraWorldTransform" : [
        0.053309634327888489,
        -0.97366470098495483,
        0.22166430950164795,
        0,
        0.99709224700927734,
        0.039798058569431305,
        -0.064984135329723358,
        0,
        0.054450936615467072,
        0.22448407113552094,
        0.97295522689819336,
        0,
        -0.25234401226043701,
        -0.11528600007295609,
        -0.96038287878036499,
        1
      ]
    },
    {
      "cameraWorldTransform" : [
        0.016053246334195137,
        -0.97040784358978271,
        0.24093745648860931,
        0,
        0.99492520093917847,
        0.039441216737031937,
        0.092564612627029419,
        0,
        -0.099328294396400452,
        0.23822876811027527,
        0.96611636877059937,
        0,
        -0.34789988398551941,
        -0.12730416655540466,
        -1.9979526996612549,
        1
      ],
      "geospatialTransform" : {
        "latitude" : 42.293798010644117,
        "heading" : 165.26775034711611,
        "altitude" : 35.576659264974296,
        "headingAccuracy" : 44.382519112862219,
        "longitude" : -71.264334903230491,
        "altitudeAccuracy" : 7.2753693042751104,
        "positionAccuracy" : 21.410351907911
      }
    },
    {
      "cameraWorldTransform" : [
        -0.2286611944437027,
        -0.96744745969772339,
        0.10844162851572037,
        0,
        0.35928449034690857,
        0.019663998857140541,
        0.93302100896835327,
        0,
        -0.9047810435295105,
        0.25230702757835388,
        0.34309247136116028,
        0,
        0.18689088523387909,
        -0.19190019369125366,
        -2.6887722015380859,
        1
      ],
      "geospatialTransform" : {
        "latitude" : 42.293796819077485,
        "altitudeAccuracy" : 6.2007986763120906,
        "heading" : 228.80114611393799,
        "headingAccuracy" : 44.503042324132537,
        "altitude" : 35.653869190253317,
        "longitude" : -71.264339055979278,
        "positionAccuracy" : 20.218473162204251
      }
    },
    {
      "cameraWorldTransform" : [
        -0.243154376745224,
        -0.9696345329284668,
        0.026169773191213608,
        0,
        0.066698081791400909,
        0.01020198967307806,
        0.99772101640701294,
        0,
        -0.96769177913665771,
        0.24434569478034973,
        0.06219211220741272,
        0,
        0.90035396814346313,
        -0.16352730989456177,
        -3.1874625682830811,
        1
      ],
      "geospatialTransform" : {
        "positionAccuracy" : 16.843608076366046,
        "heading" : 245.89510579501007,
        "longitude" : -71.264343302809223,
        "altitude" : 35.78770475462079,
        "latitude" : 42.293801771797142,
        "altitudeAccuracy" : 3.7127661071818334,
        "headingAccuracy" : 46.818658089826776
      }
    },
    {
      "cameraWorldTransform" : [
        -0.18693114817142487,
        -0.98226326704025269,
        0.014685907401144505,
        0,
        -0.021907800808548927,
        0.019113970920443535,
        0.99957740306854248,
        0,
        -0.98212873935699463,
        0.18653036653995514,
        -0.025092223659157753,
        0,
        1.379450798034668,
        -0.092940367758274078,
        -3.4357132911682129,
        1.0000001192092896
      ],
      "geospatialTransform" : {
        "heading" : 250.35251098314001,
        "altitude" : 35.881293236277997,
        "positionAccuracy" : 15.462856718287876,
        "altitudeAccuracy" : 2.7790246679949919,
        "headingAccuracy" : 47.038505144665656,
        "latitude" : 42.293803201897333,
        "longitude" : -71.26434394514709
      }
    },
    {
      "cameraWorldTransform" : [
        0.24690844118595123,
        -0.96504676342010498,
        0.087869405746459961,
        0,
        0.66842550039291382,
        0.10395973920822144,
        -0.73647809028625488,
        0,
        0.70160084962844849,
        0.24057677388191223,
        0.6707303524017334,
        0,
        0.64211398363113403,
        -0.016921844333410263,
        -3.6891257762908936,
        1.0000001192092896
      ],
      "geospatialTransform" : {
        "altitudeAccuracy" : 2.4064292326789518,
        "heading" : 111.95204564209375,
        "headingAccuracy" : 46.969695806154434,
        "latitude" : 42.293805419681917,
        "positionAccuracy" : 14.962161594566204,
        "altitude" : 35.960158972069621,
        "longitude" : -71.264335291543944
      }
    },
    {
      "geospatialTransform" : {
        "altitude" : 35.953625278547406,
        "heading" : 223.71252957916013,
        "longitude" : -71.264343102866235,
        "latitude" : 42.293803347758377,
        "altitudeAccuracy" : 2.4056431078278808,
        "headingAccuracy" : 46.591149081915646,
        "positionAccuracy" : 14.96699185424346
      },
      "cameraWorldTransform" : [
        -0.14758650958538055,
        -0.98873496055603027,
        0.024924427270889282,
        0,
        0.41523259878158569,
        -0.039069637656211853,
        0.90887588262557983,
        0,
        -0.8976636528968811,
        0.14448724687099457,
        0.41632109880447388,
        0,
        1.3153361082077026,
        -0.020196277648210526,
        -3.686755895614624,
        1
      ]
    },
    {
      "cameraWorldTransform" : [
        -0.27979284524917603,
        -0.95905756950378418,
        -0.043871477246284485,
        0,
        -0.046710070222616196,
        -0.03204384446144104,
        0.9983944296836853,
        0,
        -0.95892351865768433,
        0.28139281272888184,
        -0.035832013934850693,
        0,
        1.7929137945175171,
        -0.090142108500003815,
        -3.5727307796478271,
        1.0000001192092896
      ],
      "geospatialTransform" : {
        "longitude" : -71.264346501481896,
        "headingAccuracy" : 46.173261138222848,
        "altitude" : 35.882714813575149,
        "heading" : 250.75346772512904,
        "latitude" : 42.293802613373828,
        "altitudeAccuracy" : 2.412042489852372,
        "positionAccuracy" : 14.96246159026691
      }
    },
    {
      "cameraWorldTransform" : [
        -0.35147443413734436,
        -0.93013417720794678,
        -0.10637689381837845,
        0,
        -0.073234714567661285,
        -0.085962086915969849,
        0.99360311031341553,
        0,
        -0.93332856893539429,
        0.35701653361320496,
        -0.03790462389588356,
        0,
        2.5614376068115234,
        -0.14374522864818573,
        -3.6396751403808594,
        0.99999988079071045
      ],
      "geospatialTransform" : {
        "headingAccuracy" : 45.822522465079196,
        "latitude" : 42.293800047043163,
        "altitudeAccuracy" : 2.4080025740831683,
        "positionAccuracy" : 14.99143785535299,
        "altitude" : 35.827339534647763,
        "heading" : 251.48330264567616,
        "longitude" : -71.264353068336604
      }
    },
    {
      "geospatialTransform" : {
        "longitude" : -71.264361344741829,
        "altitude" : 35.87804179918021,
        "headingAccuracy" : 45.387569508695194,
        "heading" : 252.22474735250753,
        "latitude" : 42.293797329346035,
        "altitudeAccuracy" : 2.4116124737492517,
        "positionAccuracy" : 15.06176628959291
      },
      "cameraWorldTransform" : [
        -0.28498336672782898,
        -0.9571983814239502,
        -0.050552573055028915,
        0,
        -0.074318945407867432,
        -0.030515620484948158,
        0.99676752090454102,
        0,
        -0.95564693212509155,
        0.28781917691230774,
        -0.062441524118185043,
        0,
        3.5596451759338379,
        -0.089503847062587738,
        -3.678779125213623,
        1
      ]
    },
    {
      "geospatialTransform" : {
        "longitude" : -71.26436618405647,
        "altitudeAccuracy" : 1.8153431857998101,
        "heading" : 252.50036795226887,
        "latitude" : 42.293798125798546,
        "headingAccuracy" : 45.343391798392652,
        "positionAccuracy" : 13.677536160116155,
        "altitude" : 35.867478393949568
      },
      "cameraWorldTransform" : [
        -0.26560136675834656,
        -0.95856982469558716,
        -0.10295483469963074,
        0,
        -0.10138296335935593,
        -0.078427396714687347,
        0.99175119400024414,
        0,
        -0.95873737335205078,
        0.27384835481643677,
        -0.076352238655090332,
        0,
        4.5966620445251465,
        -0.10684175789356232,
        -3.6876568794250488,
        1
      ]
    },
    {
      "cameraWorldTransform" : [
        -0.25903302431106567,
        -0.955466628074646,
        -0.14137011766433716,
        0,
        -0.18799397349357605,
        -0.093692101538181305,
        0.97769123315811157,
        0,
        -0.94739651679992676,
        0.27983105182647705,
        -0.15535260736942291,
        0,
        5.6213045120239258,
        -0.12850555777549744,
        -3.7702102661132812,
        1
      ],
      "geospatialTransform" : {
        "altitude" : 35.843232793733478,
        "altitudeAccuracy" : 1.7434972290687312,
        "heading" : 257.17141566207158,
        "latitude" : 42.293795359271286,
        "positionAccuracy" : 13.559078226357348,
        "headingAccuracy" : 45.030137504513839,
        "longitude" : -71.264373685544612
      }
    },
    {
      "cameraWorldTransform" : [
        -0.28338265419006348,
        -0.95899522304534912,
        0.0047414959408342838,
        0,
        -0.055473558604717255,
        0.021327907219529152,
        0.99823242425918579,
        0,
        -0.95740121603012085,
        0.28261867165565491,
        -0.059242848306894302,
        0,
        6.7773017883300781,
        -0.10436561703681946,
        -3.9758217334747314,
        1.0000001192092896
      ],
      "geospatialTransform" : {
        "latitude" : 42.293791639748143,
        "heading" : 250.54134699200225,
        "altitudeAccuracy" : 1.6289158822516994,
        "longitude" : -71.264381302672874,
        "altitude" : 35.871549991890788,
        "positionAccuracy" : 13.410724694612581,
        "headingAccuracy" : 44.496237775143896
      }
    },
    {
      "cameraWorldTransform" : [
        -0.34777510166168213,
        -0.93753838539123535,
        -0.0086116986349225044,
        0,
        -0.075653403997421265,
        0.018905783072113991,
        0.99695485830307007,
        0,
        -0.9345206618309021,
        0.34736758470535278,
        -0.077502936124801636,
        0,
        7.9666180610656738,
        -0.13689091801643372,
        -4.2553653717041016,
        1
      ],
      "geospatialTransform" : {
        "longitude" : -71.26439027409171,
        "altitudeAccuracy" : 1.628315861925234,
        "positionAccuracy" : 13.608642451276033,
        "headingAccuracy" : 43.945146929891607,
        "heading" : 251.61608799299916,
        "altitude" : 35.835040773265064,
        "latitude" : 42.293786604329576
      }
    },
    {
      "cameraWorldTransform" : [
        -0.27523145079612732,
        -0.95969390869140625,
        0.056879676878452301,
        0,
        -0.025675639510154724,
        0.06648138165473938,
        0.99745732545852661,
        0,
        -0.96103519201278687,
        0.27307119965553284,
        -0.04293852299451828,
        0,
        9.1699075698852539,
        -0.15178509056568146,
        -4.3969178199768066,
        1.0000001192092896
      ],
      "geospatialTransform" : {
        "latitude" : 42.293752551631201,
        "positionAccuracy" : 11.553653547179421,
        "headingAccuracy" : 36.674653869974442,
        "altitude" : 34.540328945964575,
        "longitude" : -71.264335877073037,
        "heading" : 190.61917466484718,
        "altitudeAccuracy" : 1.69091231026067
      }
    },
    {
      "geospatialTransform" : {
        "latitude" : 42.293700440901972,
        "longitude" : -71.264201113405548,
        "headingAccuracy" : 25.63487479547657,
        "altitudeAccuracy" : 1.8263219127796926,
        "altitude" : 32.112916450947523,
        "heading" : 80.49491746051963,
        "positionAccuracy" : 5.1395068685239611
      },
      "cameraWorldTransform" : [
        -0.31146329641342163,
        -0.94974154233932495,
        0.031331706792116165,
        0,
        -0.053284913301467896,
        0.050375442951917648,
        0.99730795621871948,
        0,
        -0.94876307249069214,
        0.30895531177520752,
        -0.066296987235546112,
        0,
        10.336694717407227,
        -0.16367077827453613,
        -4.491091251373291,
        1.0000001192092896
      ]
    },
    {
      "geospatialTransform" : {
        "heading" : 94.633432117679845,
        "latitude" : 42.293702992442405,
        "altitude" : 32.087343860417604,
        "altitudeAccuracy" : 1.8532275821382502,
        "positionAccuracy" : 5.2604059371197494,
        "headingAccuracy" : 27.422537524094349,
        "longitude" : -71.264189220634677
      },
      "cameraWorldTransform" : [
        -0.20019833743572235,
        -0.97973793745040894,
        -0.0058332793414592743,
        0,
        -0.35270127654075623,
        0.066513299942016602,
        0.93336910009384155,
        0,
        -0.91406911611557007,
        0.18891634047031403,
        -0.35887071490287781,
        0,
        11.245230674743652,
        -0.12904033064842224,
        -4.6385688781738281,
        1
      ]
    },
    {
      "geospatialTransform" : {
        "latitude" : 42.29371039113569,
        "altitude" : 32.978511964902282,
        "heading" : 59.461695755103428,
        "altitudeAccuracy" : 1.9034334020586474,
        "positionAccuracy" : 7.2696952476212156,
        "longitude" : -71.264199518961959,
        "headingAccuracy" : 40.529314853777976
      },
      "cameraWorldTransform" : [
        -0.20167465507984161,
        -0.95925712585449219,
        0.19787167012691498,
        0,
        0.2755400538444519,
        0.13829842209815979,
        0.95128929615020752,
        0,
        -0.9398963451385498,
        0.24637247622013092,
        0.23642243444919586,
        0,
        11.506138801574707,
        -0.091395847499370575,
        -5.0263891220092773,
        1
      ]
    },
    {
      "cameraWorldTransform" : [
        -0.16833275556564331,
        -0.95378738641738892,
        0.24890464544296265,
        0,
        0.73033970594406128,
        0.048906434327363968,
        0.68133103847503662,
        0,
        -0.66201794147491455,
        0.29647526144981384,
        0.68835628032684326,
        0,
        11.370367050170898,
        -0.1034938246011734,
        -5.1525659561157227,
        0.99999988079071045
      ],
      "geospatialTransform" : {
        "altitudeAccuracy" : 2.8124040604589369,
        "longitude" : -71.264337369072393,
        "latitude" : 42.293734283843598,
        "altitude" : 35.07588962931186,
        "positionAccuracy" : 13.605245055820307,
        "headingAccuracy" : 60.301015474175088,
        "heading" : 123.68141635671633
      }
    },
    {
      "cameraWorldTransform" : [
        -0.013071277178823948,
        -0.99926036596298218,
        0.036165818572044373,
        0,
        0.79515063762664795,
        0.011542321182787418,
        0.60630220174789429,
        0,
        -0.60627120733261108,
        0.03668241947889328,
        0.79441159963607788,
        0,
        11.418416976928711,
        -0.00026172079378738999,
        -4.8435816764831543,
        1.0000001192092896
      ],
      "geospatialTransform" : {
        "altitude" : 35.891031662002206,
        "latitude" : 42.293751759229927,
        "longitude" : -71.264397031161934,
        "positionAccuracy" : 13.771314855967873,
        "headingAccuracy" : 40.712774632473888,
        "altitudeAccuracy" : 2.2292301591702799,
        "heading" : 161.05901628428117
      }
    },
    {
      "cameraWorldTransform" : [
        0.0027010128833353519,
        -0.98899573087692261,
        -0.14791871607303619,
        0,
        -0.76649755239486694,
        -0.097047761082649231,
        0.63487255573272705,
        0,
        -0.64224141836166382,
        0.11166451871395111,
        -0.75832498073577881,
        0,
        11.468074798583984,
        -0.018492266535758972,
        -3.9644646644592285,
        0.99999988079071045
      ],
      "geospatialTransform" : {
        "altitudeAccuracy" : 2.1158741748011449,
        "positionAccuracy" : 13.824601282834978,
        "longitude" : -71.26440688022015,
        "altitude" : 35.903226737864316,
        "headingAccuracy" : 39.328090960080651,
        "latitude" : 42.293757040634262,
        "heading" : 264.99829442929149
      }
    },
    {
      "geospatialTransform" : {
        "positionAccuracy" : 13.820701836088045,
        "headingAccuracy" : 38.409210628980318,
        "latitude" : 42.293754629448649,
        "heading" : 216.65568771800582,
        "altitude" : 35.917129804380238,
        "longitude" : -71.264405342292036,
        "altitudeAccuracy" : 2.1131012344567477
      },
      "cameraWorldTransform" : [
        -0.15330281853675842,
        -0.98808354139328003,
        0.013761389069259167,
        0,
        -0.022198447957634926,
        0.017365947365760803,
        0.9996027946472168,
        0,
        -0.98792994022369385,
        0.1529364287853241,
        -0.024596165865659714,
        0,
        11.570542335510254,
        -0.0049987742677330971,
        -4.2462706565856934,
        1.0000001192092896
      ]
    },
    {
      "cameraWorldTransform" : [
        0.085665047168731689,
        -0.97992151975631714,
        0.18004222214221954,
        0,
        0.8393520712852478,
        -0.026380034163594246,
        -0.54294764995574951,
        0,
        0.53679567575454712,
        0.19763042032718658,
        0.82023930549621582,
        0,
        11.19371509552002,
        -0.030799753963947296,
        -4.5438570976257324,
        0.99999988079071045
      ],
      "geospatialTransform" : {
        "headingAccuracy" : 38.044285368583125,
        "latitude" : 42.293756159229275,
        "longitude" : -71.26440081821552,
        "positionAccuracy" : 13.781785751074233,
        "altitude" : 35.895315473899245,
        "heading" : 92.110317646823688,
        "altitudeAccuracy" : 2.119566838992915
      }
    },
    {
      "cameraWorldTransform" : [
        0.14867702126502991,
        -0.98837727308273315,
        -0.031712040305137634,
        0,
        -0.020708316937088966,
        0.028949571773409843,
        -0.9993664026260376,
        0,
        0.98866903781890869,
        0.14923951029777527,
        -0.01616349071264267,
        0,
        10.893915176391602,
        0.012843092903494835,
        -4.1905717849731445,
        1.0000001192092896
      ],
      "geospatialTransform" : {
        "latitude" : 42.293759364389217,
        "altitudeAccuracy" : 2.128414500213478,
        "headingAccuracy" : 37.454929909043159,
        "positionAccuracy" : 13.714598379882622,
        "altitude" : 35.944497076794505,
        "heading" : 34.271400020794886,
        "longitude" : -71.264403206807899
      }
    },
    {
      "cameraWorldTransform" : [
        0.17765584588050842,
        -0.98404794931411743,
        -0.0093889022246003151,
        0,
        0.038989931344985962,
        0.016571611166000366,
        -0.99910223484039307,
        0,
        0.98331999778747559,
        0.17713026702404022,
        0.041311994194984436,
        0,
        10.869519233703613,
        0.017086168751120567,
        -4.2080883979797363,
        1
      ],
      "geospatialTransform" : {
        "latitude" : 42.293764304085187,
        "altitude" : 35.966759018599987,
        "heading" : 37.921442517651293,
        "longitude" : -71.264399891326079,
        "altitudeAccuracy" : 1.7402651907277411,
        "positionAccuracy" : 13.277933750013798,
        "headingAccuracy" : 37.453751373261525
      }
    },
    {
      "geospatialTransform" : {
        "heading" : 38.82341081950004,
        "altitudeAccuracy" : 1.3551499607290942,
        "longitude" : -71.264396130755415,
        "positionAccuracy" : 12.831845243687662,
        "latitude" : 42.293769716265672,
        "altitude" : 35.97999572288245,
        "headingAccuracy" : 37.895955808713026
      },
      "cameraWorldTransform" : [
        0.21610796451568604,
        -0.97627604007720947,
        0.01350085623562336,
        0,
        0.050551734864711761,
        -0.0026211000513285398,
        -0.99871796369552612,
        0,
        0.9750598669052124,
        0.21651339530944824,
        0.048786014318466187,
        0,
        10.837191581726074,
        0.0089789740741252899,
        -4.2041459083557129,
        1
      ]
    },
    {
      "cameraWorldTransform" : [
        0.26893925666809082,
        -0.961506187915802,
        0.056368492543697357,
        0,
        0.14785182476043701,
        -0.016617614775896072,
        -0.98886978626251221,
        0,
        0.95174121856689453,
        0.2742801308631897,
        0.13769133388996124,
        0,
        10.813724517822266,
        -0.026711976155638695,
        -4.2212057113647461,
        0.99999988079071045
      ],
      "geospatialTransform" : {
        "positionAccuracy" : 12.74018311904714,
        "latitude" : 42.293770698093041,
        "altitudeAccuracy" : 1.2862836141009661,
        "headingAccuracy" : 37.881004714956376,
        "altitude" : 35.95062102470547,
        "heading" : 44.398644398513909,
        "longitude" : -71.264395189949823
      }
    },
    {
      "cameraWorldTransform" : [
        -0.034462235867977142,
        -0.95111995935440063,
        0.30689254403114319,
        0,
        0.99600869417190552,
        -0.057983417063951492,
        -0.06785602867603302,
        0,
        0.082333885133266449,
        0.30332916975021362,
        0.94932204484939575,
        0,
        11.10246467590332,
        -0.13056614995002747,
        -4.4721684455871582,
        0.99999988079071045
      ],
      "geospatialTransform" : {
        "heading" : 121.48353247427933,
        "longitude" : -71.264394870843859,
        "headingAccuracy" : 37.842573115637499,
        "altitudeAccuracy" : 1.2970252963507347,
        "positionAccuracy" : 12.729840964977136,
        "latitude" : 42.293767649876628,
        "altitude" : 35.846512866206467
      }
    },
    {
      "cameraWorldTransform" : [
        -0.13819879293441772,
        -0.99038368463516235,
        -0.0064296582713723183,
        0,
        0.18896007537841797,
        -0.032739207148551941,
        0.98143887519836426,
        0,
        -0.97221148014068604,
        0.13441872596740723,
        0.19166749715805054,
        0,
        11.364087104797363,
        0.012945635244250298,
        -4.0000743865966797,
        1
      ],
      "geospatialTransform" : {
        "latitude" : 42.293768856060638,
        "longitude" : -71.264400916838568,
        "altitudeAccuracy" : 1.307564813661223,
        "positionAccuracy" : 12.816819266305236,
        "heading" : 204.95350950498667,
        "headingAccuracy" : 37.460049367322306,
        "altitude" : 35.989123209379613
      }
    },
    {
      "geospatialTransform" : {
        "positionAccuracy" : 12.834201049552354,
        "altitude" : 35.985125551000237,
        "heading" : 204.58287953588865,
        "latitude" : 42.29376855118457,
        "headingAccuracy" : 36.95730615530502,
        "altitudeAccuracy" : 1.2966613531596325,
        "longitude" : -71.264401169420395
      },
      "cameraWorldTransform" : [
        -0.15291400253772736,
        -0.98733276128768921,
        0.04232487827539444,
        0,
        0.20003972947597504,
        0.011017469689249992,
        0.97972589731216431,
        0,
        -0.96778184175491333,
        0.15828044712543488,
        0.19582100212574005,
        0,
        11.390700340270996,
        0.0031281858682632446,
        -4.0172843933105469,
        1
      ]
    },
    {
      "geospatialTransform" : {
        "altitude" : 35.970793884247541,
        "altitudeAccuracy" : 1.298117160904162,
        "heading" : 205.34143762316893,
        "positionAccuracy" : 12.835323561729046,
        "longitude" : -71.264400947464807,
        "latitude" : 42.293768056481646,
        "headingAccuracy" : 36.802229858521429
      },
      "cameraWorldTransform" : [
        -0.15229271352291107,
        -0.98649531602859497,
        0.060282938182353973,
        0,
        0.18930596113204956,
        0.03074922040104866,
        0.98143661022186279,
        0,
        -0.97003626823425293,
        0.1608775407075882,
        0.18206658959388733,
        0,
        11.426139831542969,
        -0.011256121098995209,
        -4.0831727981567383,
        1
      ]
    },
    {
      "cameraWorldTransform" : [
        -0.16974006593227386,
        -0.98250317573547363,
        0.076654233038425446,
        0,
        0.3546987771987915,
        0.011662127450108528,
        0.93490803241729736,
        0,
        -0.91944396495819092,
        0.18588048219680786,
        0.3465130627155304,
        0,
        11.539067268371582,
        -0.023559479042887688,
        -4.2481503486633301,
        1
      ],
      "geospatialTransform" : {
        "altitude" : 35.952327588573098,
        "positionAccuracy" : 12.830575916351131,
        "latitude" : 42.293766706463444,
        "altitudeAccuracy" : 1.2944413689131242,
        "longitude" : -71.264400373288197,
        "heading" : 195.31380667303443,
        "headingAccuracy" : 36.628887017673733
      }
    },
    {
      "cameraWorldTransform" : [
        0.18828627467155457,
        -0.96732461452484131,
        0.16979756951332092,
        0,
        0.54049336910247803,
        -0.042292699217796326,
        -0.84028440713882446,
        0,
        0.82000911235809326,
        0.24998852610588074,
        0.51486945152282715,
        0,
        11.033088684082031,
        -0.04700949415564537,
        -4.2209057807922363,
        0.99999988079071045
      ],
      "geospatialTransform" : {
        "altitude" : 35.926533191464841,
        "heading" : 68.289474678894365,
        "altitudeAccuracy" : 1.3104437808568834,
        "longitude" : -71.264397328694216,
        "headingAccuracy" : 36.447033844414733,
        "positionAccuracy" : 12.803384582887031,
        "latitude" : 42.293770732985976
      }
    },
    {
      "geospatialTransform" : {
        "longitude" : -71.264397251099126,
        "latitude" : 42.293770357598731,
        "heading" : 81.421651312099797,
        "altitude" : 35.909235216677189,
        "altitudeAccuracy" : 1.2951390124773603,
        "positionAccuracy" : 12.718821874201485,
        "headingAccuracy" : 36.121465630286799
      },
      "cameraWorldTransform" : [
        0.17602255940437317,
        -0.95408064126968384,
        0.24237626791000366,
        0,
        0.71756136417388916,
        -0.044196214526891708,
        -0.69509172439575195,
        0,
        0.67388558387756348,
        0.29627165198326111,
        0.67683190107345581,
        0,
        10.996537208557129,
        -0.061194621026515961,
        -4.2496671676635742,
        1.0000001192092896
      ]
    },
    {
      "cameraWorldTransform" : [
        -0.19026096165180206,
        -0.98048925399780273,
        0.049410920590162277,
        0,
        0.35107129812240601,
        -0.020949630066752434,
        0.93611431121826172,
        0,
        -0.91681492328643799,
        0.19545274972915649,
        0.34820753335952759,
        0,
        11.699398994445801,
        0.0018462552689015865,
        -4.0339136123657227,
        0.99999988079071045
      ],
      "geospatialTransform" : {
        "altitude" : 35.978484294377267,
        "longitude" : -71.26440382634982,
        "headingAccuracy" : 35.866952873744651,
        "altitudeAccuracy" : 1.2646741057073021,
        "heading" : 195.35542174162953,
        "positionAccuracy" : 12.728415827088302,
        "latitude" : 42.293767701803958
      }
    },
    {
      "cameraWorldTransform" : [
        -0.10889041423797607,
        -0.99147492647171021,
        0.071556255221366882,
        0,
        0.36602616310119629,
        0.026935558766126633,
        0.93021464347839355,
        0,
        -0.92421191930770874,
        0.12748292088508606,
        0.35997283458709717,
        0,
        11.987644195556641,
        0.0027285283431410789,
        -4.0642757415771484,
        1
      ],
      "geospatialTransform" : {
        "positionAccuracy" : 12.794859082788456,
        "headingAccuracy" : 35.422873052138769,
        "heading" : 194.69952596667923,
        "altitudeAccuracy" : 1.2780434025178675,
        "altitude" : 35.979056787677109,
        "latitude" : 42.293765704048688,
        "longitude" : -71.264405367033092
      }
    },
    {
      "cameraWorldTransform" : [
        -0.13513515889644623,
        -0.98384088277816772,
        0.11745484918355942,
        0,
        0.54806250333786011,
        0.024535302072763443,
        0.83607745170593262,
        0,
        -0.82544893026351929,
        0.1773560643196106,
        0.53589075803756714,
        0,
        12.478277206420898,
        -0.016248255968093872,
        -4.0749092102050781,
        1
      ],
      "geospatialTransform" : {
        "heading" : 182.95079934860388,
        "longitude" : -71.264408668903627,
        "latitude" : 42.293762631878117,
        "altitudeAccuracy" : 1.2944373999678542,
        "positionAccuracy" : 12.849333867034133,
        "headingAccuracy" : 35.16028800854491,
        "altitude" : 35.961803893558681
      }
    },
    {
      "geospatialTransform" : {
        "longitude" : -71.264411541287501,
        "headingAccuracy" : 34.770282733147496,
        "altitudeAccuracy" : 1.2850840122706408,
        "positionAccuracy" : 12.920779555104259,
        "heading" : 175.50229731913655,
        "altitude" : 35.962584711611271,
        "latitude" : 42.293758670847929
      },
      "cameraWorldTransform" : [
        -0.10689364373683929,
        -0.9820408821105957,
        0.15546517074108124,
        0,
        0.65433621406555176,
        0.048245873302221298,
        0.75466299057006836,
        0,
        -0.74861043691635132,
        0.18239517509937286,
        0.6374276876449585,
        0,
        13.03795337677002,
        -0.014789900742471218,
        -4.1858453750610352,
        0.99999988079071045
      ]
    },
    {
      "geospatialTransform" : {
        "heading" : 168.30070763637914,
        "altitudeAccuracy" : 1.2824914780199612,
        "positionAccuracy" : 13.015060355749515,
        "latitude" : 42.293754616903463,
        "headingAccuracy" : 34.407703454361204,
        "altitude" : 35.977888721041381,
        "longitude" : -71.26441419590509
      },
      "cameraWorldTransform" : [
        -0.089650213718414307,
        -0.98243159055709839,
        0.16367964446544647,
        0,
        0.74284076690673828,
        0.043515246361494064,
        0.66805243492126465,
        0,
        -0.66343832015991211,
        0.18147894740104675,
        0.72588908672332764,
        0,
        13.612423896789551,
        0.0014008330181241035,
        -4.3166489601135254,
        1
      ]
    },
    {
      "geospatialTransform" : {
        "altitudeAccuracy" : 1.2671481190583169,
        "longitude" : -71.264416522978237,
        "altitude" : 35.988527382723987,
        "heading" : 167.19946931573659,
        "headingAccuracy" : 34.111596398439382,
        "latitude" : 42.293751561468568,
        "positionAccuracy" : 13.072040553000395
      },
      "cameraWorldTransform" : [
        -0.080677621066570282,
        -0.98532336950302124,
        0.15042906999588013,
        0,
        0.75570845603942871,
        0.037939839065074921,
        0.65380829572677612,
        0,
        -0.64991974830627441,
        0.16642822325229645,
        0.74155628681182861,
        0,
        14.131100654602051,
        0.0053195003420114517,
        -4.4197268486022949,
        1
      ]
    },
    {
      "cameraWorldTransform" : [
        -0.028784802183508873,
        -0.98481529951095581,
        0.17120267450809479,
        0,
        0.87081712484359741,
        0.059383574873209,
        0.48800733685493469,
        0,
        -0.49076366424560547,
        0.1631334125995636,
        0.85588473081588745,
        0,
        14.248503684997559,
        -0.017519189044833183,
        -4.5147814750671387,
        1.0000001192092896
      ],
      "geospatialTransform" : {
        "altitude" : 35.96305363252759,
        "latitude" : 42.293750698090918,
        "longitude" : -71.264416579699471,
        "altitudeAccuracy" : 1.2875174382430448,
        "heading" : 155.78841260694276,
        "positionAccuracy" : 13.123068049516101,
        "headingAccuracy" : 33.885781087221055
      }
    },
    {
      "cameraWorldTransform" : [
        -0.068443119525909424,
        -0.98925513029098511,
