{
  "trackingErrorPhase" : [
    false
  ],
  "routeId" : "4F10ABD7-FE98-4BD9-A048-2F95E95870A0",
  "keypointData" : [
    [
      29.203226089477539,
      -0.0067502716556191444,
      -19.689933776855469,
      1.6293725967407227
    ],
    [
      29.283685684204102,
      0.0046205399557948112,
      -19.254570007324219,
      2.0008080005645752
    ],
    [
      32.194179534912109,
      -0.01813921332359314,
      -20.746044158935547,
      1.8293746709823608
    ],
    [
      32.707263946533203,
      -0.028903311118483543,
      -21.485578536987305,
      1.5566712617874146
    ],
    [
      32.467227935791016,
      0.0030591741669923067,
      -22.372867584228516,
      1.491323709487915
    ],
    [
      27.823240280151367,
      0.056635547429323196,
      -32.520927429199219,
      1.5059852600097656
    ],
    [
      26.571207046508789,
      -0.018931902945041656,
      -32.449615478515625,
      -1.2362405061721802
    ],
    [
      22.175559997558594,
      0.0015151583356782794,
      -30.448497772216797,
      1.8460738658905029
    ],
    [
      26.566476821899414,
      0.04879385232925415,
      -33.132347106933594,
      1.7709473371505737
    ],
    [
      26.845958709716797,
      0.035923529416322708,
      -34.676372528076172,
      1.471790075302124
    ],
    [
      24.378902435302734,
      0.12294083088636398,
      -44.138908386230469,
      1.4989176988601685
    ],
    [
      23.670333862304688,
      0.11750262230634689,
      -45.030189514160156,
      1.4075467586517334
    ],
    [
      22.612041473388672,
      0.10800186544656754,
      -45.272773742675781,
      -0.36843517422676086
    ],
    [
      20.667945861816406,
      0.15435941517353058,
      -44.627716064453125,
      -1.5990253686904907
    ]
  ],
  "trackingErrorData" : [
    "Normal"
  ],
  "PathType" : "notrated",
  "PathID" : "108C8801-4272-49AA-BDC7-08D3DACDBEB62023-03-23T15:42:20-04:00-0",
  "ARLoggerDataDir" : "visual_alignment_benchmarking\/Freight to Fish to 229\/NcsslHgGt7OcPalBU90raZOBcqP2\/AB613D62-554B-415F-9505-F03C9131261D",
  "cloudAnchorsForAlignment" : [
    {
      "anchorTransform" : [
        0.69896501302719116,
        3.874797727121404e-08,
        0.71515589952468872,
        0,
        -1.0810340000944052e-07,
        1,
        5.1474810192075893e-08,
        0,
        -0.71515589952468872,
        -1.1328987170600158e-07,
        0.69896501302719116,
        0,
        23.860738754272461,
        -0.015658391639590263,
        -31.088438034057617,
        1
      ],
      "anchorIdentifier" : "FF95AADD-A164-4A15-A8E6-251A445CA7EC",
      "cloudAnchorID" : "ua-1d9cd7b603f5ca315a06d4bcccc00c47"
    },
    {
      "anchorIdentifier" : "CE35904D-4E45-462E-9256-E65FD53CE2F3",
      "cloudAnchorID" : "ua-100978d5bf171a6a075509fa57b3734b",
      "anchorTransform" : [
        -0.21778871119022369,
        -3.8712265393314738e-08,
        -0.97599595785140991,
        0,
        8.7193399167517782e-09,
        1,
        -4.1610046963569403e-08,
        0,
        0.97599595785140991,
        -1.7572238775187543e-08,
        -0.21778871119022369,
        0,
        29.589977264404297,
        0.033430002629756927,
        -19.26441764831543,
        1
      ]
    }
  ],
  "garAnchorTimestamps" : [
    4704.2542764159998,
    4705.3715151249999,
    4706.4887472079999,
    4707.6059786659998,
    4708.7232131660003,
    4709.8237662080001,
    4710.9409966249996,
    4712.0915782909997,
    4713.208812541,
    4714.3260436660003,
    4715.4432662079998,
    4716.5604971250004,
    4717.6777247079999,
    4718.7949610409996,
    4719.928854625,
    4721.0460804160002,
    4722.1633084579998,
    4723.3138863329996,
    4724.4311081249998,
    4725.5483328330001,
    4726.6655610409998,
    4727.7994573750002,
    4728.9333548329996,
    4730.0505781250004,
    4731.1677992499999,
    4732.2850224160002,
    4733.4022448329997,
    4734.5194654999996,
    4735.6200154159997,
    4736.6372215000001,
    4737.6376786660003,
    4738.6381758329999,
    4739.6386733749996,
    4740.6391694579997,
    4741.6396679159998,
    4742.6568386250001,
    4743.640654625,
    4744.6244774999996,
    4745.7416936660002,
    4746.8589124580003,
    4747.9594589580001
  ],
  "trackingErrorTime" : [
    39.125993967056274
  ],
  "isVoiceOverOn" : false,
  "settingsHistory" : [
    {
      "defaultUnit" : 0,
      "visualizeCloudAnchors" : true,
      "adjustOffset" : true,
      "sendLogs" : true,
      "voiceFeedback" : true,
      "relativeTimeStamp" : 0.39570403099060059,
      "filterGeoSpatial" : true,
      "hapticFeedback" : false,
      "timerLength" : 5,
      "soundFeedback" : true,
      "defaultColor" : 0,
      "localizationThreshold" : 3,
      "disableARWorldMap" : true
    },
    {
      "adjustOffset" : true,
      "voiceFeedback" : true,
      "defaultColor" : 0,
      "disableARWorldMap" : true,
      "localizationThreshold" : 3,
      "sendLogs" : true,
      "timerLength" : 5,
      "hapticFeedback" : false,
      "soundFeedback" : true,
      "relativeTimeStamp" : 350.90954005718231,
      "filterGeoSpatial" : true,
      "defaultUnit" : 0,
      "visualizeCloudAnchors" : true
    },
    {
      "sendLogs" : true,
      "defaultUnit" : 0,
      "filterGeoSpatial" : true,
      "relativeTimeStamp" : 411.84467601776123,
      "visualizeCloudAnchors" : true,
      "adjustOffset" : true,
      "soundFeedback" : true,
      "localizationThreshold" : 0,
      "disableARWorldMap" : true,
      "timerLength" : 5,
      "hapticFeedback" : false,
      "voiceFeedback" : true,
      "defaultColor" : 0
    }
  ],
  "userId" : "NcsslHgGt7OcPalBU90raZOBcqP2",
  "garAnchorCameraWorldTransformsAndGeoSpatialData" : [
    {
      "cameraWorldTransform" : [
        -0.0046751904301345348,
        -0.988014817237854,
        -0.15428794920444489,
        0,
        -0.99993318319320679,
        0.0062495316378772259,
        -0.0097205182537436485,
        0,
        0.010568226687610149,
        0.15423218905925751,
        -0.98797804117202759,
        0,
        22.22041130065918,
        0.15555715560913086,
        -44.674285888671875,
        0.99999988079071045
      ],
      "geospatialTransform" : {
        "positionAccuracy" : 13.101698390511867,
        "headingAccuracy" : 10.32619886583338,
        "altitudeAccuracy" : 1.6217615207456761,
        "heading" : 267.88433181009975,
        "latitude" : 42.293806480982447,
        "altitude" : 36.167114646174014,
        "longitude" : -71.264316911622657
      }
    },
    {
      "geospatialTransform" : {
        "headingAccuracy" : 10.301888988796748,
        "altitude" : 36.176851196214557,
        "longitude" : -71.264313060544694,
        "positionAccuracy" : 13.11201478407429,
        "heading" : 177.58804594163905,
        "latitude" : 42.29380377272706,
        "altitudeAccuracy" : 1.6361046593984712
      },
      "cameraWorldTransform" : [
        -0.28434804081916809,
        -0.95863115787506104,
        0.013129416853189468,
        0,
        -0.0035216445103287697,
        0.014739019796252251,
        0.99988514184951782,
        0,
        -0.95871460437774658,
        0.28426912426948547,
        -0.0075670196674764156,
        0,
        22.531536102294922,
        0.15465125441551208,
        -44.977264404296875,
        0.99999988079071045
      ]
    },
    {
      "geospatialTransform" : {
        "longitude" : -71.264314530522554,
        "altitude" : 36.055469984188676,
        "positionAccuracy" : 13.046731254257869,
        "altitudeAccuracy" : 1.5834653571534354,
        "latitude" : 42.29379931089526,
        "heading" : 185.38191733362257,
        "headingAccuracy" : 10.163358095328823
      },
      "cameraWorldTransform" : [
        -0.37625747919082642,
        -0.91930222511291504,
        -0.11538466811180115,
        0,
        -0.15505170822143555,
        -0.060303691774606705,
        0.98606407642364502,
        0,
        -0.9134489893913269,
        0.38890454173088074,
        -0.11984965205192566,
        0,
        23.022689819335938,
        0.048764318227767944,
        -44.850360870361328,
        1
      ]
    },
    {
      "geospatialTransform" : {
        "positionAccuracy" : 12.685741088380018,
        "longitude" : -71.264317742768242,
        "altitude" : 36.088218347169459,
        "altitudeAccuracy" : 1.4011643495981132,
        "headingAccuracy" : 10.012883715817484,
        "latitude" : 42.293787351541475,
        "heading" : 187.58507204258643
      },
      "cameraWorldTransform" : [
        -0.30995997786521912,
        -0.95056331157684326,
        -0.01882314495742321,
        0,
        -0.173399418592453,
        0.037053827196359634,
        0.9841543436050415,
        0,
        -0.93480336666107178,
        0.30831232666969299,
        -0.17631229758262634,
        0,
        24.393913269042969,
        0.079719230532646179,
        -44.552547454833984,
        1
      ]
    },
    {
      "geospatialTransform" : {
        "latitude" : 42.293774533880871,
        "altitudeAccuracy" : 1.3881389688854102,
        "heading" : 186.38174396018547,
        "positionAccuracy" : 12.653150049445296,
        "altitude" : 36.134935807436705,
        "headingAccuracy" : 9.8454770120306101,
        "longitude" : -71.264321180078426
      },
      "cameraWorldTransform" : [
        -0.20066726207733154,
        -0.97929370403289795,
        0.026768151670694351,
        0,
        -0.15222266316413879,
        0.058160748332738876,
        0.9866335391998291,
        0,
        -0.96776086091995239,
        0.19391028583049774,
        -0.16074159741401672,
        0,
        25.798608779907227,
        0.11607220768928528,
        -44.202529907226562,
        1.0000001192092896
      ]
    },
    {
      "geospatialTransform" : {
        "positionAccuracy" : 12.651919510866268,
        "heading" : 121.42216116655956,
        "altitude" : 36.142320057377219,
        "headingAccuracy" : 9.6420976571417132,
        "longitude" : -71.264317322346571,
        "altitudeAccuracy" : 1.4035991473561618,
        "latitude" : 42.293767776088849
      },
      "cameraWorldTransform" : [
        -0.093670845031738281,
        -0.94843894243240356,
        0.30280220508575439,
        0,
        0.83207601308822632,
        0.092428877949714661,
        0.5469062328338623,
        0,
        -0.54669487476348877,
        0.30318361520767212,
        0.78051543235778809,
        0,
        26.552387237548828,
        0.12980145215988159,
        -44.47979736328125,
        1
      ]
    },
    {
      "cameraWorldTransform" : [
        -0.047194961458444595,
        -0.9591681957244873,
        0.27887102961540222,
        0,
        0.95641785860061646,
        0.037147931754589081,
        0.28962931036949158,
        0,
        -0.28816267848014832,
        0.28038623929023743,
        0.91561222076416016,
        0,
        26.701850891113281,
        0.11939502507448196,
        -45.321804046630859,
        1.0000001192092896
      ],
      "geospatialTransform" : {
        "latitude" : 42.293766729373615,
        "altitudeAccuracy" : 1.4127005039327178,
        "heading" : 104.22691901550584,
        "longitude" : -71.264307074246346,
        "altitude" : 36.134392883628607,
        "positionAccuracy" : 12.641367647835734,
        "headingAccuracy" : 9.4742057334192769
      }
    },
    {
      "geospatialTransform" : {
        "headingAccuracy" : 9.298060318340081,
        "latitude" : 42.293764906085784,
        "altitude" : 36.192295176908374,
        "altitudeAccuracy" : 1.3959862668215437,
        "heading" : 107.50247945545709,
        "positionAccuracy" : 12.622356571075992,
        "longitude" : -71.264292757862194
      },
      "cameraWorldTransform" : [
        -0.050566237419843674,
        -0.97504132986068726,
        0.21618838608264923,
        0,
        0.93735408782958984,
        0.028374815359711647,
        0.34722071886062622,
        0,
        -0.34468889236450195,
        0.22020268440246582,
        0.91252416372299194,
        0,
        26.952905654907227,
        0.17659220099449158,
        -46.509220123291016,
        1
      ]
    },
    {
      "cameraWorldTransform" : [
        -0.071257621049880981,
        -0.97928345203399658,
        0.18954257667064667,
        0,
        0.90687626600265503,
        0.015518159605562687,
        0.42111131548881531,
        0,
        -0.41532865166664124,
        0.20189903676509857,
        0.88698309659957886,
        0,
        27.240131378173828,
        0.19295848906040192,
        -47.850383758544922,
        1.0000001192092896
      ],
      "geospatialTransform" : {
        "latitude" : 42.293763292440353,
        "longitude" : -71.264277004355208,
        "headingAccuracy" : 9.0575052926741044,
        "positionAccuracy" : 12.547178101424205,
        "altitudeAccuracy" : 1.3587548952025308,
        "heading" : 111.84850597489157,
        "altitude" : 36.210899327881634
      }
    },
    {
      "geospatialTransform" : {
        "headingAccuracy" : 8.9009910120212155,
        "latitude" : 42.293760568301551,
        "heading" : 108.56320587627798,
        "altitudeAccuracy" : 1.3533079913325792,
        "positionAccuracy" : 12.506636257673904,
        "longitude" : -71.264259954886683,
        "altitude" : 36.218972787261009
      },
      "cameraWorldTransform" : [
        -0.026893975213170052,
        -0.98916041851043701,
        0.1443546861410141,
        0,
        0.92875039577484131,
        0.028685780242085457,
        0.36959400773048401,
        0,
        -0.369728684425354,
        0.1440093070268631,
        0.91791164875030518,
        0,
        27.645370483398438,
        0.20413766801357269,
        -49.242828369140625,
        0.99999988079071045
      ]
    },
    {
      "geospatialTransform" : {
        "headingAccuracy" : 8.7361038193397551,
        "positionAccuracy" : 12.506256317755383,
        "latitude" : 42.293757960100294,
        "longitude" : -71.264243681935369,
        "altitudeAccuracy" : 1.3620292484182728,
        "heading" : 103.96021640355312,
        "altitude" : 36.291715430095792
      },
      "cameraWorldTransform" : [
        -0.022851614281535149,
        -0.99276769161224365,
        0.117856465280056,
        0,
        0.95458340644836426,
        0.013362150639295578,
        0.29764413833618164,
        0,
        -0.29706627130508423,
        0.11930546909570694,
        0.94737422466278076,
        0,
        28.008430480957031,
        0.27340257167816162,
        -50.562095642089844,
        1.0000001192092896
      ]
    },
    {
      "cameraWorldTransform" : [
        -0.036809101700782776,
        -0.96960216760635376,
        0.24190209805965424,
        0,
        0.95435178279876709,
        0.037691831588745117,
        0.29629722237586975,
        0,
        -0.29640814661979675,
        0.24176612496376038,
        0.92395412921905518,
        0,
        28.376665115356445,
        0.23709398508071899,
        -51.780277252197266,
        1
      ],
      "geospatialTransform" : {
        "headingAccuracy" : 8.4851732707655856,
        "altitude" : 36.255723272450268,
        "altitudeAccuracy" : 1.3414524911549248,
        "positionAccuracy" : 12.507846115633994,
        "latitude" : 42.293755198101152,
        "longitude" : -71.264228696823253,
        "heading" : 104.06058111255709
      }
    },
    {
      "geospatialTransform" : {
        "heading" : 110.15965808787675,
        "positionAccuracy" : 12.509861072030603,
        "latitude" : 42.293753021663932,
        "headingAccuracy" : 8.3234192227654855,
        "longitude" : -71.264213624170154,
        "altitudeAccuracy" : 1.3440011753750485,
        "altitude" : 36.293552281334996
      },
      "cameraWorldTransform" : [
        -0.057542618364095688,
        -0.97924041748046875,
        0.19436308741569519,
        0,
        0.91646158695220947,
        0.025403901934623718,
        0.39931517839431763,
        0,
        -0.39596319198608398,
        0.20110394060611725,
        0.89597451686859131,
        0,
        28.703693389892578,
        0.26745983958244324,
        -53.016143798828125,
        0.99999988079071045
      ]
    },
    {
      "geospatialTransform" : {
        "positionAccuracy" : 12.522812385008855,
        "longitude" : -71.264198562346678,
        "altitudeAccuracy" : 1.3575175649288096,
        "heading" : 109.6557409625419,
        "latitude" : 42.293750331828363,
        "headingAccuracy" : 8.1858448260640557,
        "altitude" : 36.299569524824619
      },
      "cameraWorldTransform" : [
        -0.079768285155296326,
        -0.96316850185394287,
        0.25679466128349304,
        0,
        0.92010855674743652,
        0.027954734861850739,
        0.39066469669342041,
        0,
        -0.38345450162887573,
        0.26744160056114197,
        0.88398963212966919,
        0,
        29.094758987426758,
        0.25857231020927429,
        -54.232986450195312,
        1.0000001192092896
      ]
    },
    {
      "cameraWorldTransform" : [
        -0.054476723074913025,
        -0.97909951210021973,
        0.19594980776309967,
        0,
        0.89924180507659912,
        0.037197843194007874,
        0.43586742877960205,
        0,
        -0.43404650688171387,
        0.19995087385177612,
        0.87842082977294922,
        0,
        29.437582015991211,
        0.29459646344184875,
        -55.435173034667969,
        0.99999988079071045
      ],
      "geospatialTransform" : {
        "positionAccuracy" : 12.547583399374513,
        "heading" : 112.51239742751045,
        "altitude" : 36.335282775573432,
        "latitude" : 42.293747996976649,
        "altitudeAccuracy" : 1.3785497373212079,
        "longitude" : -71.264183816548709,
        "headingAccuracy" : 8.087401435758256
      }
    },
    {
      "geospatialTransform" : {
        "latitude" : 42.293745502940993,
        "heading" : 113.58769070379114,
        "positionAccuracy" : 12.498631461752678,
        "longitude" : -71.264169888329306,
        "altitudeAccuracy" : 1.3307597195920386,
        "altitude" : 36.346115586347878,
        "headingAccuracy" : 7.8822924533192671
      },
      "cameraWorldTransform" : [
        -0.044981565326452255,
        -0.97999191284179688,
        0.19388768076896667,
        0,
        0.89119648933410645,
        0.048329785466194153,
        0.45103543996810913,
        0,
        -0.45138165354728699,
        0.19308030605316162,
        0.87119144201278687,
        0,
        29.829586029052734,
        0.31087860465049744,
        -56.506587982177734,
        1
      ]
    },
    {
      "geospatialTransform" : {
        "longitude" : -71.264163041296499,
        "positionAccuracy" : 12.508353087393058,
        "altitude" : 36.358363420702517,
        "latitude" : 42.293748718662705,
        "altitudeAccuracy" : 1.328715582703329,
        "heading" : 42.426089167009415,
        "headingAccuracy" : 7.8198215601969725
      },
      "cameraWorldTransform" : [
        0.17877753078937531,
        -0.97625714540481567,
        0.12231290340423584,
        0,
        0.71489953994750977,
        0.043481361120939255,
        -0.69787395000457764,
        0,
        0.67598599195480347,
        0.21220560371875763,
        0.70569932460784912,
        0,
        29.515729904174805,
        0.32894983887672424,
        -57.095848083496094,
        0.99999988079071045
      ]
    },
    {
      "cameraWorldTransform" : [
        0.24183860421180725,
        -0.96257883310317993,
        0.12229529768228531,
        0,
        0.49363183975219727,
        0.013542217202484608,
        -0.86956566572189331,
        0,
        0.8353692889213562,
        0.27066332101821899,
        0.47843456268310547,
        0,
        29.04888916015625,
        0.28625586628913879,
        -57.236530303955078,
        1
      ],
      "geospatialTransform" : {
        "latitude" : 42.293752936590607,
        "longitude" : -71.26416157646662,
        "altitude" : 36.302123690024018,
        "headingAccuracy" : 7.7753321556668666,
        "altitudeAccuracy" : 1.3356808498932633,
        "heading" : 25.987478903618101,
        "positionAccuracy" : 12.506860165122799
      }
    },
    {
      "cameraWorldTransform" : [
        0.26412546634674072,
        -0.95872205495834351,
        0.10530784726142883,
        0,
        0.49510368704795837,
        0.041072122752666473,
        -0.86786258220672607,
        0,
        0.82771384716033936,
        0.2813628613948822,
        0.4855150580406189,
        0,
        28.125259399414062,
        0.29595851898193359,
        -57.580913543701172,
        1
      ],
      "geospatialTransform" : {
        "latitude" : 42.293761395555521,
        "positionAccuracy" : 12.518216424414792,
        "altitudeAccuracy" : 1.3503871753472478,
        "headingAccuracy" : 7.752882550469927,
        "heading" : 26.450820014235862,
        "altitude" : 36.30883243586868,
        "longitude" : -71.264158023951737
      }
    },
    {
      "geospatialTransform" : {
        "longitude" : -71.264154538827796,
        "positionAccuracy" : 12.517112173009865,
        "latitude" : 42.293772204347093,
        "headingAccuracy" : 7.6671032361144453,
        "altitude" : 36.332414225675166,
        "altitudeAccuracy" : 1.3291857149978006,
        "heading" : 23.336188025844837
      },
      "cameraWorldTransform" : [
        0.22102911770343781,
        -0.97318446636199951,
        0.063702397048473358,
        0,
        0.44872608780860901,
        0.043486196547746658,
        -0.89261066913604736,
        0,
        0.86590468883514404,
        0.22587788105010986,
        0.44630500674247742,
        0,
        26.939838409423828,
        0.32550337910652161,
        -57.948032379150391,
        1
      ]
    },
    {
      "cameraWorldTransform" : [
        0.27438023686408997,
        -0.95865333080291748,
        0.075493849813938141,
        0,
        0.38245400786399841,
        0.036758478730916977,
        -0.92324316501617432,
        0,
        0.88229507207870483,
        0.28219255805015564,
        0.37672659754753113,
        0,
        25.727422714233398,
        0.30168667435646057,
        -58.342445373535156,
        1.0000001192092896
      ],
      "geospatialTransform" : {
        "altitude" : 36.313854404725134,
        "positionAccuracy" : 12.479054972527152,
        "headingAccuracy" : 7.5130528261397176,
        "altitudeAccuracy" : 1.29241649813516,
        "longitude" : -71.26415226018986,
        "heading" : 19.005662816261243,
        "latitude" : 42.293783459218261
      }
    },
    {
      "cameraWorldTransform" : [
        0.21558867394924164,
        -0.97132796049118042,
        0.10021772980690002,
        0,
        0.45366767048835754,
        0.0087496405467391014,
        -0.89112818241119385,
        0,
        0.86470073461532593,
        0.23758263885974884,
        0.44254636764526367,
        0,
        24.684324264526367,
        0.32699275016784668,
        -58.704166412353516,
        1
      ],
      "geospatialTransform" : {
        "altitude" : 36.342896815389395,
        "latitude" : 42.293793380280448,
        "positionAccuracy" : 12.430336237643726,
        "altitudeAccuracy" : 1.2846354771685748,
        "heading" : 23.070510868590347,
        "longitude" : -71.264150642927362,
        "headingAccuracy" : 7.4566422599799198
      }
    },
    {
      "geospatialTransform" : {
        "longitude" : -71.264146345152071,
        "latitude" : 42.293797321370739,
        "positionAccuracy" : 12.436650227009467,
        "altitudeAccuracy" : 1.3058942835833744,
        "heading" : 98.77794400998161,
        "headingAccuracy" : 7.4212376184665505,
        "altitude" : 36.342738553881645
      },
      "cameraWorldTransform" : [
        -0.089191451668739319,
        -0.97902357578277588,
        0.18318748474121094,
        0,
        0.97267967462539673,
        -0.046037871390581131,
        0.22754037380218506,
        0,
        -0.21433386206626892,
        0.19847740232944489,
        0.95638257265090942,
        0,
        24.277139663696289,
        0.33553478121757507,
        -59.101467132568359,
        1
      ]
    },
    {
      "geospatialTransform" : {
        "longitude" : -71.264152508985163,
        "heading" : 198.06106558239983,
        "headingAccuracy" : 7.3835121549542251,
        "altitudeAccuracy" : 1.2830345488878501,
        "latitude" : 42.293793952155511,
        "positionAccuracy" : 12.412488453638703,
        "altitude" : 36.332602897658944
      },
      "cameraWorldTransform" : [
        -0.28054147958755493,
        -0.95756405591964722,
        -0.066087633371353149,
        0,
        -0.36745366454124451,
        0.043536629527807236,
        0.92902219295501709,
        0,
        -0.88672101497650146,
        0.28491342067718506,
        -0.36407425999641418,
        0,
        24.635557174682617,
        0.33027270436286926,
        -58.571689605712891,
        1
      ]
    },
    {
      "geospatialTransform" : {
        "positionAccuracy" : 12.408002410126263,
        "altitude" : 36.363284346647561,
        "heading" : 188.04947914262195,
        "longitude" : -71.26415095707587,
        "altitudeAccuracy" : 1.2819255262909832,
        "headingAccuracy" : 7.314048137155468,
        "latitude" : 42.293785180255369
      },
      "cameraWorldTransform" : [
        -0.22545076906681061,
        -0.97366642951965332,
        -0.033847376704216003,
        0,
        -0.20819535851478577,
        0.014209803193807602,
        0.97798395156860352,
        0,
        -0.95174914598464966,
        0.22753411531448364,
        -0.20591643452644348,
        0,
        25.632757186889648,
        0.36235007643699646,
        -58.626476287841797,
        1
      ]
    },
    {
      "geospatialTransform" : {
        "latitude" : 42.293774793707541,
        "longitude" : -71.264152559663302,
        "altitude" : 36.32347422465682,
        "positionAccuracy" : 12.405281203635887,
        "heading" : 193.6466572519337,
        "headingAccuracy" : 7.2556559133717728,
        "altitudeAccuracy" : 1.2903349584879549
      },
      "cameraWorldTransform" : [
        -0.24235443770885468,
        -0.96993643045425415,
        -0.022080669179558754,
        0,
        -0.29651013016700745,
        0.052379325032234192,
        0.95359218120574951,
        0,
        -0.9237673282623291,
        0.23765444755554199,
        -0.30029040575027466,
        0,
        26.788654327392578,
        0.31499683856964111,
        -58.412429809570312,
        1.0000001192092896
      ]
    },
    {
      "geospatialTransform" : {
        "latitude" : 42.293763563495531,
        "heading" : 185.21582430234974,
        "headingAccuracy" : 7.1374100139527341,
        "longitude" : -71.26415601258806,
        "positionAccuracy" : 12.352430948767894,
        "altitude" : 36.340133445337415,
        "altitudeAccuracy" : 1.2615360253809309
      },
      "cameraWorldTransform" : [
        -0.24923647940158844,
        -0.96812474727630615,
        -0.024813558906316757,
        0,
        -0.16116626560688019,
        0.016198989003896713,
        0.98679435253143311,
        0,
        -0.95493805408477783,
        0.24994422495365143,
        -0.16006644070148468,
        0,
        28.074987411499023,
        0.32584312558174133,
        -58.147232055664062,
        1.0000001192092896
      ]
    },
    {
      "geospatialTransform" : {
        "altitude" : 36.364769792184234,
        "longitude" : -71.264156298569205,
        "headingAccuracy" : 7.0652932516959872,
        "positionAccuracy" : 12.312529613983278,
        "heading" : 173.28806632148306,
        "altitudeAccuracy" : 1.2604312954667101,
        "latitude" : 42.29375454092235
      },
      "cameraWorldTransform" : [
        -0.22969247400760651,
        -0.96983885765075684,
        0.081570729613304138,
        0,
        0.0548691526055336,
        0.070774585008621216,
        0.99598211050033569,
        0,
        -0.97171533107757568,
        0.23324528336524963,
        0.036957789212465286,
        0,
        29.156782150268555,
        0.35719481110572815,
        -58.176441192626953,
        1
      ]
    },
    {
      "geospatialTransform" : {
        "positionAccuracy" : 12.30470383757002,
        "latitude" : 42.29374877195724,
        "heading" : 133.60192153021066,
        "altitudeAccuracy" : 1.2595186688029776,
        "altitude" : 36.38548678625375,
        "longitude" : -71.264148131150392,
        "headingAccuracy" : 7.0687197168168421
      },
      "cameraWorldTransform" : [
        -0.14301742613315582,
        -0.96851903200149536,
        0.20375692844390869,
        0,
        0.67670607566833496,
        0.054540753364562988,
        0.73423033952713013,
        0,
        -0.72222906351089478,
        0.24289128184318542,
        0.64760243892669678,
        0,
        29.860950469970703,
        0.37087473273277283,
        -58.812305450439453,
        1
      ]
    },
    {
      "cameraWorldTransform" : [
        -0.14183202385902405,
        -0.95554667711257935,
        0.25848430395126343,
        0,
        0.84403038024902344,
        0.019695427268743515,
        0.53593367338180542,
        0,
        -0.51720058917999268,
        0.29418113827705383,
        0.80371695756912231,
        0,
        30.51164436340332,
        0.37752726674079895,
        -59.651157379150391,
        1
      ],
      "geospatialTransform" : {
        "positionAccuracy" : 12.320787315774943,
        "longitude" : -71.264137423873564,
        "altitudeAccuracy" : 1.2708758920229453,
        "heading" : 118.3685125509196,
        "altitude" : 36.386588511057198,
        "headingAccuracy" : 7.0315259485983725,
        "latitude" : 42.293743468105944
      }
    },
    {
      "geospatialTransform" : {
        "altitude" : 36.356752162799239,
        "longitude" : -71.264125964118563,
        "altitudeAccuracy" : 1.2679220054199518,
        "positionAccuracy" : 12.330947440603905,
        "heading" : 109.48602101534533,
        "latitude" : 42.293740330912925,
        "headingAccuracy" : 6.9951013252229766
      },
      "cameraWorldTransform" : [
        -0.092297323048114777,
        -0.93778848648071289,
        0.33471453189849854,
        0,
        0.91810101270675659,
        0.049974910914897919,
        0.39318332076072693,
        0,
        -0.38545012474060059,
        0.34359148144721985,
        0.85637205839157104,
        0,
        30.947959899902344,
        0.33707794547080994,
        -60.570278167724609,
        1
      ]
    },
    {
      "cameraWorldTransform" : [
        -0.10728059709072113,
        -0.95963162183761597,
        0.25999614596366882,
        0,
        0.90828949213027954,
        0.011757154949009418,
        0.41817685961723328,
        0,
        -0.40435254573822021,
        0.28101405501365662,
        0.87036198377609253,
        0,
        31.43348503112793,
        0.34460645914077759,
        -61.679798126220703,
        1
      ],
      "geospatialTransform" : {
        "longitude" : -71.264112162205166,
        "positionAccuracy" : 12.340282281537458,
        "altitudeAccuracy" : 1.2642080890899683,
        "altitude" : 36.358130631968379,
        "latitude" : 42.293736814483701,
        "heading" : 110.51685136441148,
        "headingAccuracy" : 6.9673169681418798
      }
    },
    {
      "cameraWorldTransform" : [
        -0.11332397162914276,
        -0.96942585706710815,
        0.21764910221099854,
        0,
        0.88617002964019775,
        0.00043903494952246547,
        0.46336010098457336,
        0,
        -0.44928884506225586,
        0.24538387358188629,
        0.85902637243270874,
        0,
        31.937860488891602,
        0.39122971892356873,
        -62.838977813720703,
        1
      ],
      "geospatialTransform" : {
        "altitude" : 36.393809367902577,
        "heading" : 113.22446759143868,
        "longitude" : -71.264097840817769,
        "positionAccuracy" : 12.350238919838585,
        "altitudeAccuracy" : 1.2737414346858287,
        "latitude" : 42.293733183470813,
        "headingAccuracy" : 6.8895615044965419
      }
    },
    {
      "geospatialTransform" : {
        "altitudeAccuracy" : 1.2528832125454432,
        "altitude" : 36.369600394740701,
        "longitude" : -71.264086305840991,
        "heading" : 118.43334810932123,
        "latitude" : 42.293730022339332,
        "positionAccuracy" : 12.321411987730265,
        "headingAccuracy" : 6.8149245840177244
      },
      "cameraWorldTransform" : [
        -0.20890292525291443,
        -0.93413823843002319,
        0.28938767313957214,
        0,
        0.83788257837295532,
        -0.018373327329754829,
        0.54554116725921631,
        0,
        -0.50429385900497437,
        0.35643798112869263,
        0.78653645515441895,
        0,
        32.525093078613281,
        0.36434385180473328,
        -64.017654418945312,
        1
      ]
    },
    {
      "cameraWorldTransform" : [
        -0.094091497361660004,
        -0.96784424781799316,
        0.23329006135463715,
        0,
        0.87152731418609619,
        0.033194743096828461,
        0.48922210931777954,
        0,
        -0.48123478889465332,
        0.24935027956962585,
        0.84037935733795166,
        0,
        33.059040069580078,
        0.38062924146652222,
        -65.11700439453125,
        1
      ],
      "geospatialTransform" : {
        "heading" : 115.26489001373135,
        "latitude" : 42.293726691260666,
        "longitude" : -71.264074248514007,
        "altitudeAccuracy" : 1.2472184586993771,
        "positionAccuracy" : 12.316518618212143,
        "altitude" : 36.393736472353339,
        "headingAccuracy" : 6.7575294006150255
      }
    },
    {
      "geospatialTransform" : {
        "latitude" : 42.293723227525852,
        "positionAccuracy" : 12.331154322501403,
        "longitude" : -71.264061409092221,
        "headingAccuracy" : 6.7321368049554708,
        "altitudeAccuracy" : 1.2563082190105626,
        "altitude" : 36.362200146540999,
        "heading" : 115.69577501502762
      },
      "cameraWorldTransform" : [
        -0.12522813677787781,
        -0.95829141139984131,
        0.25689589977264404,
        0,
        0.86658847332000732,
        0.02042018249630928,
        0.49860566854476929,
        0,
        -0.48305535316467285,
        0.28506246209144592,
        0.82788705825805664,
        0,
        33.552509307861328,
        0.34937307238578796,
        -66.146331787109375,
        1
      ]
    },
    {
      "geospatialTransform" : {
        "longitude" : -71.264049568116519,
        "positionAccuracy" : 12.341602006178737,
        "altitude" : 36.345195003785193,
        "heading" : 117.57445200922191,
        "latitude" : 42.293719789446712,
        "altitudeAccuracy" : 1.2603293223584968,
        "headingAccuracy" : 6.6655279297598016
      },
      "cameraWorldTransform" : [
        -0.12696658074855804,
        -0.96055328845977783,
        0.24742014706134796,
        0,
        0.84937161207199097,
        0.023544099181890488,
        0.52726978063583374,
        0,
        -0.51229602098464966,
        0.27709728479385376,
        0.812877357006073,
        0,
        34.029659271240234,
        0.3392939567565918,
        -67.093109130859375,
        0.99999988079071045
      ]
    },
    {
      "geospatialTransform" : {
        "altitude" : 36.375061636790633,
        "heading" : 124.24653564315382,
        "longitude" : -71.264038644277122,
        "positionAccuracy" : 12.354144913164587,
        "headingAccuracy" : 6.6147361839184047,
        "latitude" : 42.293715711691782,
        "altitudeAccuracy" : 1.2599467291805302
      },
      "cameraWorldTransform" : [
        -0.16292060911655426,
        -0.95412176847457886,
        0.25121417641639709,
        0,
        0.7831847071647644,
        0.029792815446853638,
        0.62107515335083008,
        0,
        -0.60006570816040039,
        0.29793301224708557,
        0.74239963293075562,
        0,
        34.565631866455078,
        0.37042888998985291,
        -67.955307006835938,
        1
      ]
    },
    {
      "geospatialTransform" : {
        "positionAccuracy" : 12.365267228698473,
        "latitude" : 42.29371492801728,
        "heading" : 74.896348667184654,
        "longitude" : -71.26402548409493,
        "headingAccuracy" : 6.5589910237197726,
        "altitude" : 36.405832092277706,
        "altitudeAccuracy" : 1.2678689033932495
      },
      "cameraWorldTransform" : [
        0.097185127437114716,
        -0.94927090406417847,
        0.29906505346298218,
        0,
        0.98063850402832031,
        0.040002629160881042,
        -0.19169791042804718,
        0,
        0.17000983655452728,
        0.31190487742424011,
        0.93477922677993774,
        0,
        34.753414154052734,
        0.40601572394371033,
        -69.0272216796875,
        1
      ]
    },
    {
      "geospatialTransform" : {
        "altitudeAccuracy" : 1.275952180738287,
        "positionAccuracy" : 12.379592779761763,
        "altitude" : 36.39534636028111,
        "longitude" : -71.264016005942267,
        "headingAccuracy" : 6.5200866152632075,
        "latitude" : 42.293719715019542,
        "heading" : 30.192983020827473
      },
      "cameraWorldTransform" : [
        0.30166888236999512,
        -0.94232064485549927,
        0.14500921964645386,
        0,
        0.56087857484817505,
        0.052410565316677094,
        -0.82623749971389771,
        0,
        0.77098053693771362,
        0.33058264851570129,
        0.54433804750442505,
        0,
        34.300189971923828,
        0.40522879362106323,
        -69.883193969726562,
        0.99999988079071045
      ]
    },
    {
      "cameraWorldTransform" : [
        0.29822883009910583,
        -0.94924432039260864,
        0.099973514676094055,
        0,
        0.38068100810050964,
        0.022239441052079201,
        -0.92443889379501343,
        0,
        0.87529504299163818,
        0.31375235319137573,
        0.36799174547195435,
        0,
        33.394203186035156,
        0.41213643550872803,
        -70.491119384765625,
        1
      ],
      "geospatialTransform" : {
        "altitude" : 36.383990418165922,
        "positionAccuracy" : 12.359234420664599,
        "latitude" : 42.293730007909886,
        "longitude" : -71.264014220830248,
        "altitudeAccuracy" : 1.2733756495037847,
        "heading" : 17.979670315253429,
        "headingAccuracy" : 6.4385973095472435
      }
    }
  ],
  "garAnchors" : [
    [
      {
        "transform" : [
          0.42635366320610046,
          0.0055172569118440151,
          -0.90453970432281494,
          0,
          -0.0097138276323676109,
          0.99995166063308716,
          0.001520623336546123,
          0,
          0.90450441837310791,
          0.0081382198259234428,
          0.42638665437698364,
          0,
          22.564935684204102,
          0.3252505362033844,
          -44.849708557128906,
          1
        ],
        "hasValidTransform" : true,
        "cloudIdentifier" : "ua-100978d5bf171a6a075509fa57b3734b",
        "identifier" : "CE35904D-4E45-462E-9256-E65FD53CE2F3"
      },
      {
        "transform" : [
          1,
          0,
          0,
          0,
          0,
          1,
          0,
          0,
          0,
          0,
          1,
          0,
          0,
          0,
          0,
          1
        ],
        "identifier" : "FF95AADD-A164-4A15-A8E6-251A445CA7EC",
        "cloudIdentifier" : "",
        "hasValidTransform" : false
      }
    ],
    [
      {
        "identifier" : "CE35904D-4E45-462E-9256-E65FD53CE2F3",
        "cloudIdentifier" : "ua-100978d5bf171a6a075509fa57b3734b",
