{
  "PathData" : [

  ],
  "speechData" : [
    "Cloud Anchor Resolved",
    "Cloud Anchor Resolved",
    "Turn left and proceed 10 feet. Correction for phone \/ body offset will be updated as you start walking.",
    "Slight right towards 1 o'clock and proceed 12 feet"
  ],
  "userId" : "NcsslHgGt7OcPalBU90raZOBcqP2",
  "geoLocationAlignmentAttemptTimes" : [

  ],
  "geoLocationAlignmentAttempts" : [

  ],
  "PathID" : "108C8801-4272-49AA-BDC7-08D3DACDBEB62023-03-02T16:53:18-05:00",
  "pathDataTime" : [

  ],
  "navigationDataTime" : [
    0.00060606002807617188,
    0.30138301849365234,
    0.60218906402587891,
    0.90186703205108643,
    1.2018910646438599,
    1.6051450967788696,
    1.8016300201416016,
    2.1021530628204346,
    2.4016770124435425,
    2.7330590486526489,
    3.0022190809249878,
    3.3022170066833496,
    3.6015059947967529,
    3.9027620553970337,
    4.2040340900421143,
    4.5022060871124268,
    4.8021500110626221,
    5.1059890985488892,
    5.4021379947662354,
    5.7021380662918091,
    6.0923160314559937,
    6.301239013671875,
    6.6017810106277466,
    6.9014360904693604,
    7.2119619846343994,
    7.5019190311431885,
    7.802232027053833,
    8.1016490459442139,
    8.4016450643539429,
    8.701464056968689,
    9.0021680593490601,
    9.3021870851516724,
    9.6022610664367676,
    9.9017840623855591,
    10.202575087547302,
    10.570703029632568,
    10.802211046218872,
    11.102221012115479,
    11.405790090560913,
    11.723486065864563,
    12.007180094718933,
    12.302221059799194,
    12.60163402557373,
    12.901468992233276,
    13.20221209526062,
    13.502171039581299,
    13.912312984466553,
    14.102253079414368,
    14.40175199508667,
    14.701808094978333,
    15.031810998916626,
    15.302250027656555,
    15.602119088172913,
    15.902199029922485,
    16.202148079872131,
    16.502062082290649,
    16.802157044410706,
    17.10219407081604,
    17.402237057685852,
    17.702217102050781,
    18.002204060554504,
    18.373881101608276,
    18.607070088386536,
    18.908038020133972,
    19.202465057373047,
    19.526109099388123,
    19.802259087562561,
    20.101603984832764,
    20.401956081390381,
    20.701878070831299,
    21.002209067344666,
    21.301624059677124,
    21.601541042327881,
    21.90173602104187,
    22.202262997627258,
    22.502267003059387,
    22.851913094520569,
    23.102131009101868,
    23.403405070304871,
    23.703764081001282,
    24.004885077476501,
    24.302201986312866,
    24.602176070213318,
    24.907347083091736,
    25.208047032356262,
    25.508459091186523,
    25.80132007598877,
    26.19881010055542,
    26.411116003990173,
    26.702172040939331,
    27.001980066299438,
    27.313367009162903,
    27.601776003837585,
    27.902255058288574,
    28.201327085494995,
    28.501811027526855,
    28.802255034446716,
    29.102253079414368,
    29.401273012161255,
    29.702619075775146,
    30.00226902961731,
    30.304340004920959,
    30.655459046363831,
    30.90569806098938,
    31.20149302482605,
    31.502295017242432,
    31.824663043022156,
    32.101670026779175,
    32.401311993598938,
    32.70197606086731,
    33.001506090164185,
    33.301974058151245,
    33.601885080337524,
    33.902200102806091,
    34.201641082763672,
    34.515112042427063,
    34.801447033882141,
    35.150524020195007,
    35.4342200756073,
    35.702249050140381,
    36.002242088317871,
    36.337375044822693,
    36.604032039642334,
    36.902197003364563,
    37.205740094184875,
    37.506410002708435,
    37.802277088165283,
    38.102212071418762,
    38.50944709777832,
    38.701301097869873,
    39.002103090286255,
    39.301447033882141,
    39.651084065437317,
    39.902353048324585,
    40.202213048934937,
    40.514142036437988,
    40.801653027534485,
    41.10129702091217,
    41.402016997337341,
    41.702145099639893,
    42.018887042999268,
    42.302421092987061,
    42.603623986244202,
    43.000241041183472,
    43.204360008239746,
    43.508421063423157,
    43.805890083312988,
    44.107127070426941,
    44.407419085502625,
    44.708214044570923,
    45.002259016036987,
    45.30141806602478,
    45.627096056938171,
    45.901528000831604,
    46.202238082885742,
    46.50195300579071,
    46.80183207988739,
    47.130797028541565,
    47.465225100517273,
    47.701564073562622,
    48.002225995063782,
    48.302260041236877
  ],
  "PathDate" : "0",
  "PathType" : "0",
  "savedRouteGeospatialLocations" : [
    {
      "geoAnchorTransform" : [
        -0.88212400674819946,
        -1.9107147863905993e-08,
        0.47101718187332153,
        0,
        -2.5470967557339463e-08,
        1,
        -7.136481627867397e-09,
        0,
        -0.47101718187332153,
        -1.8292524828211754e-08,
        -0.88212400674819946,
        0,
        -0.36885982751846313,
        -0.12970069050788879,
        0.029834160581231117,
        1
      ],
      "latitude" : 42.293924668743749,
      "heading" : 96.191998906777229,
      "altitude" : 26.628448657691479,
      "altitudeUncertainty" : 1.7904211723519885,
      "horizontalUncertainty" : 9.6514705140059451,
      "headingUncertainty" : 5.0838727259327356,
      "GARAnchorUUID" : "0C3BD394-4F2D-4B40-AD1A-82625BAE5B29",
      "longitude" : -71.263683631321882
    },
    {
      "longitude" : -71.263683452779603,
      "altitude" : 26.628135660663247,
      "GARAnchorUUID" : "1B77F62D-FBBC-46E4-85B3-7805E55C08F5",
      "heading" : 89.644934607188731,
      "altitudeUncertainty" : 1.788613319668992,
      "horizontalUncertainty" : 9.6375088113054002,
      "geoAnchorTransform" : [
        -0.82259654998779297,
        -3.374037937931007e-09,
        0.56862545013427734,
        0,
        -6.9795005330774984e-09,
        1,
        -4.1631538216790887e-09,
        0,
        -0.56862545013427734,
        -7.3933175137597118e-09,
        -0.82259654998779297,
        0,
        -0.37201845645904541,
        -0.12942539155483246,
        0.013207080774009228,
        1
      ],
      "latitude" : 42.293924645316231,
      "headingUncertainty" : 5.0871683095301305
    },
    {
      "heading" : 103.42467316264573,
      "altitudeUncertainty" : 1.7915738809522788,
      "horizontalUncertainty" : 9.6911543747215774,
      "GARAnchorUUID" : "DC256C0D-B6EC-4321-A8A4-49D9BF743912",
      "longitude" : -71.263684732343776,
      "latitude" : 42.293923456030548,
      "headingUncertainty" : 5.0853383573404241,
      "geoAnchorTransform" : [
        -0.93439501523971558,
        1.6433203242627314e-08,
        0.35623866319656372,
        0,
        1.7379193195665721e-08,
        1,
        -5.4506427149547676e-10,
        0,
        -0.35623866319656372,
        5.6818350024911979e-09,
        -0.93439501523971558,
        0,
        -0.21646729111671448,
        -0.13600808382034302,
        0.017730595543980598,
        1
      ],
      "altitude" : 26.624530426226556
    },
    {
      "latitude" : 42.293921857303971,
      "headingUncertainty" : 5.4749283989385393,
      "geoAnchorTransform" : [
        -0.96764516830444336,
        1.2600997578715578e-08,
        0.25231486558914185,
        0,
        1.3289336742161595e-08,
        1,
        1.0239783465593177e-09,
        0,
        -0.25231486558914185,
        4.3439452035443082e-09,
        -0.96764516830444336,
        0,
        -0.13438513875007629,
        -0.14268830418586731,
        0.02882993221282959,
        1
      ],
      "longitude" : -71.263687781944697,
      "altitudeUncertainty" : 1.9385876522201002,
      "altitude" : 26.681753342971206,
      "heading" : 109.55271080648087,
      "horizontalUncertainty" : 10.513177439846951,
      "GARAnchorUUID" : "68B978A1-817C-49D3-AF2D-E3F6E74CCC26"
    },
    {
      "geoAnchorTransform" : [
        -0.99096083641052246,
        -9.7966662560011741e-11,
        0.13415168225765228,
        0,
        -2.6684776610608196e-10,
        1,
        -1.2409014926717532e-09,
        0,
        -0.13415168225765228,
        -1.2654828296376763e-09,
        -0.99096083641052246,
        0,
        -0.16332751512527466,
        -0.14148372411727905,
        0.015452406369149685,
        1
      ],
      "latitude" : 42.293921394160513,
      "altitude" : 26.719409092329443,
      "longitude" : -71.263688853680307,
      "altitudeUncertainty" : 2.0331305250847413,
      "headingUncertainty" : 5.7415684834377094,
      "heading" : 116.37935229426743,
      "GARAnchorUUID" : "DC6E16AC-BCB2-43F0-AAAA-435EA91E4EB8",
      "horizontalUncertainty" : 10.972157179255397
    },
    {
      "altitude" : 26.722506432794034,
      "horizontalUncertainty" : 11.066263719018878,
      "GARAnchorUUID" : "431E49C5-CC7B-4B38-B5F1-7C622ADDA912",
      "latitude" : 42.293920981821095,
      "longitude" : -71.263689157284304,
      "altitudeUncertainty" : 2.0543482280619481,
      "geoAnchorTransform" : [
        -0.99990779161453247,
        3.1559848068241081e-09,
        -0.013579206541180611,
        0,
        3.192797803919234e-09,
        1,
        -2.689307221359627e-09,
        0,
        0.013579206541180611,
        -2.7324149609597725e-09,
        -0.99990779161453247,
        0,
        -0.13654807209968567,
        -0.14466547966003418,
        -0.0028272212948650122,
        1
      ],
      "headingUncertainty" : 5.7977958912623171,
      "heading" : 124.85329738764354
    },
    {
      "altitude" : 26.715429999865592,
      "latitude" : 42.293919871835591,
      "horizontalUncertainty" : 11.081248240936018,
      "GARAnchorUUID" : "BA2EF710-24F6-4D56-86ED-27C2EFD74C94",
      "headingUncertainty" : 5.8097969096194975,
      "geoAnchorTransform" : [
        -0.9935186505317688,
        1.3475336402279936e-08,
        -0.11366920173168182,
        0,
        1.4473445553164765e-08,
        1,
        -7.9555517729090752e-09,
        0,
        0.11366920173168182,
        -9.5491747842402219e-09,
        -0.9935186505317688,
        0,
        -0.023917460814118385,
        -0.15302431583404541,
        -0.053857631981372833,
        1
      ],
      "longitude" : -71.26368948397058,
      "altitudeUncertainty" : 2.0595254757203301,
      "heading" : 130.61123145696735
    },
    {
      "altitudeUncertainty" : 2.0620458404912143,
      "altitude" : 26.67932989820838,
      "horizontalUncertainty" : 11.071069212170604,
      "headingUncertainty" : 5.8041942769238117,
      "latitude" : 42.293917809897806,
      "longitude" : -71.263686972933101,
      "geoAnchorTransform" : [
        -0.99111145734786987,
        9.1504510635331826e-09,
        -0.13303393125534058,
        0,
        1.4789091729028314e-08,
        1,
        -4.1396855721131942e-08,
        0,
        0.13303393125534058,
        -4.2996351368174146e-08,
        -0.99111145734786987,
        0,
        0.051826901733875275,
        -0.18761228024959564,
        -0.35528653860092163,
        1
      ],
      "GARAnchorUUID" : "1052D8FA-416A-404B-953D-85F33CC9FA53",
      "heading" : 131.73245186196948
    },
    {
      "altitude" : 26.695776789449155,
      "horizontalUncertainty" : 11.045551877813882,
      "altitudeUncertainty" : 2.0620605884499836,
      "GARAnchorUUID" : "F6D02930-F635-46D6-B31C-91580134433E",
      "geoAnchorTransform" : [
        -0.98567867279052734,
        5.2530251259952365e-09,
        -0.16863442957401276,
        0,
        1.5745481363182989e-08,
        1,
        -6.0882939578732476e-08,
        0,
        0.16863442957401276,
        -6.266624552608846e-08,
        -0.98567867279052734,
        0,
        0.13694128394126892,
        -0.16931462287902832,
        -0.73947036266326904,
        1
      ],
      "headingUncertainty" : 5.7755319794429685,
      "latitude" : 42.293915278411674,
      "heading" : 133.8014540325764,
      "longitude" : -71.263683674582254
    },
    {
      "longitude" : -71.263679487847895,
      "heading" : 125.44799746884551,
      "altitude" : 26.71381694637239,
      "horizontalUncertainty" : 10.997129249137956,
      "GARAnchorUUID" : "3CC07F0E-1D8E-4410-8886-4051C8A06CD2",
      "headingUncertainty" : 5.7316374415227456,
      "geoAnchorTransform" : [
        -0.99972087144851685,
        2.5172415263341463e-08,
        -0.023625124245882034,
        0,
        2.706473800628828e-08,
        1,
        -7.9778118333706516e-08,
        0,
        0.023625124245882034,
        -8.0395260226850951e-08,
        -0.99972087144851685,
        0,
        0.32766669988632202,
        -0.14956800639629364,
        -1.2796740531921387,
        1
      ],
      "altitudeUncertainty" : 2.0571300575764888,
      "latitude" : 42.293911207808755
    },
    {
      "horizontalUncertainty" : 10.935949199700307,
      "altitudeUncertainty" : 2.0485717372289445,
      "heading" : 118.4489420799719,
      "longitude" : -71.263674248251846,
      "GARAnchorUUID" : "5AF730CA-321C-4198-8A07-B9BBCE807DDD",
      "headingUncertainty" : 5.6761820833487997,
      "geoAnchorTransform" : [
        -0.99514728784561157,
        3.3775084062881433e-08,
        0.098396822810173035,
        0,
        2.398002152403933e-08,
        1,
        -1.0072918144032883e-07,
        0,
        -0.098396822810173035,
        -9.7880807459205244e-08,
        -0.99514728784561157,
        0,
        0.44581061601638794,
        -0.146821528673172,
        -1.8721497058868408,
        1
      ],
      "latitude" : 42.293907427798565,
      "altitude" : 26.714419584721327
    },
    {
      "GARAnchorUUID" : "02DA33C2-2ED0-4385-92FD-F0F712C7CA39",
      "heading" : 113.98237996754139,
      "geoAnchorTransform" : [
        -0.98442733287811279,
        4.5272226856241105e-08,
        0.1757921427488327,
        0,
        2.6900147886976811e-08,
        1,
        -1.0689321072732128e-07,
        0,
        -0.1757921427488327,
        -1.0049976140180661e-07,
        -0.98442733287811279,
        0,
        0.60964077711105347,
        -0.15988042950630188,
        -2.4807679653167725,
        1
      ],
      "altitudeUncertainty" : 2.0385684538022359,
      "latitude" : 42.293903230783449,
      "altitude" : 26.699174794368446,
      "longitude" : -71.263669182603479,
      "horizontalUncertainty" : 10.873078485110968,
      "headingUncertainty" : 5.6095781154898612
    },
    {
      "geoAnchorTransform" : [
        -0.9957701563835144,
        3.5226054961867703e-08,
        0.091879330575466156,
        0,
        2.5390985314288628e-08,
        1,
        -1.0821226226198633e-07,
        0,
        -0.091879330575466156,
        -1.0542163408899796e-07,
        -0.9957701563835144,
        0,
        0.74302339553833008,
        -0.1793958991765976,
        -3.0520832538604736,
        1
      ],
      "longitude" : -71.263664298303013,
      "altitude" : 26.676880988292396,
      "horizontalUncertainty" : 10.821647175153851,
      "headingUncertainty" : 5.5443904373146298,
      "altitudeUncertainty" : 2.029795147470479,
      "GARAnchorUUID" : "F20940FD-D21D-438E-AD13-C17990AAD4A1",
      "heading" : 118.85060593408241,
      "latitude" : 42.293899434527958
    },
    {
      "altitude" : 26.671820520423353,
      "latitude" : 42.29389575182902,
      "GARAnchorUUID" : "2DF0497B-12BD-4736-9A9F-9232CBA59169",
      "longitude" : -71.263659135267233,
      "altitudeUncertainty" : 2.0223758855104466,
      "heading" : 113.3593221614796,
      "horizontalUncertainty" : 10.764568553135046,
      "headingUncertainty" : 5.4889484031997684,
      "geoAnchorTransform" : [
        -0.98234772682189941,
        4.2718266257679716e-08,
        0.18706385791301727,
        0,
        2.2382183217928286e-08,
        1,
        -1.1082406814466594e-07,
        0,
        -0.18706385791301727,
        -1.0468087197068598e-07,
        -0.98234772682189941,
        0,
        0.85529017448425293,
        -0.17999961972236633,
        -3.6347548961639404,
        1
      ]
    },
    {
      "altitude" : 26.67784165032208,
      "headingUncertainty" : 5.3969773567437249,
      "GARAnchorUUID" : "4263ADE1-5E03-484B-A1CD-A8923744B7D2",
      "heading" : 107.18705623580173,
      "geoAnchorTransform" : [
        -0.95638704299926758,
        4.422129507020145e-08,
        0.29210233688354492,
        0,
        1.5171472966812871e-08,
        1,
        -1.0171604003517132e-07,
        0,
        -0.29210233688354492,
        -9.284828195177397e-08,
        -0.95638704299926758,
        0,
        0.92971384525299072,
        -0.16673700511455536,
        -4.2117180824279785,
        1
      ],
      "horizontalUncertainty" : 10.654592653543615,
      "altitudeUncertainty" : 2.0016826501473881,
      "latitude" : 42.293892455668612,
      "longitude" : -71.263653683621911
    },
    {
      "heading" : 107.61642417844908,
      "horizontalUncertainty" : 11.086873218383861,
      "longitude" : -71.263650460497146,
      "geoAnchorTransform" : [
        -0.95861369371414185,
        2.5747038279178014e-08,
        0.28471004962921143,
        0,
        4.1003551665141913e-09,
        1,
        -7.6626662348644459e-08,
        0,
        -0.28471004962921143,
        -7.2287953400973493e-08,
        -0.95861369371414185,
        0,
        0.93482005596160889,
        -0.14716145396232605,
        -4.6714596748352051,
        1
      ],
      "altitude" : 26.728819854557514,
      "altitudeUncertainty" : 2.0637440180812345,
      "headingUncertainty" : 5.438270095228801,
      "GARAnchorUUID" : "5E97FA4A-EBD0-4B8D-B41D-5A33FDDA5EE7",
      "latitude" : 42.29388970001466
    },
    {
      "horizontalUncertainty" : 13.560114472180569,
      "headingUncertainty" : 6.0937005259868098,
      "latitude" : 42.293886708521157,
      "altitude" : 26.942570170387626,
      "altitudeUncertainty" : 2.4638830602119564,
      "GARAnchorUUID" : "3259367F-2E88-48DE-90EF-85AA8074E253",
      "longitude" : -71.263656662701536,
      "geoAnchorTransform" : [
        -0.90974694490432739,
        2.2428201518209789e-08,
        0.41516318917274475,
        0,
        2.0305421788435751e-09,
        1,
        -4.9573088745091809e-08,
        0,
        -0.41516318917274475,
        -4.4255962450279185e-08,
        -0.90974694490432739,
        0,
        0.9394112229347229,
        -0.15052434802055359,
        -4.9494667053222656,
        1
      ],
      "heading" : 99.420718150760678
    },
    {
      "heading" : 97.443167794742635,
      "headingUncertainty" : 6.4303872156049025,
      "geoAnchorTransform" : [
        -0.89559614658355713,
        1.2488358791529208e-08,
        0.44486802816390991,
        0,
        -1.5855596835478991e-09,
        1,
        -3.1264058009128348e-08,
        0,
        -0.44486802816390991,
        -2.8705334997880527e-08,
        -0.89559614658355713,
        0,
        0.92126685380935669,
        -0.17135436832904816,
        -5.0803098678588867,
        1
      ],
      "altitudeUncertainty" : 2.6435602973977717,
      "horizontalUncertainty" : 14.580751634754396,
      "GARAnchorUUID" : "EB6D7C04-1EE1-4233-A541-9AB05CB165BC",
      "latitude" : 42.293885524751346,
      "longitude" : -71.263659459984254,
      "altitude" : 27.022730649448931
    },
    {
      "geoAnchorTransform" : [
        -0.93215900659561157,
        6.6708851775842959e-09,
        0.36204922199249268,
        0,
        3.3731090143263032e-10,
        1,
        -1.7556889275738286e-08,
        0,
        -0.36204922199249268,
        -1.624368906050222e-08,
        -0.93215900659561157,
        0,
        0.93121778964996338,
        -0.18825879693031311,
        -5.1572813987731934,
        1
      ],
      "GARAnchorUUID" : "6A6F0DAE-9DD7-4913-A480-F73B46C44B2D",
      "headingUncertainty" : 6.4838323734547147,
      "horizontalUncertainty" : 14.772866833564208,
      "altitudeUncertainty" : 2.6790322437064975,
      "longitude" : -71.263659659355127,
      "latitude" : 42.293884964967035,
      "heading" : 102.63429958959399,
      "altitude" : 27.026855568401515
    },
    {
      "latitude" : 42.293884039560112,
      "altitudeUncertainty" : 2.6827770648108955,
      "geoAnchorTransform" : [
        -0.91416680812835693,
        1.1222486939743703e-08,
        0.40533819794654846,
        0,
        -4.1401260197915235e-09,
        1,
        -3.7024030064003455e-08,
        0,
        -0.40533819794654846,
        -3.552429106434829e-08,
        -0.91416680812835693,
        0,
        0.8908684253692627,
        -0.23793430626392365,
        -5.4055957794189453,
        1
      ],
      "horizontalUncertainty" : 14.776672381103673,
      "GARAnchorUUID" : "459A592D-B2B8-412A-BCF8-1485DEB0B944",
      "longitude" : -71.263656988041149,
      "headingUncertainty" : 6.4772009404925823,
      "heading" : 99.971262021014979,
      "altitude" : 26.978590277023613
    },
    {
      "latitude" : 42.293882100144344,
      "headingUncertainty" : 6.4646230333424954,
      "GARAnchorUUID" : "72C32110-685D-456B-A303-1F6838C380FF",
      "altitude" : 27.011700698174536,
      "longitude" : -71.263652749215083,
      "altitudeUncertainty" : 2.6799027939307294,
      "geoAnchorTransform" : [
        -0.86644059419631958,
        3.0452202537389894e-08,
        0.49928018450737,
        0,
        9.1651958245009268e-10,
        1,
        -5.9401699559202825e-08,
        0,
        -0.49928018450737,
        -5.1010445645260916e-08,
        -0.86644059419631958,
        0,
        0.88182687759399414,
        -0.2030378133058548,
        -5.816373348236084,
        1
      ],
      "heading" : 93.939122659999072,
      "horizontalUncertainty" : 14.741135399612109
    },
    {
      "horizontalUncertainty" : 14.664308594672447,
      "headingUncertainty" : 6.4132424403914667,
      "altitudeUncertainty" : 2.6694927713652019,
      "longitude" : -71.263648639466226,
      "latitude" : 42.29387759048501,
      "GARAnchorUUID" : "662848B3-A6F5-495F-AD32-F659F26477E6",
      "geoAnchorTransform" : [
        -0.95728009939193726,
        5.6629804845442777e-08,
        0.28916224837303162,
        0,
        3.3685878975120431e-08,
        1,
        -8.4322849147611123e-08,
        0,
        -0.28916224837303162,
        -7.0979901067858009e-08,
        -0.95728009939193726,
        0,
        1.1299643516540527,
        -0.19646711647510529,
        -6.3736653327941895,
        1
      ],
      "heading" : 107.1061922900722,
      "altitude" : 27.011153494939208
    },
    {
      "headingUncertainty" : 6.3199901707700876,
      "latitude" : 42.293872864816628,
      "heading" : 129.87198543787974,
      "horizontalUncertainty" : 14.55624997236254,
      "geoAnchorTransform" : [
        -0.9946897029876709,
        3.8240752786578014e-08,
        -0.10291945189237595,
        0,
        4.8315811795873742e-08,
        1,
        -9.5399698807341338e-08,
        0,
        0.10291945189237595,
        -9.9865737013260514e-08,
        -0.9946897029876709,
        0,
        1.4259243011474609,
        -0.2055637389421463,
        -6.9167637825012207,
        1
      ],
      "altitudeUncertainty" : 2.6530336854514833,
      "longitude" : -71.263644912453827,
      "altitude" : 26.990284294821322,
      "GARAnchorUUID" : "4455372E-1DBB-4891-BEC3-312733095B47"
    },
    {
      "latitude" : 42.293868187739257,
      "altitude" : 26.960938222706318,
      "longitude" : -71.263642633500353,
      "heading" : 139.83996583793612,
      "GARAnchorUUID" : "80506790-C6DB-40BD-AAEC-2FBB1F469242",
      "horizontalUncertainty" : 14.423406379543545,
      "headingUncertainty" : 6.2057872815022543,
      "geoAnchorTransform" : [
        -0.96217787265777588,
        3.4952318372916125e-08,
        -0.27242201566696167,
        0,
        6.0924648437321594e-08,
        1,
        -8.6880021399338148e-08,
        0,
        0.27242201566696167,
        -1.0019125085136693e-07,
        -0.96217787265777588,
        0,
        1.7903540134429932,
        -0.21901287138462067,
        -7.3547039031982422,
        1
      ],
      "altitudeUncertainty" : 2.6319190134193935
    },
    {
      "latitude" : 42.293863223700143,
      "horizontalUncertainty" : 14.289918430580384,
      "headingUncertainty" : 6.0934145276231444,
      "geoAnchorTransform" : [
        -0.8486369252204895,
        2.4830457689972718e-08,
        -0.52897578477859497,
        0,
        7.4440904995753954e-08,
        1,
        -7.2485065061300702e-08,
        0,
        0.52897578477859497,
        -1.0089093649412462e-07,
        -0.8486369252204895,
        0,
        2.2443943023681641,
        -0.21238793432712555,
        -7.715369701385498,
        1
      ],
      "altitudeUncertainty" : 2.6098634083160861,
      "longitude" : -71.263641741544021,
      "heading" : 156.03748813952504,
      "altitude" : 26.951994044706225,
      "GARAnchorUUID" : "04390C8E-51A5-47D5-8909-A41F591E3D43"
    },
    {
      "horizontalUncertainty" : 14.167901657558218,
      "headingUncertainty" : 5.9968263125938979,
      "longitude" : -71.263640697098523,
      "heading" : 167.79464850671275,
      "altitude" : 26.972655626945198,
      "altitudeUncertainty" : 2.5915591032827874,
      "GARAnchorUUID" : "37E82B5C-D28D-45CF-B2B9-96EF0384CCD7",
      "geoAnchorTransform" : [
        -0.72364753484725952,
        1.0170447595214682e-08,
        -0.69016969203948975,
        0,
        7.3915543907787651e-08,
        1,
        -6.2764790698111028e-08,
        0,
        0.69016969203948975,
        -9.6433851126676018e-08,
        -0.72364753484725952,
        0,
        2.6561212539672852,
        -0.17930924892425537,
        -8.0658960342407227,
        1
      ],
      "latitude" : 42.293858592442056
    },
    {
      "headingUncertainty" : 5.937912255739497,
      "latitude" : 42.29385391310084,
      "heading" : 168.3384137005043,
      "horizontalUncertainty" : 14.09673358615696,
      "GARAnchorUUID" : "C2C8D291-F489-4030-B437-3DF85961AC2E",
      "longitude" : -71.263641826577114,
      "geoAnchorTransform" : [
        -0.71720480918884277,
        3.0736110545603879e-08,
        -0.69686239957809448,
        0,
        8.3501070946567779e-08,
        1,
        -4.1832155517340652e-08,
        0,
        0.69686239957809448,
        -8.819097985224289e-08,
        -0.71720480918884277,
        0,
        3.1599318981170654,
        -0.16198532283306122,
        -8.2745361328125,
        1
      ],
      "altitudeUncertainty" : 2.5814077113720586,
      "altitude" : 26.980979491025209
    },
    {
      "altitudeUncertainty" : 2.5859156645285788,
      "altitude" : 26.985660909675062,
      "heading" : 180.32050067695116,
      "GARAnchorUUID" : "753CFC5B-0AD7-4033-81C6-128E91EB9C7C",
      "geoAnchorTransform" : [
        -0.5564272403717041,
        1.9912244297870529e-08,
        -0.83089631795883179,
        0,
        8.8482551063862047e-08,
        1,
        -3.5289428268470147e-08,
        0,
        0.83089631795883179,
        -9.3155826164093014e-08,
        -0.5564272403717041,
        0,
        3.689119815826416,
        -0.1577167809009552,
        -8.4764575958251953,
        1
      ],
      "headingUncertainty" : 5.9405173907113973,
      "longitude" : -71.263643385363991,
      "latitude" : 42.293848929600827,
      "horizontalUncertainty" : 14.121891290184118
    },
    {
      "horizontalUncertainty" : 16.497776653787707,
      "latitude" : 42.293844143407867,
      "altitudeUncertainty" : 2.810011964309941,
      "longitude" : -71.263651336978384,
      "heading" : 180.17899942475984,
      "altitude" : 27.123266046866775,
      "GARAnchorUUID" : "A0161570-3D1D-4F6E-985D-B234AFA3125E",
      "geoAnchorTransform" : [
        -0.55599290132522583,
        3.1772572128829779e-08,
        -0.83118700981140137,
        0,
        8.6660087106338324e-08,
        1,
        -1.9742635970487754e-08,
        0,
        0.83118700981140137,
        -8.3007506646026741e-08,
        -0.55599290132522583,
        0,
        4.2304863929748535,
        -0.171396404504776,
        -8.5740880966186523,
        1
      ],
      "headingUncertainty" : 6.2362550870495728
    },
    {
      "longitude" : -71.263680676930591,
      "horizontalUncertainty" : 20.346499059773677,
      "geoAnchorTransform" : [
        -0.22340238094329834,
        1.6556523263488998e-08,
        -0.97472631931304932,
        0,
        7.5379119834906305e-08,
        1,
        -2.9069838203277243e-10,
        0,
        0.97472631931304932,
        -7.3538956257834798e-08,
        -0.22340238094329834,
        0,
        4.7466001510620117,
        -0.193012535572052,
        -8.5280141830444336,
        1
      ],
      "latitude" : 42.293836494758636,
      "altitudeUncertainty" : 3.4901026416405356,
      "altitude" : 27.698632868938148,
      "heading" : 200.50462566328139,
      "headingUncertainty" : 7.5797433116826136,
      "GARAnchorUUID" : "B4F2F1BE-2CFC-4D83-BC41-0DEBDD831830"
    },
    {
      "GARAnchorUUID" : "525DC99F-D9A5-4A96-A977-ED5FECB16C34",
      "longitude" : -71.263693135031644,
      "altitude" : 27.904230347834527,
      "geoAnchorTransform" : [
        0.063048653304576874,
        8.8370786244240662e-09,
        -0.99801045656204224,
        0,
        8.3360497171725001e-08,
        1,
        1.4120939972883662e-08,
        0,
        0.99801045656204224,
        -8.4084952334251284e-08,
        0.063048653304576874,
        0,
        5.2382712364196777,
        -0.1785234808921814,
        -8.4181900024414062,
        1
      ],
      "heading" : 216.80825986874561,
      "altitudeUncertainty" : 3.6910673748162344,
      "horizontalUncertainty" : 21.378623733167586,
      "latitude" : 42.293831964060736,
      "headingUncertainty" : 8.0570875697802204
    },
    {
      "GARAnchorUUID" : "74DEEFFF-D1D4-410B-98D0-74BC378CC38E",
      "geoAnchorTransform" : [
        0.20884692668914795,
        2.6265404073910759e-08,
        -0.97794836759567261,
        0,
        7.7494952677170659e-08,
        1,
        4.3407187177990636e-08,
        0,
        0.97794836759567261,
        -8.4851521364726068e-08,
        0.20884692668914795,
        0,
        5.7078390121459961,
        -0.17033968865871429,
        -8.099909782409668,
        1
      ],
      "heading" : 225.12256184529042,
      "headingUncertainty" : 8.2012043349182751,
      "latitude" : 42.293829551231283,
      "altitude" : 27.968410245142877,
      "longitude" : -71.263701540444316,
      "horizontalUncertainty" : 21.666159672387959,
      "altitudeUncertainty" : 3.7422995514564046
    },
    {
      "longitude" : -71.263709375008531,
      "heading" : 248.16097240320664,
      "altitudeUncertainty" : 3.7702109975207097,
      "altitude" : 28.014331291429698,
      "horizontalUncertainty" : 21.84938456601969,
      "latitude" : 42.293828191958546,
      "headingUncertainty" : 8.3009170246466866,
      "GARAnchorUUID" : "BA35A497-15D4-4866-99F3-D674268F568D",
      "geoAnchorTransform" : [
        0.57689493894577026,
        1.4481199350768748e-08,
        -0.81681835651397705,
        0,
        6.8473013925540727e-08,
        1,
        6.6089270944758027e-08,
        0,
        0.81681835651397705,
        -9.4056574084788735e-08,
        0.57689493894577026,
        0,
        6.1045722961425781,
        -0.16046127676963806,
        -7.6874380111694336,
        1
      ]
    },
    {
      "longitude" : -71.263716983509426,
      "altitude" : 28.030082197859883,
      "horizontalUncertainty" : 22.020215641486416,
      "GARAnchorUUID" : "3800EA6A-CF5B-41FE-B350-7A4D97D721F2",
      "heading" : 255.35426632400038,
      "altitudeUncertainty" : 3.7913408012875052,
      "geoAnchorTransform" : [
        0.6765207052230835,
        3.2386896720026925e-08,
        -0.73642361164093018,
        0,
        4.7450829043782505e-08,
        1,
        8.7569652862384828e-08,
        0,
        0.73642361164093018,
        -9.4186589194578119e-08,
        0.6765207052230835,
        0,
        6.3198137283325195,
        -0.17480923235416412,
        -7.1628904342651367,
        1
      ],
      "headingUncertainty" : 8.3883181997145702,
      "latitude" : 42.293828708644114
    },
    {
      "latitude" : 42.293829510408848,
      "longitude" : -71.263724487296258,
      "heading" : 271.56132676225388,
      "horizontalUncertainty" : 22.199856329325907,
      "altitudeUncertainty" : 3.8115252828046824,
      "headingUncertainty" : 8.4712080153256721,
      "GARAnchorUUID" : "31EBDCC5-A72A-46DA-AAA3-45F0ED08F1E3",
      "altitude" : 28.044222943484783,
      "geoAnchorTransform" : [
        0.85648906230926514,
        1.8144801217090389e-08,
        -0.51616513729095459,
        0,
        3.6119651269927999e-08,
        1,
        9.5087564488949283e-08,
        0,
        0.51616513729095459,
        -1.0008516682091795e-07,
        0.85648906230926514,
        0,
        6.4979963302612305,
        -0.19158476591110229,
        -6.627601146697998,
        1
      ]
    },
    {
      "altitudeUncertainty" : 3.8339641489299727,
      "headingUncertainty" : 8.5643128941637929,
      "geoAnchorTransform" : [
        0.82777130603790283,
        2.4226409323091502e-08,
        -0.56106561422348022,
        0,
        3.2487751155940714e-08,
        1,
        9.1110265998395334e-08,
        0,
        0.56106561422348022,
        -9.364622854945992e-08,
        0.82777130603790283,
        0,
        6.6525373458862305,
        -0.18458139896392822,
        -6.1881837844848633,
        1
      ],
      "longitude" : -71.263730839684698,
      "heading" : 268.37417509549482,
      "GARAnchorUUID" : "7C66A46E-EAB3-4213-B0A1-1B2CE2E03FBE",
      "altitude" : 28.081803062930703,
      "horizontalUncertainty" : 22.372011561242754,
      "latitude" : 42.29383001854896
    },
    {
      "horizontalUncertainty" : 22.596536403858085,
      "geoAnchorTransform" : [
        0.81831574440002441,
        3.0129225336850141e-08,
        -0.57476896047592163,
        0,
        2.6410514664121365e-08,
        1,
        9.0021160303876968e-08,
        0,
        0.57476896047592163,
        -8.8845673928972246e-08,
        0.81831574440002441,
        0,
        6.8105826377868652,
        -0.16749648749828339,
        -5.5967578887939453,
        1
      ],
      "altitude" : 28.138445280492306,
      "headingUncertainty" : 8.6765434051474202,
      "GARAnchorUUID" : "DC503F87-BF00-4BC3-B502-AECF1E720D0D",
      "longitude" : -71.263739067837164,
      "altitudeUncertainty" : 3.8614130489271519,
      "latitude" : 42.293831051856777,
      "heading" : 267.2442640657211
    },
    {
      "geoAnchorTransform" : [
        0.85435259342193604,
        1.8915285338039212e-08,
        -0.51969385147094727,
        0,
        3.3617627792636995e-08,
        1,
        9.1662798240577104e-08,
        0,
        0.51969385147094727,
        -9.5783221354395209e-08,
        0.85435259342193604,
        0,
        7.0256495475769043,
        -0.15654219686985016,
        -5.0591192245483398,
        1
      ],
      "altitudeUncertainty" : 3.8864691458267493,
      "latitude" : 42.293831429852005,
      "horizontalUncertainty" : 22.798617731634959,
      "longitude" : -71.263746974526953,
      "heading" : 270.87004329302476,
      "altitude" : 28.185086721554399,
      "headingUncertainty" : 8.7691915950976451,
      "GARAnchorUUID" : "781F1F90-2CEB-4561-BA4E-E8CDF0E50B00"
    },
    {
      "headingUncertainty" : 8.8742515537564763,
      "longitude" : -71.26375502012371,
      "heading" : 259.85903208386657,
      "altitudeUncertainty" : 3.9140864788724645,
      "GARAnchorUUID" : "CD9C2687-20F4-4DF5-99B4-EB3D89313A02",
      "geoAnchorTransform" : [
        0.74121087789535522,
        4.2743863559735473e-08,
        -0.67127221822738647,
        0,
        2.8951776087637882e-08,
        1,
        9.5644111297588097e-08,
        0,
        0.67127221822738647,
        -9.0326985002775473e-08,
        0.74121087789535522,
        0,
        7.1845498085021973,
        -0.16967624425888062,
        -4.4833950996398926,
        1
      ],
      "altitude" : 28.210385335609317,
      "horizontalUncertainty" : 23.015857836887704,
      "latitude" : 42.293832334389492
    },
    {
      "altitudeUncertainty" : 3.9448015303185802,
      "longitude" : -71.263763163847983,
      "geoAnchorTransform" : [
        0.82388216257095337,
        2.8747752622848566e-08,
        -0.5667610764503479,
        0,
        3.1858927940220383e-08,
        1,
        9.7035162127667718e-08,
        0,
        0.5667610764503479,
        -9.8001940784797625e-08,
        0.82388216257095337,
        0,
        7.3751358985900879,
        -0.19611984491348267,
        -3.9311532974243164,
        1
      ],
      "horizontalUncertainty" : 23.2442664678093,
      "headingUncertainty" : 8.9833467241597624,
      "GARAnchorUUID" : "891AE9DD-7B33-4300-BA24-7DA548749650",
      "latitude" : 42.293832821821987,
      "heading" : 267.32782351870435,
      "altitude" : 28.225115072913468
    },
    {
      "geoAnchorTransform" : [
        0.80429631471633911,
        3.3634716345432025e-08,
        -0.59422850608825684,
        0,
        3.061008158056211e-08,
        1,
        9.8033488882265374e-08,
        0,
        0.59422850608825684,
        -9.7037357704721217e-08,
        0.80429631471633911,
        0,
        7.5422143936157227,
        -0.20604275166988373,
        -3.3802793025970459,
        1
      ],
      "horizontalUncertainty" : 23.477590072570298,
      "latitude" : 42.293833440664606,
      "altitudeUncertainty" : 3.9728651134670021,
      "altitude" : 28.257617431692779,
      "heading" : 265.21700383316158,
      "longitude" : -71.263771179313281,
      "GARAnchorUUID" : "AA2A4CFD-35E6-4C80-9B6E-BE65C7951AE1",
      "headingUncertainty" : 9.0938719377369654
    },
    {
      "altitudeUncertainty" : 4.1854460122962314,
      "GARAnchorUUID" : "7B928A59-4613-46DF-90D6-CD1B20BB6B60",
      "geoAnchorTransform" : [
        0.83252865076065063,
        2.6574950240387807e-08,
        -0.5539819598197937,
        0,
        2.2913159369863934e-08,
        1,
        8.2404874035546527e-08,
        0,
        0.5539819598197937,
        -8.1297898191223794e-08,
        0.83252865076065063,
        0,
        7.6698236465454102,
        -0.20249900221824646,
        -2.8355834484100342,
        1
      ],
      "altitude" : 28.594462650828063,
      "heading" : 267.41694112249394,
      "horizontalUncertainty" : 26.15097183463336,
      "headingUncertainty" : 9.559832819673991,
      "longitude" : -71.263794656293953,
      "latitude" : 42.293831873812664
    },
    {
      "longitude" : -71.263850359894022,
      "horizontalUncertainty" : 29.902792348305152,
      "headingUncertainty" : 10.724039511882037,
      "latitude" : 42.293820282498061,
      "altitude" : 29.631807519122958,
      "heading" : 269.04979850366374,
      "altitudeUncertainty" : 4.6186072248928669,
      "GARAnchorUUID" : "EF8F4157-235D-4A06-874B-283BE35B1E64",
      "geoAnchorTransform" : [
        0.86147159337997437,
        1.5141992548706185e-08,
        -0.50780582427978516,
        0,
        2.4656282349155845e-08,
        1,
        7.1646837795924512e-08,
        0,
        0.50780582427978516,
        -7.4242315406536363e-08,
        0.86147159337997437,
        0,
        7.8382463455200195,
        -0.19182443618774414,
        -2.3003814220428467,
        1
      ]
    },
    {
      "latitude" : 42.293816130911452,
      "GARAnchorUUID" : "CEED304B-3A9E-4C19-A81E-D9080AD36412",
      "altitude" : 30.077876851893961,
      "altitudeUncertainty" : 4.795374768642688,
      "heading" : 264.3473968785197,
      "geoAnchorTransform" : [
        0.82384788990020752,
        3.2766493518465722e-08,
        -0.5668109655380249,
        0,
        2.0708270653813088e-08,
        1,
        8.7907537249520828e-08,
        0,
        0.5668109655380249,
        -8.4160113544839987e-08,
        0.82384788990020752,
        0,
