{
  "userId" : "NcsslHgGt7OcPalBU90raZOBcqP2",
  "PathID" : "108C8801-4272-49AA-BDC7-08D3DACDBEB62023-03-02T16:51:57-05:00-0",
  "cloudAnchorsForAlignment" : [
    {
      "cloudAnchorID" : "ua-b4ba78ba003a6b38000ed2305112a4d6",
      "anchorTransform" : [
        0.5786857008934021,
        2.9181343563777773e-08,
        -0.81555062532424927,
        0,
        5.3329173965721566e-08,
        1,
        7.3621635010567843e-08,
        0,
        0.81555062532424927,
        -8.6096434870341909e-08,
        0.5786857008934021,
        0,
        20.795732498168945,
        -0.27189469337463379,
        24.236919403076172,
        1
      ],
      "anchorIdentifier" : "857D1936-0897-448D-96CC-E146EBB319C8"
    },
    {
      "anchorIdentifier" : "9C34E5D5-E47C-426A-A2C0-A457AC8EC76F",
      "cloudAnchorID" : "ua-b1d0bec23d972ceab385a4b4f7fef797",
      "anchorTransform" : [
        0.86147159337997437,
        1.5141992548706185e-08,
        -0.50780582427978516,
        0,
        2.4656282349155845e-08,
        1,
        7.1646837795924512e-08,
        0,
        0.50780582427978516,
        -7.4242315406536363e-08,
        0.86147159337997437,
        0,
        7.8382463455200195,
        -0.19182443618774414,
        -2.3003814220428467,
        1
      ]
    },
    {
      "cloudAnchorID" : "ua-28d55b908c9806eaa1500f7b76d82519",
      "anchorTransform" : [
        -0.82833594083786011,
        -3.900586520444449e-09,
        0.56023174524307251,
        0,
        -1.150440365194072e-08,
        1,
        -1.0047493503861915e-08,
        0,
        -0.56023174524307251,
        -1.4767832290374372e-08,
        -0.82833594083786011,
        0,
        -0.26912581920623779,
        -0.14164406061172485,
        0.021108783781528473,
        1
      ],
      "anchorIdentifier" : "FAC29CF3-7FDA-4ADC-915D-3F55E01F7889"
    }
  ],
  "garAnchorTimestamps" : [
    273840.101259041,
    273841.10179824999,
    273842.10233291599,
    273843.08619487501,
    273844.253481041,
    273845.37074225,
    273846.48800266598,
    273847.60527191602,
    273848.72251887497,
    273849.83977858297,
    273850.97371370799,
    273852.09096549999,
    273853.20821645798,
    273854.30879833299,
    273855.42605116602,
    273856.54329925001,
    273857.64388195798,
    273858.77780275,
    273859.89505024999,
    273861.012302708,
    273862.12954666599
  ],
  "routeId" : "723E7A43-9BF5-4AE8-8199-CB565235E9C5",
  "keypointData" : [
    [
      -0.3688596785068512,
      -0.12970077991485596,
      0.02983405627310276,
      2.050055980682373
    ],
    [
      0.7430235743522644,
      -0.17939598858356476,
      -3.0520832538604736,
      2.0443480014801025
    ],
    [
      0.88182705640792847,
      -0.20303790271282196,
      -5.816373348236084,
      2.1457839012145996
    ],
    [
      1.7903541326522827,
      -0.21901296079158783,
      -7.3547039031982422,
      2.128666877746582
    ],
    [
      4.2304863929748535,
      -0.17139649391174316,
      -8.5740880966186523,
      1.985679030418396
    ],
    [
      6.1045722961425781,
      -0.16046136617660522,
      -7.6874380111694336,
      -1.0302698612213135
    ],
    [
      8.6054153442382812,
      -0.21955618262290955,
      0.95764118432998657,
      -0.94364523887634277
    ],
    [
      11.646662712097168,
      -0.17738544940948486,
      9.209071159362793,
      -1.0393812656402588
    ],
    [
      15.563758850097656,
      -0.22807495296001434,
      16.802463531494141,
      -0.80665469169616699
    ],
    [
      22.485754013061523,
      -0.24094504117965698,
      26.703714370727539,
      -0.98294925689697266
    ],
    [
      22.650051116943359,
      -0.24744914472103119,
      27.549041748046875,
      -1.0083391666412354
    ],
    [
      21.6539306640625,
      -0.23077495396137238,
      28.839441299438477,
      -0.89143246412277222
    ],
    [
      21.725154876708984,
      0.068817503750324249,
      29.022554397583008,
      -1.6384264230728149
    ]
  ],
  "trackingErrorPhase" : [
    false
  ],
  "garAnchors" : [
    [
      {
        "cloudIdentifier" : "ua-28d55b908c9806eaa1500f7b76d82519",
        "identifier" : "FAC29CF3-7FDA-4ADC-915D-3F55E01F7889",
        "transform" : [
          -0.46734008193016052,
          -0.012485167011618614,
          0.88398945331573486,
          0,
          -0.024697838351130486,
          0.99969440698623657,
          0.0010623001726344228,
          0,
          -0.88373255729675293,
          -0.02133617177605629,
          -0.46750560402870178,
          0,
          21.190158843994141,
          -0.29094025492668152,
          26.007228851318359,
          1
        ],
        "hasValidTransform" : true
      },
      {
        "transform" : [
          1,
          0,
          0,
          0,
          0,
          1,
          0,
          0,
          0,
          0,
          1,
          0,
          0,
          0,
          0,
          1
        ],
        "identifier" : "857D1936-0897-448D-96CC-E146EBB319C8",
        "cloudIdentifier" : "",
        "hasValidTransform" : false
      },
      {
        "hasValidTransform" : true,
        "cloudIdentifier" : "ua-b1d0bec23d972ceab385a4b4f7fef797",
        "identifier" : "9C34E5D5-E47C-426A-A2C0-A457AC8EC76F",
        "transform" : [
          0.54534947872161865,
          -0.0027965514454990625,
          -0.83820408582687378,
          0,
          -0.0032357899472117424,
          0.99997997283935547,
          -0.0054415524937212467,
          0,
          0.83820253610610962,
          0.0056798001751303673,
          0.5453295111656189,
          0,
          27.324071884155273,
          -0.39539170265197754,
          20.256973266601562,
          1
        ]
      }
    ],
    [
      {
        "transform" : [
          -0.46734008193016052,
          -0.012485167011618614,
          0.88398945331573486,
          0,
          -0.024697838351130486,
          0.99969440698623657,
          0.0010623001726344228,
          0,
          -0.88373255729675293,
          -0.02133617177605629,
          -0.46750560402870178,
          0,
          21.190158843994141,
          -0.29094025492668152,
          26.007228851318359,
          1
        ],
        "hasValidTransform" : true,
        "cloudIdentifier" : "ua-28d55b908c9806eaa1500f7b76d82519",
        "identifier" : "FAC29CF3-7FDA-4ADC-915D-3F55E01F7889"
      },
      {
        "identifier" : "857D1936-0897-448D-96CC-E146EBB319C8",
        "cloudIdentifier" : "",
        "transform" : [
          1,
          0,
          0,
          0,
          0,
          1,
          0,
          0,
          0,
          0,
          1,
          0,
          0,
          0,
          0,
          1
        ],
        "hasValidTransform" : false
      },
      {
        "identifier" : "9C34E5D5-E47C-426A-A2C0-A457AC8EC76F",
        "hasValidTransform" : true,
        "cloudIdentifier" : "ua-b1d0bec23d972ceab385a4b4f7fef797",
        "transform" : [
          0.54534947872161865,
          -0.0027965514454990625,
          -0.83820408582687378,
          0,
          -0.0032357899472117424,
          0.99997997283935547,
          -0.0054415524937212467,
          0,
          0.83820253610610962,
          0.0056798001751303673,
          0.5453295111656189,
          0,
          27.324071884155273,
          -0.39539170265197754,
          20.256973266601562,
          1
        ]
      }
    ],
    [
      {
        "cloudIdentifier" : "ua-28d55b908c9806eaa1500f7b76d82519",
        "identifier" : "FAC29CF3-7FDA-4ADC-915D-3F55E01F7889",
        "transform" : [
          -0.46734008193016052,
          -0.012485167011618614,
          0.88398945331573486,
          0,
          -0.024697838351130486,
          0.99969440698623657,
          0.0010623001726344228,
          0,
          -0.88373255729675293,
          -0.02133617177605629,
          -0.46750560402870178,
          0,
          21.190158843994141,
          -0.29094025492668152,
          26.007228851318359,
          1
        ],
        "hasValidTransform" : true
      },
      {
        "identifier" : "857D1936-0897-448D-96CC-E146EBB319C8",
        "cloudIdentifier" : "",
        "transform" : [
          1,
          0,
          0,
          0,
          0,
          1,
          0,
          0,
          0,
          0,
          1,
          0,
          0,
          0,
          0,
          1
        ],
        "hasValidTransform" : false
      },
      {
        "hasValidTransform" : true,
        "cloudIdentifier" : "ua-b1d0bec23d972ceab385a4b4f7fef797",
        "identifier" : "9C34E5D5-E47C-426A-A2C0-A457AC8EC76F",
        "transform" : [
          0.54534947872161865,
          -0.0027965514454990625,
          -0.83820408582687378,
          0,
          -0.0032357899472117424,
          0.99997997283935547,
          -0.0054415524937212467,
          0,
          0.83820253610610962,
          0.0056798001751303673,
          0.5453295111656189,
          0,
          27.324071884155273,
          -0.39539170265197754,
          20.256973266601562,
          1
        ]
      }
    ],
    [
      {
        "identifier" : "FAC29CF3-7FDA-4ADC-915D-3F55E01F7889",
        "transform" : [
          -0.46734008193016052,
          -0.012485167011618614,
          0.88398945331573486,
          0,
          -0.024697838351130486,
          0.99969440698623657,
          0.0010623001726344228,
          0,
          -0.88373255729675293,
          -0.02133617177605629,
          -0.46750560402870178,
          0,
          21.190158843994141,
          -0.29094025492668152,
          26.007228851318359,
          1
        ],
        "hasValidTransform" : true,
        "cloudIdentifier" : "ua-28d55b908c9806eaa1500f7b76d82519"
      },
      {
        "transform" : [
          1,
          0,
          0,
          0,
          0,
          1,
          0,
          0,
          0,
          0,
          1,
          0,
          0,
          0,
          0,
          1
        ],
        "hasValidTransform" : false,
        "cloudIdentifier" : "",
        "identifier" : "857D1936-0897-448D-96CC-E146EBB319C8"
      },
      {
        "transform" : [
          0.54534947872161865,
          -0.0027965514454990625,
          -0.83820408582687378,
          0,
          -0.0032357899472117424,
          0.99997997283935547,
          -0.0054415524937212467,
          0,
          0.83820253610610962,
          0.0056798001751303673,
          0.5453295111656189,
          0,
          27.324071884155273,
          -0.39539170265197754,
          20.256973266601562,
          1
        ],
        "hasValidTransform" : true,
        "cloudIdentifier" : "ua-b1d0bec23d972ceab385a4b4f7fef797",
        "identifier" : "9C34E5D5-E47C-426A-A2C0-A457AC8EC76F"
      }
    ],
    [
      {
        "transform" : [
          -0.46734008193016052,
          -0.012485167011618614,
          0.88398945331573486,
          0,
          -0.024697838351130486,
          0.99969440698623657,
          0.0010623001726344228,
          0,
          -0.88373255729675293,
          -0.02133617177605629,
          -0.46750560402870178,
          0,
          21.190158843994141,
          -0.29094025492668152,
          26.007228851318359,
          1
        ],
        "cloudIdentifier" : "ua-28d55b908c9806eaa1500f7b76d82519",
        "identifier" : "FAC29CF3-7FDA-4ADC-915D-3F55E01F7889",
        "hasValidTransform" : true
      },
      {
        "hasValidTransform" : false,
        "transform" : [
          1,
          0,
          0,
          0,
          0,
          1,
          0,
          0,
          0,
          0,
          1,
          0,
          0,
          0,
          0,
          1
        ],
        "cloudIdentifier" : "",
        "identifier" : "857D1936-0897-448D-96CC-E146EBB319C8"
      },
      {
        "hasValidTransform" : true,
        "identifier" : "9C34E5D5-E47C-426A-A2C0-A457AC8EC76F",
        "cloudIdentifier" : "ua-b1d0bec23d972ceab385a4b4f7fef797",
        "transform" : [
          0.54534947872161865,
          -0.0027965514454990625,
          -0.83820408582687378,
          0,
          -0.0032357899472117424,
          0.99997997283935547,
          -0.0054415524937212467,
          0,
          0.83820253610610962,
          0.0056798001751303673,
          0.5453295111656189,
          0,
          27.324071884155273,
          -0.39539170265197754,
          20.256973266601562,
          1
        ]
      }
    ],
    [
      {
        "transform" : [
          -0.46734008193016052,
          -0.012485167011618614,
          0.88398945331573486,
          0,
          -0.024697838351130486,
          0.99969440698623657,
          0.0010623001726344228,
          0,
          -0.88373255729675293,
          -0.02133617177605629,
          -0.46750560402870178,
          0,
          21.190158843994141,
          -0.29094025492668152,
          26.007228851318359,
          1
        ],
        "identifier" : "FAC29CF3-7FDA-4ADC-915D-3F55E01F7889",
        "hasValidTransform" : true,
        "cloudIdentifier" : "ua-28d55b908c9806eaa1500f7b76d82519"
      },
      {
        "transform" : [
          1,
          0,
          0,
          0,
          0,
          1,
          0,
          0,
          0,
          0,
          1,
          0,
          0,
          0,
          0,
          1
        ],
        "cloudIdentifier" : "",
        "identifier" : "857D1936-0897-448D-96CC-E146EBB319C8",
        "hasValidTransform" : false
      },
      {
        "cloudIdentifier" : "ua-b1d0bec23d972ceab385a4b4f7fef797",
        "hasValidTransform" : true,
        "identifier" : "9C34E5D5-E47C-426A-A2C0-A457AC8EC76F",
        "transform" : [
          0.54534947872161865,
          -0.0027965514454990625,
          -0.83820408582687378,
          0,
          -0.0032357899472117424,
          0.99997997283935547,
          -0.0054415524937212467,
          0,
          0.83820253610610962,
          0.0056798001751303673,
          0.5453295111656189,
          0,
          27.324071884155273,
          -0.39539170265197754,
          20.256973266601562,
          1
        ]
      }
    ],
    [
      {
        "transform" : [
          -0.81672030687332153,
          -0.019195070490241051,
          0.57671439647674561,
          0,
          -0.024877548217773438,
          0.99968856573104858,
          -0.0019574784673750401,
          0,
          -0.57649725675582886,
          -0.015945952385663986,
          -0.8169434666633606,
          0,
          -0.28173723816871643,
          -0.17533810436725616,
          0.17040783166885376,
          1
        ],
        "hasValidTransform" : true,
        "cloudIdentifier" : "ua-28d55b908c9806eaa1500f7b76d82519",
        "identifier" : "FAC29CF3-7FDA-4ADC-915D-3F55E01F7889"
      },
      {
        "hasValidTransform" : false,
        "cloudIdentifier" : "",
        "identifier" : "857D1936-0897-448D-96CC-E146EBB319C8",
        "transform" : [
          1,
          0,
          0,
          0,
          0,
          1,
          0,
          0,
          0,
          0,
          1,
          0,
          0,
          0,
          0,
          1
        ]
      },
      {
        "identifier" : "9C34E5D5-E47C-426A-A2C0-A457AC8EC76F",
        "cloudIdentifier" : "ua-b1d0bec23d972ceab385a4b4f7fef797",
        "transform" : [
          0.86579996347427368,
          -0.00067047448828816414,
          -0.50038981437683105,
          0,
          0.00055883079767227173,
          0.9999997615814209,
          -0.00037298654206097126,
          0,
          0.50038993358612061,
          4.3298517994116992e-05,
          0.86580014228820801,
          0,
          7.8200826644897461,
          -0.21370311081409454,
          -2.2497553825378418,
          1
        ],
        "hasValidTransform" : true
      }
    ],
    [
      {
        "hasValidTransform" : true,
        "identifier" : "FAC29CF3-7FDA-4ADC-915D-3F55E01F7889",
        "transform" : [
          -0.81672030687332153,
          -0.019195070490241051,
          0.57671439647674561,
          0,
          -0.024877548217773438,
          0.99968856573104858,
          -0.0019574784673750401,
          0,
          -0.57649725675582886,
          -0.015945952385663986,
          -0.8169434666633606,
          0,
          -0.28173723816871643,
          -0.17533810436725616,
          0.17040783166885376,
          1
        ],
        "cloudIdentifier" : "ua-28d55b908c9806eaa1500f7b76d82519"
      },
      {
        "transform" : [
          1,
          0,
          0,
          0,
          0,
          1,
          0,
          0,
          0,
          0,
          1,
          0,
          0,
          0,
          0,
          1
        ],
        "cloudIdentifier" : "",
        "hasValidTransform" : false,
        "identifier" : "857D1936-0897-448D-96CC-E146EBB319C8"
      },
      {
        "identifier" : "9C34E5D5-E47C-426A-A2C0-A457AC8EC76F",
        "transform" : [
          0.86579996347427368,
          -0.00067047448828816414,
          -0.50038981437683105,
          0,
          0.00055883079767227173,
          0.9999997615814209,
          -0.00037298654206097126,
          0,
          0.50038993358612061,
          4.3298517994116992e-05,
          0.86580014228820801,
          0,
          7.8200826644897461,
          -0.21370311081409454,
          -2.2497553825378418,
          1
        ],
        "hasValidTransform" : true,
        "cloudIdentifier" : "ua-b1d0bec23d972ceab385a4b4f7fef797"
      }
    ],
    [
      {
        "hasValidTransform" : true,
        "cloudIdentifier" : "ua-28d55b908c9806eaa1500f7b76d82519",
        "identifier" : "FAC29CF3-7FDA-4ADC-915D-3F55E01F7889",
        "transform" : [
          -0.81672030687332153,
          -0.019195070490241051,
          0.57671439647674561,
          0,
          -0.024877548217773438,
          0.99968856573104858,
          -0.0019574784673750401,
          0,
          -0.57649725675582886,
          -0.015945952385663986,
          -0.8169434666633606,
          0,
          -0.28173723816871643,
          -0.17533810436725616,
          0.17040783166885376,
          1
        ]
      },
      {
        "identifier" : "857D1936-0897-448D-96CC-E146EBB319C8",
        "cloudIdentifier" : "",
        "transform" : [
          1,
          0,
          0,
          0,
          0,
          1,
          0,
          0,
          0,
          0,
          1,
          0,
          0,
          0,
          0,
          1
        ],
        "hasValidTransform" : false
      },
      {
        "identifier" : "9C34E5D5-E47C-426A-A2C0-A457AC8EC76F",
        "transform" : [
          0.86579996347427368,
          -0.00067047448828816414,
          -0.50038981437683105,
          0,
          0.00055883079767227173,
          0.9999997615814209,
          -0.00037298654206097126,
          0,
          0.50038993358612061,
          4.3298517994116992e-05,
          0.86580014228820801,
          0,
          7.8200826644897461,
          -0.21370311081409454,
          -2.2497553825378418,
          1
        ],
        "hasValidTransform" : true,
        "cloudIdentifier" : "ua-b1d0bec23d972ceab385a4b4f7fef797"
      }
    ],
    [
      {
        "cloudIdentifier" : "ua-28d55b908c9806eaa1500f7b76d82519",
        "identifier" : "FAC29CF3-7FDA-4ADC-915D-3F55E01F7889",
        "hasValidTransform" : true,
        "transform" : [
          -0.81672030687332153,
          -0.019195070490241051,
          0.57671439647674561,
          0,
          -0.024877548217773438,
          0.99968856573104858,
          -0.0019574784673750401,
          0,
          -0.57649725675582886,
          -0.015945952385663986,
          -0.8169434666633606,
          0,
          -0.28173723816871643,
          -0.17533810436725616,
          0.17040783166885376,
          1
        ]
      },
      {
        "transform" : [
          1,
          0,
          0,
          0,
          0,
          1,
          0,
          0,
          0,
          0,
          1,
          0,
          0,
          0,
          0,
          1
        ],
        "identifier" : "857D1936-0897-448D-96CC-E146EBB319C8",
        "cloudIdentifier" : "",
        "hasValidTransform" : false
      },
      {
        "transform" : [
          0.86579996347427368,
          -0.00067047448828816414,
          -0.50038981437683105,
          0,
          0.00055883079767227173,
          0.9999997615814209,
          -0.00037298654206097126,
          0,
          0.50038993358612061,
          4.3298517994116992e-05,
          0.86580014228820801,
          0,
          7.8200826644897461,
          -0.21370311081409454,
          -2.2497553825378418,
          1
        ],
        "hasValidTransform" : true,
        "cloudIdentifier" : "ua-b1d0bec23d972ceab385a4b4f7fef797",
        "identifier" : "9C34E5D5-E47C-426A-A2C0-A457AC8EC76F"
      }
    ],
    [
      {
        "hasValidTransform" : true,
        "transform" : [
          -0.82510519027709961,
          -0.019455991685390472,
          0.56464403867721558,
          0,
          -0.023916546255350113,
          0.99971383810043335,
          -0.00050162978004664183,
          0,
          -0.56447267532348633,
          -0.013918232172727585,
          -0.82533437013626099,
          0,
          -0.35549315810203552,
          -0.16611716151237488,
          0.10720986127853394,
          1
        ],
        "cloudIdentifier" : "ua-28d55b908c9806eaa1500f7b76d82519",
        "identifier" : "FAC29CF3-7FDA-4ADC-915D-3F55E01F7889"
      },
      {
        "transform" : [
          1,
          0,
          0,
          0,
          0,
          1,
          0,
          0,
          0,
          0,
          1,
          0,
          0,
          0,
          0,
          1
        ],
        "identifier" : "857D1936-0897-448D-96CC-E146EBB319C8",
        "cloudIdentifier" : "",
        "hasValidTransform" : false
      },
      {
        "transform" : [
          0.8649248480796814,
          -0.00052795431111007929,
          -0.50190109014511108,
          0,
          -0.00019905983936041594,
          0.99999898672103882,
          -0.0013949472922831774,
          0,
          0.50190132856369019,
          0.0013064329978078604,
          0.86492389440536499,
          0,
          7.8115472793579102,
          -0.19859665632247925,
          -2.2779011726379395,
          1
        ],
        "identifier" : "9C34E5D5-E47C-426A-A2C0-A457AC8EC76F",
        "hasValidTransform" : true,
        "cloudIdentifier" : "ua-b1d0bec23d972ceab385a4b4f7fef797"
      }
    ],
    [
      {
        "cloudIdentifier" : "ua-28d55b908c9806eaa1500f7b76d82519",
        "identifier" : "FAC29CF3-7FDA-4ADC-915D-3F55E01F7889",
        "transform" : [
          -0.82510519027709961,
          -0.019455991685390472,
          0.56464403867721558,
          0,
          -0.023916546255350113,
          0.99971383810043335,
          -0.00050162978004664183,
          0,
          -0.56447267532348633,
          -0.013918232172727585,
          -0.82533437013626099,
          0,
          -0.35549315810203552,
          -0.16611716151237488,
          0.10720986127853394,
          1
        ],
        "hasValidTransform" : true
      },
      {
        "transform" : [
          1,
          0,
          0,
          0,
          0,
          1,
          0,
          0,
          0,
          0,
          1,
          0,
          0,
          0,
          0,
          1
        ],
        "hasValidTransform" : false,
        "cloudIdentifier" : "",
        "identifier" : "857D1936-0897-448D-96CC-E146EBB319C8"
      },
      {
        "hasValidTransform" : true,
        "cloudIdentifier" : "ua-b1d0bec23d972ceab385a4b4f7fef797",
        "identifier" : "9C34E5D5-E47C-426A-A2C0-A457AC8EC76F",
        "transform" : [
          0.8649248480796814,
          -0.00052795431111007929,
          -0.50190109014511108,
          0,
          -0.00019905983936041594,
          0.99999898672103882,
          -0.0013949472922831774,
          0,
          0.50190132856369019,
          0.0013064329978078604,
          0.86492389440536499,
          0,
          7.8115472793579102,
          -0.19859665632247925,
          -2.2779011726379395,
          1
        ]
      }
    ],
    [
      {
        "hasValidTransform" : true,
        "transform" : [
          -0.82510519027709961,
          -0.019455991685390472,
          0.56464403867721558,
          0,
          -0.023916546255350113,
          0.99971383810043335,
          -0.00050162978004664183,
          0,
          -0.56447267532348633,
          -0.013918232172727585,
          -0.82533437013626099,
          0,
          -0.35549315810203552,
          -0.16611716151237488,
          0.10720986127853394,
          1
        ],
        "cloudIdentifier" : "ua-28d55b908c9806eaa1500f7b76d82519",
        "identifier" : "FAC29CF3-7FDA-4ADC-915D-3F55E01F7889"
      },
      {
        "identifier" : "857D1936-0897-448D-96CC-E146EBB319C8",
        "hasValidTransform" : false,
        "cloudIdentifier" : "",
        "transform" : [
          1,
          0,
          0,
          0,
          0,
          1,
          0,
          0,
          0,
          0,
          1,
          0,
          0,
          0,
          0,
          1
        ]
      },
      {
        "identifier" : "9C34E5D5-E47C-426A-A2C0-A457AC8EC76F",
        "cloudIdentifier" : "ua-b1d0bec23d972ceab385a4b4f7fef797",
        "transform" : [
          0.8649248480796814,
          -0.00052795431111007929,
          -0.50190109014511108,
          0,
          -0.00019905983936041594,
          0.99999898672103882,
          -0.0013949472922831774,
          0,
          0.50190132856369019,
          0.0013064329978078604,
          0.86492389440536499,
          0,
          7.8115472793579102,
          -0.19859665632247925,
          -2.2779011726379395,
          1
        ],
        "hasValidTransform" : true
      }
    ],
    [
      {
        "transform" : [
          -0.83606255054473877,
          -0.022404389455914497,
          0.54817652702331543,
          0,
          -0.022293683141469955,
          0.99972796440124512,
          0.0068579739890992641,
          0,
          -0.54818105697631836,
          -0.0064871790818870068,
          -0.83633452653884888,
          0,
          -0.37006783485412598,
          -0.1820455938577652,
          0.11033409088850021,
          1
        ],
        "identifier" : "FAC29CF3-7FDA-4ADC-915D-3F55E01F7889",
        "cloudIdentifier" : "ua-28d55b908c9806eaa1500f7b76d82519",
        "hasValidTransform" : true
      },
      {
        "cloudIdentifier" : "",
        "hasValidTransform" : false,
        "transform" : [
          1,
          0,
          0,
          0,
          0,
          1,
          0,
          0,
          0,
          0,
          1,
          0,
          0,
          0,
          0,
          1
        ],
        "identifier" : "857D1936-0897-448D-96CC-E146EBB319C8"
      },
      {
        "identifier" : "9C34E5D5-E47C-426A-A2C0-A457AC8EC76F",
        "transform" : [
          0.86440026760101318,
          0.00025380056467838585,
          -0.50280427932739258,
          0,
          -0.0010540703078731894,
          0.99999856948852539,
          -0.0013073445297777653,
          0,
          0.5028032660484314,
          0.0016600600210949779,
          0.86439931392669678,
          0,
          7.8080577850341797,
          -0.19559884071350098,
          -2.2868287563323975,
          1
        ],
        "hasValidTransform" : true,
        "cloudIdentifier" : "ua-b1d0bec23d972ceab385a4b4f7fef797"
      }
    ],
    [
      {
        "identifier" : "FAC29CF3-7FDA-4ADC-915D-3F55E01F7889",
        "transform" : [
          -0.83606255054473877,
          -0.022404389455914497,
          0.54817652702331543,
          0,
          -0.022293683141469955,
          0.99972796440124512,
          0.0068579739890992641,
          0,
          -0.54818105697631836,
          -0.0064871790818870068,
          -0.83633452653884888,
          0,
          -0.37006783485412598,
          -0.1820455938577652,
          0.11033409088850021,
          1
        ],
        "hasValidTransform" : true,
        "cloudIdentifier" : "ua-28d55b908c9806eaa1500f7b76d82519"
      },
      {
        "cloudIdentifier" : "",
        "identifier" : "857D1936-0897-448D-96CC-E146EBB319C8",
        "transform" : [
          1,
          0,
          0,
          0,
          0,
          1,
          0,
          0,
          0,
          0,
          1,
          0,
          0,
          0,
          0,
          1
        ],
        "hasValidTransform" : false
      },
      {
        "hasValidTransform" : true,
        "cloudIdentifier" : "ua-b1d0bec23d972ceab385a4b4f7fef797",
        "identifier" : "9C34E5D5-E47C-426A-A2C0-A457AC8EC76F",
        "transform" : [
          0.86440026760101318,
          0.00025380056467838585,
          -0.50280427932739258,
          0,
          -0.0010540703078731894,
          0.99999856948852539,
          -0.0013073445297777653,
          0,
          0.5028032660484314,
          0.0016600600210949779,
          0.86439931392669678,
          0,
          7.8080577850341797,
          -0.19559884071350098,
          -2.2868287563323975,
          1
        ]
      }
    ],
    [
      {
        "cloudIdentifier" : "ua-28d55b908c9806eaa1500f7b76d82519",
        "identifier" : "FAC29CF3-7FDA-4ADC-915D-3F55E01F7889",
        "transform" : [
          -0.83606255054473877,
          -0.022404389455914497,
          0.54817652702331543,
          0,
          -0.022293683141469955,
          0.99972796440124512,
          0.0068579739890992641,
          0,
          -0.54818105697631836,
          -0.0064871790818870068,
          -0.83633452653884888,
          0,
          -0.37006783485412598,
          -0.1820455938577652,
          0.11033409088850021,
          1
        ],
        "hasValidTransform" : true
      },
      {
        "identifier" : "857D1936-0897-448D-96CC-E146EBB319C8",
        "hasValidTransform" : false,
        "transform" : [
          1,
          0,
          0,
          0,
          0,
          1,
          0,
          0,
          0,
          0,
          1,
          0,
          0,
          0,
          0,
          1
        ],
        "cloudIdentifier" : ""
      },
      {
        "identifier" : "9C34E5D5-E47C-426A-A2C0-A457AC8EC76F",
        "hasValidTransform" : true,
        "transform" : [
          0.86440026760101318,
          0.00025380056467838585,
          -0.50280427932739258,
          0,
          -0.0010540703078731894,
          0.99999856948852539,
          -0.0013073445297777653,
          0,
          0.5028032660484314,
          0.0016600600210949779,
          0.86439931392669678,
          0,
          7.8080577850341797,
          -0.19559884071350098,
          -2.2868287563323975,
          1
        ],
        "cloudIdentifier" : "ua-b1d0bec23d972ceab385a4b4f7fef797"
      }
    ],
    [
      {
        "hasValidTransform" : true,
        "transform" : [
          -0.83790361881256104,
          -0.023018566891551018,
          0.54533261060714722,
          0,
          -0.02121376246213913,
          0.99972885847091675,
          0.0096037499606609344,
          0,
          -0.5454058051109314,
          -0.0035215395037084818,
          -0.83816474676132202,
          0,
          -0.38208577036857605,
          -0.18426395952701569,
          0.04949679970741272,
          1
        ],
        "cloudIdentifier" : "ua-28d55b908c9806eaa1500f7b76d82519",
        "identifier" : "FAC29CF3-7FDA-4ADC-915D-3F55E01F7889"
      },
      {
        "hasValidTransform" : false,
        "transform" : [
          1,
          0,
          0,
          0,
          0,
          1,
          0,
          0,
          0,
          0,
          1,
          0,
          0,
          0,
          0,
          1
        ],
        "identifier" : "857D1936-0897-448D-96CC-E146EBB319C8",
        "cloudIdentifier" : ""
      },
      {
        "hasValidTransform" : true,
        "cloudIdentifier" : "ua-b1d0bec23d972ceab385a4b4f7fef797",
        "transform" : [
          0.86467516422271729,
          -0.00048142051673494279,
          -0.5023311972618103,
          0,
          -0.00010408970410935581,
          0.99999934434890747,
          -0.0011375442845746875,
          0,
          0.5023314356803894,
          0.0010358936851844192,
          0.86467450857162476,
          0,
          7.806983470916748,
          -0.19371281564235687,
          -2.2670907974243164,
          1
        ],
        "identifier" : "9C34E5D5-E47C-426A-A2C0-A457AC8EC76F"
      }
    ],
    [
      {
        "identifier" : "FAC29CF3-7FDA-4ADC-915D-3F55E01F7889",
        "cloudIdentifier" : "ua-28d55b908c9806eaa1500f7b76d82519",
        "transform" : [
          -0.83790361881256104,
          -0.023018566891551018,
          0.54533261060714722,
          0,
          -0.02121376246213913,
          0.99972885847091675,
          0.0096037499606609344,
          0,
          -0.5454058051109314,
          -0.0035215395037084818,
          -0.83816474676132202,
          0,
          -0.38208577036857605,
          -0.18426395952701569,
          0.04949679970741272,
          1
        ],
        "hasValidTransform" : true
      },
      {
        "cloudIdentifier" : "",
        "identifier" : "857D1936-0897-448D-96CC-E146EBB319C8",
        "transform" : [
          1,
          0,
          0,
          0,
          0,
          1,
          0,
          0,
          0,
          0,
          1,
          0,
          0,
          0,
          0,
          1
        ],
        "hasValidTransform" : false
      },
      {
        "cloudIdentifier" : "ua-b1d0bec23d972ceab385a4b4f7fef797",
        "hasValidTransform" : true,
        "identifier" : "9C34E5D5-E47C-426A-A2C0-A457AC8EC76F",
        "transform" : [
          0.86467516422271729,
          -0.00048142051673494279,
          -0.5023311972618103,
          0,
          -0.00010408970410935581,
          0.99999934434890747,
          -0.0011375442845746875,
          0,
          0.5023314356803894,
          0.0010358936851844192,
          0.86467450857162476,
          0,
          7.806983470916748,
          -0.19371281564235687,
          -2.2670907974243164,
          1
        ]
      }
    ],
    [
      {
        "transform" : [
          -0.83790361881256104,
          -0.023018566891551018,
          0.54533261060714722,
          0,
          -0.02121376246213913,
          0.99972885847091675,
          0.0096037499606609344,
          0,
          -0.5454058051109314,
          -0.0035215395037084818,
          -0.83816474676132202,
          0,
          -0.38208577036857605,
          -0.18426395952701569,
          0.04949679970741272,
          1
        ],
        "identifier" : "FAC29CF3-7FDA-4ADC-915D-3F55E01F7889",
        "hasValidTransform" : true,
        "cloudIdentifier" : "ua-28d55b908c9806eaa1500f7b76d82519"
      },
      {
        "cloudIdentifier" : "",
        "hasValidTransform" : false,
        "identifier" : "857D1936-0897-448D-96CC-E146EBB319C8",
        "transform" : [
          1,
          0,
          0,
          0,
          0,
          1,
          0,
          0,
          0,
          0,
          1,
          0,
          0,
          0,
          0,
          1
        ]
      },
      {
        "transform" : [
          0.86467516422271729,
          -0.00048142051673494279,
          -0.5023311972618103,
          0,
          -0.00010408970410935581,
          0.99999934434890747,
          -0.0011375442845746875,
          0,
          0.5023314356803894,
          0.0010358936851844192,
          0.86467450857162476,
          0,
          7.806983470916748,
          -0.19371281564235687,
          -2.2670907974243164,
          1
        ],
        "hasValidTransform" : true,
        "cloudIdentifier" : "ua-b1d0bec23d972ceab385a4b4f7fef797",
        "identifier" : "9C34E5D5-E47C-426A-A2C0-A457AC8EC76F"
      }
    ],
    [
      {
        "hasValidTransform" : true,
        "cloudIdentifier" : "ua-28d55b908c9806eaa1500f7b76d82519",
        "identifier" : "FAC29CF3-7FDA-4ADC-915D-3F55E01F7889",
        "transform" : [
          -0.83790361881256104,
          -0.023018566891551018,
          0.54533261060714722,
          0,
          -0.02121376246213913,
          0.99972885847091675,
          0.0096037499606609344,
          0,
          -0.5454058051109314,
          -0.0035215395037084818,
          -0.83816474676132202,
          0,
          -0.38208577036857605,
          -0.18426395952701569,
          0.04949679970741272,
          1
        ]
      },
      {
        "identifier" : "857D1936-0897-448D-96CC-E146EBB319C8",
        "cloudIdentifier" : "",
        "hasValidTransform" : false,
        "transform" : [
          1,
          0,
          0,
          0,
          0,
          1,
          0,
          0,
          0,
          0,
          1,
          0,
          0,
          0,
          0,
          1
        ]
      },
      {
        "cloudIdentifier" : "ua-b1d0bec23d972ceab385a4b4f7fef797",
        "identifier" : "9C34E5D5-E47C-426A-A2C0-A457AC8EC76F",
        "transform" : [
          0.86467516422271729,
          -0.00048142051673494279,
          -0.5023311972618103,
          0,
          -0.00010408970410935581,
          0.99999934434890747,
          -0.0011375442845746875,
          0,
          0.5023314356803894,
          0.0010358936851844192,
          0.86467450857162476,
          0,
          7.806983470916748,
          -0.19371281564235687,
          -2.2670907974243164,
          1
        ],
        "hasValidTransform" : true
      }
    ],
    [
      {
        "transform" : [
          -0.83790361881256104,
          -0.023018566891551018,
          0.54533261060714722,
          0,
          -0.02121376246213913,
          0.99972885847091675,
          0.0096037499606609344,
          0,
          -0.5454058051109314,
          -0.0035215395037084818,
          -0.83816474676132202,
          0,
          -0.38208577036857605,
          -0.18426395952701569,
          0.04949679970741272,
          1
        ],
        "hasValidTransform" : true,
        "cloudIdentifier" : "ua-28d55b908c9806eaa1500f7b76d82519",
        "identifier" : "FAC29CF3-7FDA-4ADC-915D-3F55E01F7889"
      },
      {
        "transform" : [
          1,
          0,
          0,
          0,
          0,
          1,
          0,
          0,
          0,
          0,
          1,
          0,
          0,
          0,
          0,
          1
        ],
        "hasValidTransform" : false,
        "cloudIdentifier" : "",
        "identifier" : "857D1936-0897-448D-96CC-E146EBB319C8"
      },
      {
        "hasValidTransform" : true,
        "identifier" : "9C34E5D5-E47C-426A-A2C0-A457AC8EC76F",
        "cloudIdentifier" : "ua-b1d0bec23d972ceab385a4b4f7fef797",
        "transform" : [
          0.86467516422271729,
          -0.00048142051673494279,
          -0.5023311972618103,
          0,
          -0.00010408970410935581,
          0.99999934434890747,
          -0.0011375442845746875,
          0,
          0.5023314356803894,
          0.0010358936851844192,
          0.86467450857162476,
          0,
          7.806983470916748,
          -0.19371281564235687,
          -2.2670907974243164,
          1
        ]
      }
    ]
  ],
  "trackingErrorTime" : [
    55.297632932662964
  ],
  "trackingErrorData" : [
    "Normal"
  ],
