{
  "settingsHistory" : [
    {
      "defaultUnit" : 0,
      "visualizeCloudAnchors" : true,
      "adjustOffset" : true,
      "sendLogs" : true,
      "voiceFeedback" : true,
      "relativeTimeStamp" : 0.39570403099060059,
      "filterGeoSpatial" : true,
      "hapticFeedback" : false,
      "timerLength" : 5,
      "soundFeedback" : true,
      "defaultColor" : 0,
      "localizationThreshold" : 3,
      "disableARWorldMap" : true
    }
  ],
  "PathID" : "108C8801-4272-49AA-BDC7-08D3DACDBEB62023-03-23T15:37:35-04:00-0",
  "garAnchors" : [
    [
      {
        "identifier" : "EF966F97-4235-473A-A8FA-1E0AC980D412",
        "cloudIdentifier" : "",
        "transform" : [
          1,
          0,
          0,
          0,
          0,
          1,
          0,
          0,
          0,
          0,
          1,
          0,
          0,
          0,
          0,
          1
        ],
        "hasValidTransform" : false
      },
      {
        "transform" : [
          1,
          0,
          0,
          0,
          0,
          1,
          0,
          0,
          0,
          0,
          1,
          0,
          0,
          0,
          0,
          1
        ],
        "hasValidTransform" : false,
        "cloudIdentifier" : "",
        "identifier" : "71621622-EEF4-4930-997B-75101CABDDB4"
      },
      {
        "identifier" : "35024BD5-2B27-4184-AC8D-5258C40E0AC9",
        "cloudIdentifier" : "ua-3f44b21c2b188110aa8a8b24565bcae7",
        "hasValidTransform" : true,
        "transform" : [
          -0.498891681432724,
          -0.016874335706233978,
          -0.86650007963180542,
          0,
          -0.016277909278869629,
          0.99981653690338135,
          -0.010098470374941826,
          0,
          0.86651146411895752,
          0.0090667661279439926,
          -0.49907481670379639,
          0,
          0.1729472428560257,
          0.037235911935567856,
          0.15864789485931396,
          1
        ]
      }
    ],
    [
      {
        "cloudIdentifier" : "",
        "transform" : [
          1,
          0,
          0,
          0,
          0,
          1,
          0,
          0,
          0,
          0,
          1,
          0,
          0,
          0,
          0,
          1
        ],
        "hasValidTransform" : false,
        "identifier" : "EF966F97-4235-473A-A8FA-1E0AC980D412"
      },
      {
        "hasValidTransform" : false,
        "cloudIdentifier" : "",
        "identifier" : "71621622-EEF4-4930-997B-75101CABDDB4",
        "transform" : [
          1,
          0,
          0,
          0,
          0,
          1,
          0,
          0,
          0,
          0,
          1,
          0,
          0,
          0,
          0,
          1
        ]
      },
      {
        "hasValidTransform" : true,
        "transform" : [
          -0.498891681432724,
          -0.016874335706233978,
          -0.86650007963180542,
          0,
          -0.016277909278869629,
          0.99981653690338135,
          -0.010098470374941826,
          0,
          0.86651146411895752,
          0.0090667661279439926,
          -0.49907481670379639,
          0,
          0.1729472428560257,
          0.037235911935567856,
          0.15864789485931396,
          1
        ],
        "cloudIdentifier" : "ua-3f44b21c2b188110aa8a8b24565bcae7",
        "identifier" : "35024BD5-2B27-4184-AC8D-5258C40E0AC9"
      }
    ],
    [
      {
        "cloudIdentifier" : "",
        "identifier" : "EF966F97-4235-473A-A8FA-1E0AC980D412",
        "transform" : [
          1,
          0,
          0,
          0,
          0,
          1,
          0,
          0,
          0,
          0,
          1,
          0,
          0,
          0,
          0,
          1
        ],
        "hasValidTransform" : false
      },
      {
        "identifier" : "71621622-EEF4-4930-997B-75101CABDDB4",
        "transform" : [
          1,
          0,
          0,
          0,
          0,
          1,
          0,
          0,
          0,
          0,
          1,
          0,
          0,
          0,
          0,
          1
        ],
        "hasValidTransform" : false,
        "cloudIdentifier" : ""
      },
      {
        "transform" : [
          -0.498891681432724,
          -0.016874335706233978,
          -0.86650007963180542,
          0,
          -0.016277909278869629,
          0.99981653690338135,
          -0.010098470374941826,
          0,
          0.86651146411895752,
          0.0090667661279439926,
          -0.49907481670379639,
          0,
          0.1729472428560257,
          0.037235911935567856,
          0.15864789485931396,
          1
        ],
        "cloudIdentifier" : "ua-3f44b21c2b188110aa8a8b24565bcae7",
        "identifier" : "35024BD5-2B27-4184-AC8D-5258C40E0AC9",
        "hasValidTransform" : true
      }
    ],
    [
      {
        "identifier" : "EF966F97-4235-473A-A8FA-1E0AC980D412",
        "transform" : [
          1,
          0,
          0,
          0,
          0,
          1,
          0,
          0,
          0,
          0,
          1,
          0,
          0,
          0,
          0,
          1
        ],
        "hasValidTransform" : false,
        "cloudIdentifier" : ""
      },
      {
        "cloudIdentifier" : "ua-f4e51291db48e051e63423fdb1f9e204",
        "transform" : [
          -0.54389005899429321,
          -0.0019203517585992813,
          -0.83915430307388306,
          0,
          0.0020996262319386005,
          0.99999111890792847,
          -0.0036492699291557074,
          0,
          0.83915382623672485,
          -0.003746712114661932,
          -0.54388123750686646,
          0,
          12.197305679321289,
          -0.23758810758590698,
          -12.114314079284668,
          1
        ],
        "identifier" : "71621622-EEF4-4930-997B-75101CABDDB4",
        "hasValidTransform" : true
      },
      {
        "identifier" : "35024BD5-2B27-4184-AC8D-5258C40E0AC9",
        "hasValidTransform" : true,
        "cloudIdentifier" : "ua-3f44b21c2b188110aa8a8b24565bcae7",
        "transform" : [
          -0.51333749294281006,
          -0.015932261943817139,
          -0.85803890228271484,
          0,
          -0.016683073714375496,
          0.99982398748397827,
          -0.0085840038955211639,
          0,
          0.85802465677261353,
          0.0099082347005605698,
          -0.51351290941238403,
          0,
          0.15899832546710968,
          0.067612744867801666,
          0.19354729354381561,
          1
        ]
      }
    ],
    [
      {
        "identifier" : "EF966F97-4235-473A-A8FA-1E0AC980D412",
        "cloudIdentifier" : "",
        "hasValidTransform" : false,
        "transform" : [
          1,
          0,
          0,
          0,
          0,
          1,
          0,
          0,
          0,
          0,
          1,
          0,
          0,
          0,
          0,
          1
        ]
      },
      {
        "transform" : [
          -0.54389005899429321,
          -0.0019203517585992813,
          -0.83915430307388306,
          0,
          0.0020996262319386005,
          0.99999111890792847,
          -0.0036492699291557074,
          0,
          0.83915382623672485,
          -0.003746712114661932,
          -0.54388123750686646,
          0,
          12.197305679321289,
          -0.23758810758590698,
          -12.114314079284668,
          1
        ],
        "cloudIdentifier" : "ua-f4e51291db48e051e63423fdb1f9e204",
        "identifier" : "71621622-EEF4-4930-997B-75101CABDDB4",
        "hasValidTransform" : true
      },
      {
        "hasValidTransform" : true,
        "cloudIdentifier" : "ua-3f44b21c2b188110aa8a8b24565bcae7",
        "identifier" : "35024BD5-2B27-4184-AC8D-5258C40E0AC9",
        "transform" : [
          -0.51333749294281006,
          -0.015932261943817139,
          -0.85803890228271484,
          0,
          -0.016683073714375496,
          0.99982398748397827,
          -0.0085840038955211639,
          0,
          0.85802465677261353,
          0.0099082347005605698,
          -0.51351290941238403,
          0,
          0.15899832546710968,
          0.067612744867801666,
          0.19354729354381561,
          1
        ]
      }
    ],
    [
      {
        "cloudIdentifier" : "",
        "identifier" : "EF966F97-4235-473A-A8FA-1E0AC980D412",
        "hasValidTransform" : false,
        "transform" : [
          1,
          0,
          0,
          0,
          0,
          1,
          0,
          0,
          0,
          0,
          1,
          0,
          0,
          0,
          0,
          1
        ]
      },
      {
        "transform" : [
          -0.54389005899429321,
          -0.0019203517585992813,
          -0.83915430307388306,
          0,
          0.0020996262319386005,
          0.99999111890792847,
          -0.0036492699291557074,
          0,
          0.83915382623672485,
          -0.003746712114661932,
          -0.54388123750686646,
          0,
          12.197305679321289,
          -0.23758810758590698,
          -12.114314079284668,
          1
        ],
        "hasValidTransform" : true,
        "cloudIdentifier" : "ua-f4e51291db48e051e63423fdb1f9e204",
        "identifier" : "71621622-EEF4-4930-997B-75101CABDDB4"
      },
      {
        "transform" : [
          -0.51333749294281006,
          -0.015932261943817139,
          -0.85803890228271484,
          0,
          -0.016683073714375496,
          0.99982398748397827,
          -0.0085840038955211639,
          0,
          0.85802465677261353,
          0.0099082347005605698,
          -0.51351290941238403,
          0,
          0.15899832546710968,
          0.067612744867801666,
          0.19354729354381561,
          1
        ],
        "hasValidTransform" : true,
        "cloudIdentifier" : "ua-3f44b21c2b188110aa8a8b24565bcae7",
        "identifier" : "35024BD5-2B27-4184-AC8D-5258C40E0AC9"
      }
    ],
    [
      {
        "hasValidTransform" : false,
        "transform" : [
          1,
          0,
          0,
          0,
          0,
          1,
          0,
          0,
          0,
          0,
          1,
          0,
          0,
          0,
          0,
          1
        ],
        "cloudIdentifier" : "",
        "identifier" : "EF966F97-4235-473A-A8FA-1E0AC980D412"
      },
      {
        "transform" : [
          -0.54084044694900513,
          -0.004916926845908165,
          -0.84111082553863525,
          0,
          -0.0054661431349813938,
          0.99998235702514648,
          -0.0023308803793042898,
          0,
          0.84110742807388306,
          0.0033369974698871374,
          -0.54085779190063477,
          0,
          12.24042797088623,
          -0.15313410758972168,
          -12.052548408508301,
          1
        ],
        "hasValidTransform" : true,
        "identifier" : "71621622-EEF4-4930-997B-75101CABDDB4",
        "cloudIdentifier" : "ua-f4e51291db48e051e63423fdb1f9e204"
      },
      {
        "cloudIdentifier" : "ua-3f44b21c2b188110aa8a8b24565bcae7",
        "transform" : [
          -0.51333749294281006,
          -0.015932261943817139,
          -0.85803890228271484,
          0,
          -0.016683073714375496,
          0.99982398748397827,
          -0.0085840038955211639,
          0,
          0.85802465677261353,
          0.0099082347005605698,
          -0.51351290941238403,
          0,
          0.15899832546710968,
          0.067612744867801666,
          0.19354729354381561,
          1
        ],
        "identifier" : "35024BD5-2B27-4184-AC8D-5258C40E0AC9",
        "hasValidTransform" : true
      }
    ],
    [
      {
        "transform" : [
          1,
          0,
          0,
          0,
          0,
          1,
          0,
          0,
          0,
          0,
          1,
          0,
          0,
          0,
          0,
          1
        ],
        "cloudIdentifier" : "",
        "hasValidTransform" : false,
        "identifier" : "EF966F97-4235-473A-A8FA-1E0AC980D412"
      },
      {
        "identifier" : "71621622-EEF4-4930-997B-75101CABDDB4",
        "transform" : [
          -0.54084044694900513,
          -0.004916926845908165,
          -0.84111082553863525,
          0,
          -0.0054661431349813938,
          0.99998235702514648,
          -0.0023308803793042898,
          0,
          0.84110742807388306,
          0.0033369974698871374,
          -0.54085779190063477,
          0,
          12.24042797088623,
          -0.15313410758972168,
          -12.052548408508301,
          1
        ],
        "cloudIdentifier" : "ua-f4e51291db48e051e63423fdb1f9e204",
        "hasValidTransform" : true
      },
      {
        "identifier" : "35024BD5-2B27-4184-AC8D-5258C40E0AC9",
        "hasValidTransform" : true,
        "transform" : [
          -0.51333749294281006,
          -0.015932261943817139,
          -0.85803890228271484,
          0,
          -0.016683073714375496,
          0.99982398748397827,
          -0.0085840038955211639,
          0,
          0.85802465677261353,
          0.0099082347005605698,
          -0.51351290941238403,
          0,
          0.15899832546710968,
          0.067612744867801666,
          0.19354729354381561,
          1
        ],
        "cloudIdentifier" : "ua-3f44b21c2b188110aa8a8b24565bcae7"
      }
    ],
    [
      {
        "identifier" : "EF966F97-4235-473A-A8FA-1E0AC980D412",
        "hasValidTransform" : false,
        "cloudIdentifier" : "",
        "transform" : [
          1,
          0,
          0,
          0,
          0,
          1,
          0,
          0,
          0,
          0,
          1,
          0,
          0,
          0,
          0,
          1
        ]
      },
      {
        "cloudIdentifier" : "ua-f4e51291db48e051e63423fdb1f9e204",
        "hasValidTransform" : true,
        "identifier" : "71621622-EEF4-4930-997B-75101CABDDB4",
        "transform" : [
          -0.54084044694900513,
          -0.004916926845908165,
          -0.84111082553863525,
          0,
          -0.0054661431349813938,
          0.99998235702514648,
          -0.0023308803793042898,
          0,
          0.84110742807388306,
          0.0033369974698871374,
          -0.54085779190063477,
          0,
          12.24042797088623,
          -0.15313410758972168,
          -12.052548408508301,
          1
        ]
      },
      {
        "transform" : [
          -0.51333749294281006,
          -0.015932261943817139,
          -0.85803890228271484,
          0,
          -0.016683073714375496,
          0.99982398748397827,
          -0.0085840038955211639,
          0,
          0.85802465677261353,
          0.0099082347005605698,
          -0.51351290941238403,
          0,
          0.15899832546710968,
          0.067612744867801666,
          0.19354729354381561,
          1
        ],
        "hasValidTransform" : true,
        "cloudIdentifier" : "ua-3f44b21c2b188110aa8a8b24565bcae7",
        "identifier" : "35024BD5-2B27-4184-AC8D-5258C40E0AC9"
      }
    ],
    [
      {
        "identifier" : "EF966F97-4235-473A-A8FA-1E0AC980D412",
        "cloudIdentifier" : "",
        "transform" : [
          1,
          0,
          0,
          0,
          0,
          1,
          0,
          0,
          0,
          0,
          1,
          0,
          0,
          0,
          0,
          1
        ],
        "hasValidTransform" : false
      },
      {
        "cloudIdentifier" : "ua-f4e51291db48e051e63423fdb1f9e204",
        "transform" : [
          -0.53260427713394165,
          -0.0072370348498225212,
          -0.84633344411849976,
          0,
          -0.0097640575841069221,
          0.99994945526123047,
          -0.0024060134310275316,
          0,
          0.84630805253982544,
          0.0069821956567466259,
          -0.53264802694320679,
          0,
          12.20948600769043,
          -0.08754575252532959,
          -11.913586616516113,
          1
        ],
        "identifier" : "71621622-EEF4-4930-997B-75101CABDDB4",
        "hasValidTransform" : true
      },
      {
        "identifier" : "35024BD5-2B27-4184-AC8D-5258C40E0AC9",
        "transform" : [
          -0.51333749294281006,
          -0.015932261943817139,
          -0.85803890228271484,
          0,
          -0.016683073714375496,
          0.99982398748397827,
          -0.0085840038955211639,
          0,
          0.85802465677261353,
          0.0099082347005605698,
          -0.51351290941238403,
          0,
          0.15899832546710968,
          0.067612744867801666,
          0.19354729354381561,
          1
        ],
        "hasValidTransform" : true,
        "cloudIdentifier" : "ua-3f44b21c2b188110aa8a8b24565bcae7"
      }
    ],
    [
      {
        "hasValidTransform" : false,
        "identifier" : "EF966F97-4235-473A-A8FA-1E0AC980D412",
        "transform" : [
          1,
          0,
          0,
          0,
          0,
          1,
          0,
          0,
          0,
          0,
          1,
          0,
          0,
          0,
          0,
          1
        ],
        "cloudIdentifier" : ""
      },
      {
        "cloudIdentifier" : "ua-f4e51291db48e051e63423fdb1f9e204",
        "hasValidTransform" : true,
        "transform" : [
          -0.53260427713394165,
          -0.0072370348498225212,
          -0.84633344411849976,
          0,
          -0.0097640575841069221,
          0.99994945526123047,
          -0.0024060134310275316,
          0,
          0.84630805253982544,
          0.0069821956567466259,
          -0.53264802694320679,
          0,
          12.20948600769043,
          -0.08754575252532959,
          -11.913586616516113,
          1
        ],
        "identifier" : "71621622-EEF4-4930-997B-75101CABDDB4"
      },
      {
        "identifier" : "35024BD5-2B27-4184-AC8D-5258C40E0AC9",
        "hasValidTransform" : true,
        "cloudIdentifier" : "ua-3f44b21c2b188110aa8a8b24565bcae7",
        "transform" : [
          -0.51333749294281006,
          -0.015932261943817139,
          -0.85803890228271484,
          0,
          -0.016683073714375496,
          0.99982398748397827,
          -0.0085840038955211639,
          0,
          0.85802465677261353,
          0.0099082347005605698,
          -0.51351290941238403,
          0,
          0.15899832546710968,
          0.067612744867801666,
          0.19354729354381561,
          1
        ]
      }
    ],
    [
      {
        "transform" : [
          1,
          0,
          0,
          0,
          0,
          1,
          0,
          0,
          0,
          0,
          1,
          0,
          0,
          0,
          0,
          1
        ],
        "hasValidTransform" : false,
        "cloudIdentifier" : "",
        "identifier" : "EF966F97-4235-473A-A8FA-1E0AC980D412"
      },
      {
        "hasValidTransform" : true,
        "cloudIdentifier" : "ua-f4e51291db48e051e63423fdb1f9e204",
        "transform" : [
          -0.53260427713394165,
          -0.0072370348498225212,
          -0.84633344411849976,
          0,
          -0.0097640575841069221,
          0.99994945526123047,
          -0.0024060134310275316,
          0,
          0.84630805253982544,
          0.0069821956567466259,
          -0.53264802694320679,
          0,
          12.20948600769043,
          -0.08754575252532959,
          -11.913586616516113,
          1
        ],
        "identifier" : "71621622-EEF4-4930-997B-75101CABDDB4"
      },
      {
        "hasValidTransform" : true,
        "transform" : [
          -0.51333749294281006,
          -0.015932261943817139,
          -0.85803890228271484,
          0,
          -0.016683073714375496,
          0.99982398748397827,
          -0.0085840038955211639,
          0,
          0.85802465677261353,
          0.0099082347005605698,
          -0.51351290941238403,
          0,
          0.15899832546710968,
          0.067612744867801666,
          0.19354729354381561,
          1
        ],
        "cloudIdentifier" : "ua-3f44b21c2b188110aa8a8b24565bcae7",
        "identifier" : "35024BD5-2B27-4184-AC8D-5258C40E0AC9"
      }
    ],
    [
      {
        "transform" : [
          1,
          0,
          0,
          0,
          0,
          1,
          0,
          0,
          0,
          0,
          1,
          0,
          0,
          0,
          0,
          1
        ],
        "hasValidTransform" : false,
        "identifier" : "EF966F97-4235-473A-A8FA-1E0AC980D412",
        "cloudIdentifier" : ""
      },
      {
        "transform" : [
          -0.53165853023529053,
          -0.0083874911069869995,
          -0.84691727161407471,
          0,
          -0.014510896988213062,
          0.99989438056945801,
          -0.00079318677308037877,
          0,
          0.84683448076248169,
          0.01186782494187355,
          -0.53172409534454346,
          0,
          12.381072998046875,
          -0.038243699818849564,
          -12.020174026489258,
          1
        ],
        "cloudIdentifier" : "ua-f4e51291db48e051e63423fdb1f9e204",
        "identifier" : "71621622-EEF4-4930-997B-75101CABDDB4",
        "hasValidTransform" : true
      },
      {
        "identifier" : "35024BD5-2B27-4184-AC8D-5258C40E0AC9",
        "transform" : [
          -0.51333749294281006,
          -0.015932261943817139,
          -0.85803890228271484,
          0,
          -0.016683073714375496,
          0.99982398748397827,
          -0.0085840038955211639,
          0,
          0.85802465677261353,
          0.0099082347005605698,
          -0.51351290941238403,
          0,
          0.15899832546710968,
          0.067612744867801666,
          0.19354729354381561,
          1
        ],
        "cloudIdentifier" : "ua-3f44b21c2b188110aa8a8b24565bcae7",
        "hasValidTransform" : true
      }
    ],
    [
      {
        "identifier" : "EF966F97-4235-473A-A8FA-1E0AC980D412",
        "cloudIdentifier" : "",
        "transform" : [
          1,
          0,
          0,
          0,
          0,
          1,
          0,
          0,
          0,
          0,
          1,
          0,
          0,
          0,
          0,
          1
        ],
        "hasValidTransform" : false
      },
      {
        "transform" : [
          -0.53165853023529053,
          -0.0083874911069869995,
          -0.84691727161407471,
          0,
          -0.014510896988213062,
          0.99989438056945801,
          -0.00079318677308037877,
          0,
          0.84683448076248169,
          0.01186782494187355,
          -0.53172409534454346,
          0,
          12.381072998046875,
          -0.038243699818849564,
          -12.020174026489258,
          1
        ],
        "cloudIdentifier" : "ua-f4e51291db48e051e63423fdb1f9e204",
        "hasValidTransform" : true,
        "identifier" : "71621622-EEF4-4930-997B-75101CABDDB4"
      },
      {
        "transform" : [
          -0.51333749294281006,
          -0.015932261943817139,
          -0.85803890228271484,
          0,
          -0.016683073714375496,
          0.99982398748397827,
          -0.0085840038955211639,
          0,
          0.85802465677261353,
          0.0099082347005605698,
          -0.51351290941238403,
          0,
          0.15899832546710968,
          0.067612744867801666,
          0.19354729354381561,
          1
        ],
        "identifier" : "35024BD5-2B27-4184-AC8D-5258C40E0AC9",
        "hasValidTransform" : true,
        "cloudIdentifier" : "ua-3f44b21c2b188110aa8a8b24565bcae7"
      }
    ],
    [
      {
        "hasValidTransform" : true,
        "cloudIdentifier" : "ua-666fa0c27f0f9b772a806d856b11a4dd",
        "transform" : [
          0.15121032297611237,
          -0.0060911807231605053,
          -0.98848283290863037,
          0,
          0.010212277993559837,
          0.99993729591369629,
          -0.0045995707623660564,
          0,
          0.9884488582611084,
          -0.0093991588801145554,
          0.1512630432844162,
          0,
          16.718955993652344,
          -0.058743588626384735,
          -13.076630592346191,
          1
        ],
        "identifier" : "EF966F97-4235-473A-A8FA-1E0AC980D412"
      },
      {
        "transform" : [
          -0.53165853023529053,
          -0.0083874911069869995,
          -0.84691727161407471,
          0,
          -0.014510896988213062,
          0.99989438056945801,
          -0.00079318677308037877,
          0,
          0.84683448076248169,
          0.01186782494187355,
          -0.53172409534454346,
          0,
          12.381072998046875,
          -0.038243699818849564,
          -12.020174026489258,
          1
        ],
        "hasValidTransform" : true,
        "cloudIdentifier" : "ua-f4e51291db48e051e63423fdb1f9e204",
        "identifier" : "71621622-EEF4-4930-997B-75101CABDDB4"
      },
      {
        "cloudIdentifier" : "ua-3f44b21c2b188110aa8a8b24565bcae7",
        "identifier" : "35024BD5-2B27-4184-AC8D-5258C40E0AC9",
        "transform" : [
          -0.51333749294281006,
          -0.015932261943817139,
          -0.85803890228271484,
          0,
          -0.016683073714375496,
          0.99982398748397827,
          -0.0085840038955211639,
          0,
          0.85802465677261353,
          0.0099082347005605698,
          -0.51351290941238403,
          0,
          0.15899832546710968,
          0.067612744867801666,
          0.19354729354381561,
          1
        ],
        "hasValidTransform" : true
      }
    ],
    [
      {
        "transform" : [
          0.15121032297611237,
          -0.0060911807231605053,
          -0.98848283290863037,
          0,
          0.010212277993559837,
          0.99993729591369629,
          -0.0045995707623660564,
          0,
          0.9884488582611084,
          -0.0093991588801145554,
          0.1512630432844162,
          0,
          16.718955993652344,
          -0.058743588626384735,
          -13.076630592346191,
          1
        ],
        "identifier" : "EF966F97-4235-473A-A8FA-1E0AC980D412",
        "hasValidTransform" : true,
        "cloudIdentifier" : "ua-666fa0c27f0f9b772a806d856b11a4dd"
      },
      {
        "hasValidTransform" : true,
        "identifier" : "71621622-EEF4-4930-997B-75101CABDDB4",
        "transform" : [
          -0.53313690423965454,
          -0.011681986972689629,
          -0.84594833850860596,
          0,
          -0.016429604962468147,
          0.9998590350151062,
          -0.0034530619159340858,
          0,
          0.84586942195892334,
          0.012057642452418804,
          -0.53325366973876953,
          0,
          12.388376235961914,
          -0.051719143986701965,
          -12.01539134979248,
          1
        ],
        "cloudIdentifier" : "ua-f4e51291db48e051e63423fdb1f9e204"
      },
      {
        "transform" : [
          -0.51333749294281006,
          -0.015932261943817139,
          -0.85803890228271484,
          0,
          -0.016683073714375496,
          0.99982398748397827,
          -0.0085840038955211639,
          0,
          0.85802465677261353,
          0.0099082347005605698,
          -0.51351290941238403,
          0,
          0.15899832546710968,
          0.067612744867801666,
          0.19354729354381561,
          1
        ],
        "cloudIdentifier" : "ua-3f44b21c2b188110aa8a8b24565bcae7",
        "identifier" : "35024BD5-2B27-4184-AC8D-5258C40E0AC9",
        "hasValidTransform" : true
      }
    ],
    [
      {
        "cloudIdentifier" : "ua-666fa0c27f0f9b772a806d856b11a4dd",
        "transform" : [
          0.15121032297611237,
          -0.0060911807231605053,
          -0.98848283290863037,
          0,
          0.010212277993559837,
          0.99993729591369629,
          -0.0045995707623660564,
          0,
          0.9884488582611084,
          -0.0093991588801145554,
          0.1512630432844162,
          0,
          16.718955993652344,
          -0.058743588626384735,
          -13.076630592346191,
          1
        ],
        "hasValidTransform" : true,
        "identifier" : "EF966F97-4235-473A-A8FA-1E0AC980D412"
      },
      {
        "transform" : [
          -0.53313690423965454,
          -0.011681986972689629,
          -0.84594833850860596,
          0,
          -0.016429604962468147,
          0.9998590350151062,
          -0.0034530619159340858,
          0,
          0.84586942195892334,
          0.012057642452418804,
          -0.53325366973876953,
          0,
          12.388376235961914,
          -0.051719143986701965,
          -12.01539134979248,
          1
        ],
        "cloudIdentifier" : "ua-f4e51291db48e051e63423fdb1f9e204",
        "identifier" : "71621622-EEF4-4930-997B-75101CABDDB4",
        "hasValidTransform" : true
      },
      {
        "cloudIdentifier" : "ua-3f44b21c2b188110aa8a8b24565bcae7",
        "transform" : [
          -0.51333749294281006,
          -0.015932261943817139,
          -0.85803890228271484,
          0,
          -0.016683073714375496,
          0.99982398748397827,
          -0.0085840038955211639,
          0,
          0.85802465677261353,
          0.0099082347005605698,
          -0.51351290941238403,
          0,
          0.15899832546710968,
          0.067612744867801666,
          0.19354729354381561,
          1
        ],
        "hasValidTransform" : true,
        "identifier" : "35024BD5-2B27-4184-AC8D-5258C40E0AC9"
      }
    ],
    [
      {
        "cloudIdentifier" : "ua-666fa0c27f0f9b772a806d856b11a4dd",
        "identifier" : "EF966F97-4235-473A-A8FA-1E0AC980D412",
        "hasValidTransform" : true,
        "transform" : [
          0.15121032297611237,
          -0.0060911807231605053,
          -0.98848283290863037,
          0,
          0.010212277993559837,
          0.99993729591369629,
          -0.0045995707623660564,
          0,
          0.9884488582611084,
          -0.0093991588801145554,
          0.1512630432844162,
          0,
          16.718955993652344,
          -0.058743588626384735,
          -13.076630592346191,
          1
        ]
      },
      {
        "hasValidTransform" : true,
        "cloudIdentifier" : "ua-f4e51291db48e051e63423fdb1f9e204",
        "transform" : [
          -0.53313690423965454,
          -0.011681986972689629,
          -0.84594833850860596,
          0,
          -0.016429604962468147,
          0.9998590350151062,
          -0.0034530619159340858,
          0,
          0.84586942195892334,
          0.012057642452418804,
          -0.53325366973876953,
          0,
          12.388376235961914,
          -0.051719143986701965,
          -12.01539134979248,
          1
        ],
        "identifier" : "71621622-EEF4-4930-997B-75101CABDDB4"
      },
      {
        "identifier" : "35024BD5-2B27-4184-AC8D-5258C40E0AC9",
        "cloudIdentifier" : "ua-3f44b21c2b188110aa8a8b24565bcae7",
        "transform" : [
          -0.51333749294281006,
          -0.015932261943817139,
          -0.85803890228271484,
          0,
          -0.016683073714375496,
          0.99982398748397827,
          -0.0085840038955211639,
          0,
          0.85802465677261353,
          0.0099082347005605698,
          -0.51351290941238403,
          0,
          0.15899832546710968,
          0.067612744867801666,
          0.19354729354381561,
          1
        ],
        "hasValidTransform" : true
      }
    ],
    [
      {
        "cloudIdentifier" : "ua-666fa0c27f0f9b772a806d856b11a4dd",
        "transform" : [
          0.15121032297611237,
          -0.0060911807231605053,
          -0.98848283290863037,
          0,
          0.010212277993559837,
          0.99993729591369629,
          -0.0045995707623660564,
          0,
          0.9884488582611084,
          -0.0093991588801145554,
          0.1512630432844162,
          0,
          16.718955993652344,
          -0.058743588626384735,
          -13.076630592346191,
          1
        ],
        "hasValidTransform" : true,
        "identifier" : "EF966F97-4235-473A-A8FA-1E0AC980D412"
      },
      {
        "identifier" : "71621622-EEF4-4930-997B-75101CABDDB4",
        "hasValidTransform" : true,
        "transform" : [
          -0.53895735740661621,
          -0.012390205636620522,
          -0.84224194288253784,
          0,
          -0.015511041507124901,
          0.99986827373504639,
          -0.0047834045253694057,
          0,
          0.84219026565551758,
          0.010485999286174774,
          -0.53907853364944458,
          0,
          12.373404502868652,
          -0.039157364517450333,
          -12.103167533874512,
          1
        ],
        "cloudIdentifier" : "ua-f4e51291db48e051e63423fdb1f9e204"
      },
      {
        "identifier" : "35024BD5-2B27-4184-AC8D-5258C40E0AC9",
        "transform" : [
          -0.51333749294281006,
          -0.015932261943817139,
          -0.85803890228271484,
          0,
          -0.016683073714375496,
          0.99982398748397827,
          -0.0085840038955211639,
          0,
          0.85802465677261353,
          0.0099082347005605698,
          -0.51351290941238403,
          0,
          0.15899832546710968,
          0.067612744867801666,
          0.19354729354381561,
          1
        ],
        "hasValidTransform" : true,
        "cloudIdentifier" : "ua-3f44b21c2b188110aa8a8b24565bcae7"
      }
    ],
    [
      {
        "identifier" : "EF966F97-4235-473A-A8FA-1E0AC980D412",
        "hasValidTransform" : true,
        "transform" : [
          0.15121032297611237,
          -0.0060911807231605053,
          -0.98848283290863037,
          0,
          0.010212277993559837,
          0.99993729591369629,
          -0.0045995707623660564,
          0,
          0.9884488582611084,
          -0.0093991588801145554,
          0.1512630432844162,
          0,
          16.718955993652344,
          -0.058743588626384735,
          -13.076630592346191,
          1
        ],
        "cloudIdentifier" : "ua-666fa0c27f0f9b772a806d856b11a4dd"
      },
      {
        "transform" : [
          -0.53895735740661621,
          -0.012390205636620522,
          -0.84224194288253784,
          0,
          -0.015511041507124901,
          0.99986827373504639,
          -0.0047834045253694057,
          0,
          0.84219026565551758,
          0.010485999286174774,
          -0.53907853364944458,
          0,
          12.373404502868652,
          -0.039157364517450333,
          -12.103167533874512,
          1
        ],
        "hasValidTransform" : true,
        "cloudIdentifier" : "ua-f4e51291db48e051e63423fdb1f9e204",
        "identifier" : "71621622-EEF4-4930-997B-75101CABDDB4"
      },
      {
        "transform" : [
          -0.51333749294281006,
          -0.015932261943817139,
          -0.85803890228271484,
          0,
          -0.016683073714375496,
          0.99982398748397827,
          -0.0085840038955211639,
          0,
          0.85802465677261353,
          0.0099082347005605698,
          -0.51351290941238403,
          0,
          0.15899832546710968,
          0.067612744867801666,
          0.19354729354381561,
          1
        ],
        "hasValidTransform" : true,
        "identifier" : "35024BD5-2B27-4184-AC8D-5258C40E0AC9",
        "cloudIdentifier" : "ua-3f44b21c2b188110aa8a8b24565bcae7"
      }
    ],
    [
      {
        "hasValidTransform" : true,
        "identifier" : "EF966F97-4235-473A-A8FA-1E0AC980D412",
        "transform" : [
          -0.001619032584130764,
          -0.0081143174320459366,
          -0.99996578693389893,
          0,
          0.0046103112399578094,
          0.99995636940002441,
          -0.0081217065453529358,
          0,
          0.99998807907104492,
          -0.0046233027242124081,
          -0.0015815525548532605,
          0,
          28.127035140991211,
          -0.011865111067891121,
          -19.609628677368164,
          1
        ],
        "cloudIdentifier" : "ua-666fa0c27f0f9b772a806d856b11a4dd"
      },
      {
        "identifier" : "71621622-EEF4-4930-997B-75101CABDDB4",
        "hasValidTransform" : true,
        "transform" : [
          -0.53895735740661621,
          -0.012390205636620522,
          -0.84224194288253784,
          0,
          -0.015511041507124901,
          0.99986827373504639,
          -0.0047834045253694057,
          0,
          0.84219026565551758,
          0.010485999286174774,
          -0.53907853364944458,
          0,
          12.373404502868652,
          -0.039157364517450333,
          -12.103167533874512,
          1
        ],
        "cloudIdentifier" : "ua-f4e51291db48e051e63423fdb1f9e204"
      },
      {
        "hasValidTransform" : true,
        "cloudIdentifier" : "ua-3f44b21c2b188110aa8a8b24565bcae7",
        "transform" : [
          -0.51333749294281006,
          -0.015932261943817139,
          -0.85803890228271484,
          0,
          -0.016683073714375496,
          0.99982398748397827,
          -0.0085840038955211639,
          0,
          0.85802465677261353,
          0.0099082347005605698,
          -0.51351290941238403,
          0,
          0.15899832546710968,
          0.067612744867801666,
          0.19354729354381561,
          1
        ],
        "identifier" : "35024BD5-2B27-4184-AC8D-5258C40E0AC9"
      }
    ],
    [
      {
        "identifier" : "EF966F97-4235-473A-A8FA-1E0AC980D412",
        "hasValidTransform" : true,
        "transform" : [
          -0.001619032584130764,
          -0.0081143174320459366,
          -0.99996578693389893,
          0,
          0.0046103112399578094,
          0.99995636940002441,
          -0.0081217065453529358,
          0,
          0.99998807907104492,
          -0.0046233027242124081,
          -0.0015815525548532605,
          0,
          28.127035140991211,
          -0.011865111067891121,
          -19.609628677368164,
          1
        ],
        "cloudIdentifier" : "ua-666fa0c27f0f9b772a806d856b11a4dd"
      },
      {
        "identifier" : "71621622-EEF4-4930-997B-75101CABDDB4",
        "hasValidTransform" : true,
        "transform" : [
          -0.53799557685852051,
          -0.01523649413138628,
          -0.84280991554260254,
          0,
          -0.015793388709425926,
          0.9998432993888855,
          -0.0079938946291804314,
          0,
          0.84279966354370117,
          0.0090101435780525208,
          -0.53815191984176636,
          0,
          12.395429611206055,
          -0.0044841854833066463,
          -12.166078567504883,
          1
        ],
        "cloudIdentifier" : "ua-f4e51291db48e051e63423fdb1f9e204"
      },
      {
        "transform" : [
          -0.51333749294281006,
          -0.015932261943817139,
          -0.85803890228271484,
          0,
          -0.016683073714375496,
          0.99982398748397827,
          -0.0085840038955211639,
          0,
          0.85802465677261353,
          0.0099082347005605698,
          -0.51351290941238403,
          0,
          0.15899832546710968,
          0.067612744867801666,
          0.19354729354381561,
          1
        ],
        "hasValidTransform" : true,
        "cloudIdentifier" : "ua-3f44b21c2b188110aa8a8b24565bcae7",
        "identifier" : "35024BD5-2B27-4184-AC8D-5258C40E0AC9"
      }
    ],
    [
      {
        "hasValidTransform" : true,
        "cloudIdentifier" : "ua-666fa0c27f0f9b772a806d856b11a4dd",
        "identifier" : "EF966F97-4235-473A-A8FA-1E0AC980D412",
        "transform" : [
          -0.001619032584130764,
          -0.0081143174320459366,
          -0.99996578693389893,
          0,
          0.0046103112399578094,
          0.99995636940002441,
          -0.0081217065453529358,
          0,
          0.99998807907104492,
          -0.0046233027242124081,
          -0.0015815525548532605,
          0,
          28.127035140991211,
