{
  "PathType" : "notrated",
  "stateSequence" : [
    "mainScreen(announceArrival=false)",
    "startingResumeProcedure(route=723E7A43-9BF5-4AE8-8199-CB565235E9C5, mapexists=true, navigateStartToEnd=true)",
    "navigatingRoute",
    "endScreen"
  ],
  "stateSequenceTime" : [
    348.62115108966827,
    370.0645090341568,
    378.2866450548172,
    426.62234997749329
  ],
  "PathID" : "108C8801-4272-49AA-BDC7-08D3DACDBEB62023-03-02T16:53:18-05:00-0",
  "userId" : "NcsslHgGt7OcPalBU90raZOBcqP2",
  "ARLoggerDataDir" : "visual_alignment_benchmarking\/ Confident water fountain \/NcsslHgGt7OcPalBU90raZOBcqP2\/94D08ADC-6C3E-4E25-B9F0-B02D67CEF730",
  "garAnchorCameraWorldTransforms" : [
    [
      -0.63939207792282104,
      -0.75147444009780884,
      -0.16267645359039307,
      0,
      0.76625394821166992,
      -0.64025616645812988,
      -0.054098881781101227,
      0,
      -0.06350061297416687,
      -0.1592419445514679,
      0.98519492149353027,
      0,
      -0.37949544191360474,
      -0.17445755004882812,
      -0.0077758394181728363,
      1.0000001192092896
    ],
    [
      -0.52623116970062256,
      -0.78272533416748047,
      -0.33229741454124451,
      0,
      0.71976923942565918,
      -0.61808842420578003,
      0.31606742739677429,
      0,
      -0.45278316736221313,
      -0.072852961719036102,
      0.88863897323608398,
      0,
      -0.25902822613716125,
      -0.17026700079441071,
      0.14313459396362305,
      1
    ],
    [
      -0.57722645998001099,
      -0.74569940567016602,
      -0.33277931809425354,
      0,
      0.75942695140838623,
      -0.64000886678695679,
      0.11687279492616653,
      0,
      -0.30013367533683777,
      -0.18525958061218262,
      0.93573415279388428,
      0,
      -0.29736131429672241,
      -0.16382254660129547,
      0.12903106212615967,
      1.0000002384185791
    ],
    [
      -0.65682691335678101,
      -0.73384296894073486,
      -0.17335750162601471,
      0,
      0.75092929601669312,
      -0.65746003389358521,
      -0.062058378010988235,
      0,
      -0.068434476852416992,
      -0.17094090580940247,
      0.98290151357650757,
      0,
      -0.30856946110725403,
      -0.15200057625770569,
      0.15458697080612183,
      1.0000001192092896
    ],
    [
      -0.66121315956115723,
      -0.73965036869049072,
      -0.12535671889781952,
      0,
      0.74966377019882202,
      -0.65775632858276367,
      -0.073215432465076447,
      0,
      -0.028300320729613304,
      -0.14238645136356354,
      0.98940610885620117,
      0,
      -0.25439360737800598,
      -0.18866027891635895,
      0.14887921512126923,
      1
    ],
    [
      -0.6262977123260498,
      -0.75664716958999634,
      0.18771304190158844,
      0,
      0.69675654172897339,
      -0.65129357576370239,
      -0.30057767033576965,
      0,
      0.34968757629394531,
      -0.057460851967334747,
      0.93510240316390991,
      0,
      -0.24771279096603394,
      -0.19662769138813019,
      -0.36789727210998535,
      1.0000002384185791
    ],
    [
      -0.56985598802566528,
      -0.70804357528686523,
      0.41705909371376038,
      0,
      0.48793762922286987,
      -0.69992268085479736,
      -0.52156007289886475,
      0,
      0.66119641065597534,
      -0.093715354800224304,
      0.74433624744415283,
      0,
      -0.03269645944237709,
      -0.20379854738712311,
      -1.0682203769683838,
      1.0000002384185791
    ],
    [
      -0.46088290214538574,
      -0.74887377023696899,
      0.47620874643325806,
      0,
      0.4360085129737854,
      -0.65844267606735229,
      -0.61347341537475586,
      0,
      0.77297037839889526,
      -0.075108349323272705,
      0.62998020648956299,
      0,
      -0.064959421753883362,
      -0.20316670835018158,
      -2.0578272342681885,
      1.0000001192092896
    ],
    [
      -0.48706901073455811,
      -0.75314551591873169,
      0.44219404458999634,
      0,
      0.47564977407455444,
      -0.65338844060897827,
      -0.58893179893493652,
      0,
      0.73247575759887695,
      -0.076520971953868866,
      0.67647868394851685,
      0,
      -0.15784850716590881,
      -0.2226397693157196,
      -2.9010436534881592,
      1.0000002384185791
    ],
    [
      -0.60554546117782593,
      -0.73649632930755615,
      0.30147591233253479,
      0,
      0.61750274896621704,
      -0.67381423711776733,
      -0.4057888388633728,
      0,
      0.50200074911117554,
      -0.059561412781476974,
      0.86281365156173706,
      0,
      -0.046820767223834991,
      -0.20726336538791656,
      -3.5470943450927734,
      1.0000001192092896
    ],
    [
      -0.7395285964012146,
      -0.65988874435424805,
      0.13283161818981171,
      0,
      0.57603460550308228,
      -0.7225114107131958,
      -0.38231047987937927,
      0,
      0.3482547402381897,
      -0.20621398091316223,
      0.91443651914596558,
      0,
      0.29873043298721313,
      -0.23157025873661041,
      -4.0591731071472168,
      1.0000001192092896
    ],
    [
      -0.6777377724647522,
      -0.72200042009353638,
      0.13923616707324982,
      0,
      0.6652863621711731,
      -0.68275308609008789,
      -0.30206304788589478,
      0,
      0.31315362453460693,
      -0.1120876669883728,
      0.94306451082229614,
      0,
      0.58560776710510254,
      -0.19493797421455383,
      -4.6484260559082031,
      1.0000001192092896
    ],
    [
      -0.66908919811248779,
      -0.71932107210159302,
      -0.18680626153945923,
      0,
      0.73102527856826782,
      -0.68229198455810547,
      0.0089168669655919075,
      0,
      -0.13387046754360199,
      -0.13059397041797638,
      0.98235601186752319,
      0,
      0.97038120031356812,
      -0.1915418803691864,
      -4.6145548820495605,
      1.0000001192092896
    ],
    [
      -0.47754266858100891,
      -0.68808400630950928,
      -0.54634535312652588,
      0,
      0.60347253084182739,
      -0.7088196873664856,
      0.36523312330245972,
      0,
      -0.63857138156890869,
      -0.15529009699821472,
      0.753731369972229,
      0,
      1.381187915802002,
      -0.19405904412269592,
      -4.7464675903320312,
      1.0000002384185791
    ],
    [
      -0.62729763984680176,
      -0.66579890251159668,
      -0.40399169921875,
      0,
      0.67449432611465454,
      -0.72379440069198608,
      0.14552940428256989,
      0,
      -0.38930022716522217,
      -0.18119993805885315,
      0.90311199426651001,
      0,
      1.5809891223907471,
      -0.17593123018741608,
      -4.750117301940918,
      1.0000001192092896
    ],
    [
      -0.73851388692855835,
      -0.67246848344802856,
      0.048819668591022491,
      0,
      0.6298520565032959,
      -0.71392279863357544,
      -0.30594190955162048,
      0,
      0.24058979749679565,
      -0.19519323110580444,
      0.95079749822616577,
      0,
      1.3710944652557373,
      -0.1862853467464447,
      -4.7869939804077148,
      1.0000001192092896
    ],
    [
      -0.68088912963867188,
      -0.68611049652099609,
      0.25620740652084351,
      0,
      0.51506799459457397,
      -0.69729292392730713,
      -0.49848511815071106,
      0,
      0.52066737413406372,
      -0.20744895935058594,
      0.82817268371582031,
      0,
      1.3652853965759277,
      -0.17685724794864655,
      -4.8085665702819824,
      1.0000001192092896
    ],
    [
      -0.6497148871421814,
      -0.64646017551422119,
      0.39994943141937256,
      0,
      0.45456376671791077,
      -0.75209134817123413,
      -0.47721076011657715,
      0,
      0.60929620265960693,
      -0.12824846804141998,
      0.78250229358673096,
      0,
      1.2059082984924316,
      -0.19872371852397919,
      -4.9485950469970703,
      1.0000001192092896
    ],
    [
      -0.6117672324180603,
      -0.67154771089553833,
      0.41804823279380798,
      0,
      0.42124202847480774,
      -0.72388297319412231,
      -0.54639571905136108,
      0,
      0.66954880952835083,
      -0.15816760063171387,
      0.72573190927505493,
      0,
      1.2114579677581787,
      -0.17542512714862823,
      -5.1422629356384277,
      1.0000001192092896
    ],
    [
      -0.50870388746261597,
      -0.72495085000991821,
      0.46439889073371887,
      0,
      0.45014289021492004,
      -0.68376845121383667,
      -0.57430988550186157,
      0,
      0.73388785123825073,
      -0.083107836544513702,
      0.67416709661483765,
      0,
      1.0154473781585693,
      -0.18987812101840973,
      -5.5038743019104004,
      1.0000001192092896
    ],
    [
      -0.4353325366973877,
      -0.73521327972412109,
      0.51956415176391602,
      0,
      0.3961729109287262,
      -0.67468553781509399,
      -0.62277311086654663,
      0,
      0.80841350555419922,
      -0.065276123583316803,
      0.58498406410217285,
      0,
      0.88875865936279297,
      -0.17460310459136963,
      -6.0830850601196289,
      1.0000001192092896
    ],
    [
      -0.59773653745651245,
      -0.6570020318031311,
      0.45941165089607239,
      0,
      0.37251359224319458,
      -0.73504811525344849,
      -0.56651359796524048,
      0,
      0.70989024639129639,
      -0.16748885810375214,
      0.68410730361938477,
      0,
      1.0549116134643555,
      -0.1916058361530304,
      -6.4740533828735352,
      1.0000001192092896
    ],
    [
      -0.57483947277069092,
      -0.75406855344772339,
      0.31771090626716614,
      0,
      0.59733361005783081,
      -0.65207445621490479,
      -0.46689540147781372,
      0,
      0.55924230813980103,
      -0.078610539436340332,
      0.8252684473991394,
      0,
      0.92185276746749878,
      -0.19650277495384216,
      -6.9848480224609375,
      1.0000001192092896
    ],
    [
      -0.72135156393051147,
      -0.69248944520950317,
      0.010495927184820175,
      0,
      0.66123193502426147,
      -0.69314038753509521,
      -0.28692951798439026,
      0,
      0.2059708833694458,
      -0.20003688335418701,
      0.95789390802383423,
      0,
      0.95232188701629639,
      -0.18104682862758636,
      -7.3989262580871582,
      1.0000001192092896
    ],
    [
      -0.32865169644355774,
      -0.82741063833236694,
      0.45538938045501709,
      0,
      0.35693329572677612,
      -0.55522757768630981,
      -0.75121277570724487,
      0,
      0.87440621852874756,
      -0.084343753755092621,
      0.47780686616897583,
      0,
      0.81190478801727295,
      -0.15301766991615295,
      -7.5419740676879883,
      1.0000001192092896
    ],
    [
      0.14779581129550934,
      -0.848899245262146,
      0.50747066736221313,
      0,
      0.71098625659942627,
      -0.2654816210269928,
      -0.65116637945175171,
      0,
      0.68749874830245972,
      0.45704451203346252,
      0.56431859731674194,
      0,
      0.87780338525772095,
      -0.063286662101745605,
      -7.6374907493591309,
      1.0000001192092896
    ],
    [
      0.19357268512248993,
      -0.97857433557510376,
      0.070156708359718323,
      0,
      0.65735232830047607,
      0.076282531023025513,
      -0.74971234798431396,
      0,
      0.72829747200012207,
      0.19124157726764679,
      0.65803426504135132,
      0,
      0.90940284729003906,
      0.11507529020309448,
      -7.8342556953430176,
      1.0000001192092896
    ],
    [
      0.096049949526786804,
      -0.98020613193511963,
      -0.1731194406747818,
      0,
      -0.95622259378433228,
      -0.042564813047647476,
      -0.28952759504318237,
      0,
      0.27642792463302612,
      0.19334989786148071,
      -0.9413834810256958,
      0,
      1.2118713855743408,
      0.39623293280601501,
      -7.5419597625732422,
      1.0000001192092896
    ],
    [
      0.11421587318181992,
      -0.96231818199157715,
      -0.2467760294675827,
      0,
      -0.9847216010093689,
      -0.076797157526016235,
      -0.15628565847873688,
      0,
      0.13144481182098389,
      0.26085609197616577,
      -0.95638686418533325,
      0,
      1.2140380144119263,
      0.37725287675857544,
      -7.4770727157592773,
      1
    ],
    [
      0.18329650163650513,
      -0.96838915348052979,
      -0.16918818652629852,
      0,
      -0.82180553674697876,
      -0.056497160345315933,
      -0.56695961952209473,
      0,
      0.53947901725769043,
      0.242961585521698,
      -0.8061833381652832,
      0,
      1.189091682434082,
      0.37225043773651123,
      -7.483057975769043,
      1.0000001192092896
    ],
    [
      0.22273831069469452,
      -0.96967834234237671,
      -0.10055598616600037,
      0,
      -0.82783275842666626,
      -0.13365800678730011,
      -0.54481935501098633,
      0,
      0.51485943794250488,
      0.20459575951099396,
      -0.83250206708908081,
      0,
      1.2856953144073486,
      0.35933563113212585,
      -7.174161434173584,
      1
    ],
    [
      0.073758304119110107,
      -0.94150322675704956,
      -0.32883337140083313,
      0,
      -0.99636304378509521,
      -0.083675175905227661,
      0.016088321805000305,
      0,
      -0.042662404477596283,
      0.32645085453987122,
      -0.94425070285797119,
      0,
      1.4413661956787109,
      0.30043163895606995,
      -7.0826115608215332,
      1.0000002384185791
    ],
    [
      0.2215997725725174,
      -0.93699884414672852,
      -0.27004906535148621,
      0,
      -0.97011852264404297,
      -0.18377566337585449,
      -0.15841752290725708,
      0,
      0.098808586597442627,
      0.2970849871635437,
      -0.94972455501556396,
      0,
      1.277711033821106,
      0.22287651896476746,
      -6.3942971229553223,
      1
    ],
    [
      0.31303581595420837,
      -0.94221580028533936,
      -0.11932223290205002,
      0,
      -0.62203437089920044,
      -0.10845888406038284,
      -0.77544134855270386,
      0,
      0.71769165992736816,
      0.31696358323097229,
      -0.62004208564758301,
      0,
      1.1297142505645752,
      0.19887296855449677,
      -6.2811050415039062,
      1
    ],
    [
      0.28835275769233704,
      -0.93812328577041626,
      -0.19177410006523132,
      0,
      -0.77474623918533325,
      -0.11088749021291733,
      -0.62247240543365479,
      0,
      0.56269049644470215,
      0.32806798815727234,
      -0.75878214836120605,
      0,
      1.1684050559997559,
      0.19794967770576477,
      -6.2589387893676758,
      1.0000001192092896
    ],
    [
      0.33170396089553833,
      -0.86455881595611572,
      -0.3775056004524231,
      0,
      -0.94168800115585327,
      -0.27946233749389648,
      -0.1874147355556488,
      0,
      0.056532472372055054,
      0.41765886545181274,
      -0.90684336423873901,
      0,
      1.4600918292999268,
      0.062826439738273621,
      -5.637782096862793,
      1.0000002384185791
    ],
    [
      0.28115454316139221,
      -0.94739890098571777,
      -0.15292978286743164,
      0,
      -0.81081736087799072,
      -0.14926661550998688,
      -0.56594574451446533,
      0,
      0.51334899663925171,
      0.28311637043952942,
      -0.81013423204421997,
      0,
      1.1638288497924805,
      0.17631757259368896,
      -5.7497329711914062,
      1.0000002384185791
    ],
    [
      0.22153227031230927,
      -0.92277508974075317,
      -0.3152925968170166,
      0,
      -0.89749747514724731,
      -0.066499918699264526,
      -0.43597662448883057,
      0,
      0.38134145736694336,
      0.37955734133720398,
      -0.84292018413543701,
      0,
      0.6415860652923584,
      0.24837559461593628,
      -5.1409168243408203,
      1.0000001192092896
    ],
    [
      0.32985872030258179,
      -0.94037449359893799,
      -0.08300057053565979,
      0,
      -0.74224066734313965,
      -0.20401822030544281,
      -0.63832199573516846,
      0,
      0.58332806825637817,
      0.27216255664825439,
      -0.76528137922286987,
      0,
      0.26568007469177246,
      0.29908072948455811,
      -4.0664873123168945,
      1.0000002384185791
    ],
    [
      0.29559099674224854,
      -0.95200961828231812,
      -0.079395629465579987,
      0,
      -0.63921600580215454,
      -0.13533690571784973,
      -0.75702482461929321,
      0,
      0.70994973182678223,
      0.27452072501182556,
      -0.6485440731048584,
      0,
      -0.63946717977523804,
      0.30209729075431824,
      -2.9401733875274658,
      1.0000002384185791
    ],
    [
      0.33451136946678162,
      -0.91501981019973755,
      -0.22547881305217743,
      0,
      -0.75402635335922241,
      -0.11635628342628479,
      -0.64645570516586304,
      0,
      0.56528395414352417,
      0.38626387715339661,
      -0.72887146472930908,
      0,
      -1.9563741683959961,
      0.21593594551086426,
      -2.2529897689819336,
      1.0000001192092896
    ],
    [
      0.12346917390823364,
      -0.90866190195083618,
      -0.39885953068733215,
      0,
      -0.96811133623123169,
      -0.022005680948495865,
      -0.24955196678638458,
      0,
      0.21798114478588104,
      0.4169524610042572,
      -0.88240277767181396,
      0,
      -2.8492841720581055,
      0.15579244494438171,
      -1.5319722890853882,
      1.0000002384185791
    ],
    [
      0.36712506413459778,
      -0.92182266712188721,
      0.12434639781713486,
      0,
      -0.21758180856704712,
      -0.21507799625396729,
      -0.95204997062683105,
      0,
      0.9043654203414917,
      0.32246604561805725,
      -0.27953231334686279,
      0,
      -3.368222713470459,
      0.28329163789749146,
      -1.6953892707824707,
      1.0000001192092896
    ],
    [
      0.42019551992416382,
      -0.90685117244720459,
      0.032503608614206314,
      0,
      -0.29716402292251587,
      -0.17136047780513763,
      -0.93932348489761353,
      0,
      0.85739654302597046,
      0.38504078984260559,
      -0.34148842096328735,
      0,
      -3.4565463066101074,
      0.29222521185874939,
      -1.7276982069015503,
      1
    ]
  ],
  "hasMap" : true,
  "routeId" : "723E7A43-9BF5-4AE8-8199-CB565235E9C5",
  "keypointData" : [
    [
      -0.3688596785068512,
      -0.12970077991485596,
      0.02983405627310276,
      2.050055980682373
    ],
    [
      0.7430235743522644,
      -0.17939598858356476,
      -3.0520832538604736,
      2.0443480014801025
    ],
    [
      0.88182705640792847,
      -0.20303790271282196,
      -5.816373348236084,
      2.1457839012145996
    ],
    [
      1.7903541326522827,
      -0.21901296079158783,
      -7.3547039031982422,
      2.128666877746582
    ],
    [
      4.2304863929748535,
      -0.17139649391174316,
      -8.5740880966186523,
      1.985679030418396
    ],
    [
      6.1045722961425781,
      -0.16046136617660522,
      -7.6874380111694336,
      -1.0302698612213135
    ],
    [
      8.6054153442382812,
      -0.21955618262290955,
      0.95764118432998657,
      -0.94364523887634277
    ],
    [
      11.646662712097168,
      -0.17738544940948486,
      9.209071159362793,
      -1.0393812656402588
    ],
    [
      15.563758850097656,
      -0.22807495296001434,
      16.802463531494141,
      -0.80665469169616699
    ],
    [
      22.485754013061523,
      -0.24094504117965698,
      26.703714370727539,
      -0.98294925689697266
    ],
    [
      22.650051116943359,
      -0.24744914472103119,
      27.549041748046875,
      -1.0083391666412354
    ],
    [
      21.6539306640625,
      -0.23077495396137238,
      28.839441299438477,
      -0.89143246412277222
    ],
    [
      21.725154876708984,
      0.068817503750324249,
      29.022554397583008,
      -1.6384264230728149
    ]
  ],
  "trackingErrorPhase" : [
    false,
    false
  ],
  "garAnchors" : [
    [
      {
        "hasValidTransform" : true,
        "cloudIdentifier" : "ua-b1d0bec23d972ceab385a4b4f7fef797",
        "identifier" : "BDFA3FFC-66B2-4AD6-8009-EDEEFEF1256C",
        "transform" : [
          -0.47814437747001648,
          -0.00066225673072040081,
          -0.87828099727630615,
          0,
          -0.008690936490893364,
          0.99995434284210205,
          0.0039774239994585514,
          0,
          0.8782382607460022,
          0.0095348674803972244,
          -0.47812828421592712,
          0,
          -2.4173347949981689,
          -0.026537247002124786,
          -7.7244400978088379,
          1
        ]
      },
      {
        "transform" : [
          0.52377945184707642,
          -0.021148644387722015,
          0.85159134864807129,
          0,
          0.0021760356612503529,
          0.9997217059135437,
          0.023488961160182953,
          0,
          -0.85185110569000244,
          -0.010449943132698536,
          0.52367973327636719,
          0,
          -0.35703146457672119,
          -0.042192768305540085,
          0.54024738073348999,
          1
        ],
        "identifier" : "66522FEC-2E64-4009-B6B7-B1A764078739",
        "hasValidTransform" : true,
        "cloudIdentifier" : "ua-28d55b908c9806eaa1500f7b76d82519"
      },
      {
        "cloudIdentifier" : "",
        "hasValidTransform" : false,
        "transform" : [
          1,
          0,
          0,
          0,
          0,
          1,
          0,
          0,
          0,
          0,
          1,
          0,
          0,
          0,
          0,
          1
        ],
        "identifier" : "B7886919-CBA5-423E-B2F9-6E08EE0BF4FD"
      }
    ],
    [
      {
        "transform" : [
          -0.47814437747001648,
          -0.00066225673072040081,
          -0.87828099727630615,
          0,
          -0.008690936490893364,
          0.99995434284210205,
          0.0039774239994585514,
          0,
          0.8782382607460022,
          0.0095348674803972244,
          -0.47812828421592712,
          0,
          -2.4173347949981689,
          -0.026537247002124786,
          -7.7244400978088379,
          1
        ],
        "hasValidTransform" : true,
        "cloudIdentifier" : "ua-b1d0bec23d972ceab385a4b4f7fef797",
        "identifier" : "BDFA3FFC-66B2-4AD6-8009-EDEEFEF1256C"
      },
      {
        "identifier" : "66522FEC-2E64-4009-B6B7-B1A764078739",
        "transform" : [
          0.52377945184707642,
          -0.021148644387722015,
          0.85159134864807129,
          0,
          0.0021760356612503529,
          0.9997217059135437,
          0.023488961160182953,
          0,
          -0.85185110569000244,
          -0.010449943132698536,
          0.52367973327636719,
          0,
          -0.35703146457672119,
          -0.042192768305540085,
          0.54024738073348999,
          1
        ],
        "hasValidTransform" : true,
        "cloudIdentifier" : "ua-28d55b908c9806eaa1500f7b76d82519"
      },
      {
        "identifier" : "B7886919-CBA5-423E-B2F9-6E08EE0BF4FD",
        "transform" : [
          1,
          0,
          0,
          0,
          0,
          1,
          0,
          0,
          0,
          0,
          1,
          0,
          0,
          0,
          0,
          1
        ],
        "hasValidTransform" : false,
        "cloudIdentifier" : ""
      }
    ],
    [
      {
        "identifier" : "BDFA3FFC-66B2-4AD6-8009-EDEEFEF1256C",
        "transform" : [
          -0.47814437747001648,
          -0.00066225673072040081,
          -0.87828099727630615,
          0,
          -0.008690936490893364,
          0.99995434284210205,
          0.0039774239994585514,
          0,
          0.8782382607460022,
          0.0095348674803972244,
          -0.47812828421592712,
          0,
          -2.4173347949981689,
          -0.026537247002124786,
          -7.7244400978088379,
          1
        ],
        "hasValidTransform" : true,
        "cloudIdentifier" : "ua-b1d0bec23d972ceab385a4b4f7fef797"
      },
      {
        "cloudIdentifier" : "ua-28d55b908c9806eaa1500f7b76d82519",
        "identifier" : "66522FEC-2E64-4009-B6B7-B1A764078739",
        "transform" : [
          0.52377945184707642,
          -0.021148644387722015,
          0.85159134864807129,
          0,
          0.0021760356612503529,
          0.9997217059135437,
          0.023488961160182953,
          0,
          -0.85185110569000244,
          -0.010449943132698536,
          0.52367973327636719,
          0,
          -0.35703146457672119,
          -0.042192768305540085,
          0.54024738073348999,
          1
        ],
        "hasValidTransform" : true
      },
      {
        "cloudIdentifier" : "",
        "transform" : [
          1,
          0,
          0,
          0,
          0,
          1,
          0,
          0,
          0,
          0,
          1,
          0,
          0,
          0,
          0,
          1
        ],
        "hasValidTransform" : false,
        "identifier" : "B7886919-CBA5-423E-B2F9-6E08EE0BF4FD"
      }
    ],
    [
      {
        "cloudIdentifier" : "ua-b1d0bec23d972ceab385a4b4f7fef797",
        "identifier" : "BDFA3FFC-66B2-4AD6-8009-EDEEFEF1256C",
        "transform" : [
          -0.47814437747001648,
          -0.00066225673072040081,
          -0.87828099727630615,
          0,
          -0.008690936490893364,
          0.99995434284210205,
          0.0039774239994585514,
          0,
          0.8782382607460022,
          0.0095348674803972244,
          -0.47812828421592712,
          0,
          -2.4173347949981689,
          -0.026537247002124786,
          -7.7244400978088379,
          1
        ],
        "hasValidTransform" : true
      },
      {
        "cloudIdentifier" : "ua-28d55b908c9806eaa1500f7b76d82519",
        "transform" : [
          0.52377945184707642,
          -0.021148644387722015,
          0.85159134864807129,
          0,
          0.0021760356612503529,
          0.9997217059135437,
          0.023488961160182953,
          0,
          -0.85185110569000244,
          -0.010449943132698536,
          0.52367973327636719,
          0,
          -0.35703146457672119,
          -0.042192768305540085,
          0.54024738073348999,
          1
        ],
        "hasValidTransform" : true,
        "identifier" : "66522FEC-2E64-4009-B6B7-B1A764078739"
      },
      {
        "cloudIdentifier" : "",
        "hasValidTransform" : false,
        "identifier" : "B7886919-CBA5-423E-B2F9-6E08EE0BF4FD",
        "transform" : [
          1,
          0,
          0,
          0,
          0,
          1,
          0,
          0,
          0,
          0,
          1,
          0,
          0,
          0,
          0,
          1
        ]
      }
    ],
    [
      {
        "identifier" : "BDFA3FFC-66B2-4AD6-8009-EDEEFEF1256C",
        "hasValidTransform" : true,
        "transform" : [
          -0.47814437747001648,
          -0.00066225673072040081,
          -0.87828099727630615,
          0,
          -0.008690936490893364,
          0.99995434284210205,
          0.0039774239994585514,
          0,
          0.8782382607460022,
          0.0095348674803972244,
          -0.47812828421592712,
          0,
          -2.4173347949981689,
          -0.026537247002124786,
          -7.7244400978088379,
          1
        ],
        "cloudIdentifier" : "ua-b1d0bec23d972ceab385a4b4f7fef797"
      },
      {
        "identifier" : "66522FEC-2E64-4009-B6B7-B1A764078739",
        "transform" : [
          0.52377945184707642,
          -0.021148644387722015,
          0.85159134864807129,
          0,
          0.0021760356612503529,
          0.9997217059135437,
          0.023488961160182953,
          0,
          -0.85185110569000244,
          -0.010449943132698536,
          0.52367973327636719,
          0,
          -0.35703146457672119,
          -0.042192768305540085,
          0.54024738073348999,
          1
        ],
        "cloudIdentifier" : "ua-28d55b908c9806eaa1500f7b76d82519",
        "hasValidTransform" : true
      },
      {
        "hasValidTransform" : false,
        "transform" : [
          1,
          0,
          0,
          0,
          0,
          1,
          0,
          0,
          0,
          0,
          1,
          0,
          0,
          0,
          0,
          1
        ],
        "identifier" : "B7886919-CBA5-423E-B2F9-6E08EE0BF4FD",
        "cloudIdentifier" : ""
      }
    ],
    [
      {
        "cloudIdentifier" : "ua-b1d0bec23d972ceab385a4b4f7fef797",
        "hasValidTransform" : true,
        "transform" : [
          -0.47814437747001648,
          -0.00066225673072040081,
          -0.87828099727630615,
          0,
          -0.008690936490893364,
          0.99995434284210205,
          0.0039774239994585514,
          0,
          0.8782382607460022,
          0.0095348674803972244,
          -0.47812828421592712,
          0,
          -2.4173347949981689,
          -0.026537247002124786,
          -7.7244400978088379,
          1
        ],
        "identifier" : "BDFA3FFC-66B2-4AD6-8009-EDEEFEF1256C"
      },
      {
        "cloudIdentifier" : "ua-28d55b908c9806eaa1500f7b76d82519",
        "hasValidTransform" : true,
        "transform" : [
          0.52377945184707642,
          -0.021148644387722015,
          0.85159134864807129,
          0,
          0.0021760356612503529,
          0.9997217059135437,
          0.023488961160182953,
          0,
          -0.85185110569000244,
          -0.010449943132698536,
          0.52367973327636719,
          0,
          -0.35703146457672119,
          -0.042192768305540085,
          0.54024738073348999,
          1
        ],
        "identifier" : "66522FEC-2E64-4009-B6B7-B1A764078739"
      },
      {
        "hasValidTransform" : false,
        "cloudIdentifier" : "",
        "transform" : [
          1,
          0,
          0,
          0,
          0,
          1,
          0,
          0,
          0,
          0,
          1,
          0,
          0,
          0,
          0,
          1
        ],
        "identifier" : "B7886919-CBA5-423E-B2F9-6E08EE0BF4FD"
      }
    ],
    [
      {
        "transform" : [
          -0.47814437747001648,
          -0.00066225673072040081,
          -0.87828099727630615,
          0,
          -0.008690936490893364,
          0.99995434284210205,
          0.0039774239994585514,
          0,
          0.8782382607460022,
          0.0095348674803972244,
          -0.47812828421592712,
          0,
          -2.4173347949981689,
          -0.026537247002124786,
          -7.7244400978088379,
          1
        ],
        "cloudIdentifier" : "ua-b1d0bec23d972ceab385a4b4f7fef797",
        "identifier" : "BDFA3FFC-66B2-4AD6-8009-EDEEFEF1256C",
        "hasValidTransform" : true
      },
      {
        "cloudIdentifier" : "ua-28d55b908c9806eaa1500f7b76d82519",
        "hasValidTransform" : true,
        "transform" : [
          0.52377945184707642,
          -0.021148644387722015,
          0.85159134864807129,
          0,
          0.0021760356612503529,
          0.9997217059135437,
          0.023488961160182953,
          0,
          -0.85185110569000244,
          -0.010449943132698536,
          0.52367973327636719,
          0,
          -0.35703146457672119,
          -0.042192768305540085,
          0.54024738073348999,
          1
        ],
        "identifier" : "66522FEC-2E64-4009-B6B7-B1A764078739"
      },
      {
        "transform" : [
          1,
          0,
          0,
          0,
          0,
          1,
          0,
          0,
          0,
          0,
          1,
          0,
          0,
          0,
          0,
          1
        ],
        "hasValidTransform" : false,
        "identifier" : "B7886919-CBA5-423E-B2F9-6E08EE0BF4FD",
        "cloudIdentifier" : ""
      }
    ],
    [
      {
        "cloudIdentifier" : "ua-b1d0bec23d972ceab385a4b4f7fef797",
        "identifier" : "BDFA3FFC-66B2-4AD6-8009-EDEEFEF1256C",
        "transform" : [
          -0.47814437747001648,
          -0.00066225673072040081,
          -0.87828099727630615,
          0,
          -0.008690936490893364,
          0.99995434284210205,
          0.0039774239994585514,
          0,
          0.8782382607460022,
          0.0095348674803972244,
          -0.47812828421592712,
          0,
          -2.4173347949981689,
          -0.026537247002124786,
          -7.7244400978088379,
          1
        ],
        "hasValidTransform" : true
      },
      {
        "cloudIdentifier" : "ua-28d55b908c9806eaa1500f7b76d82519",
        "hasValidTransform" : true,
        "identifier" : "66522FEC-2E64-4009-B6B7-B1A764078739",
        "transform" : [
          0.52377945184707642,
          -0.021148644387722015,
          0.85159134864807129,
          0,
          0.0021760356612503529,
          0.9997217059135437,
          0.023488961160182953,
          0,
          -0.85185110569000244,
          -0.010449943132698536,
          0.52367973327636719,
          0,
          -0.35703146457672119,
          -0.042192768305540085,
          0.54024738073348999,
          1
        ]
      },
      {
        "hasValidTransform" : false,
        "transform" : [
          1,
          0,
          0,
          0,
          0,
          1,
          0,
          0,
          0,
          0,
          1,
          0,
          0,
          0,
          0,
          1
        ],
        "cloudIdentifier" : "",
        "identifier" : "B7886919-CBA5-423E-B2F9-6E08EE0BF4FD"
      }
    ],
    [
      {
        "transform" : [
          -0.47814437747001648,
          -0.00066225673072040081,
          -0.87828099727630615,
          0,
          -0.008690936490893364,
          0.99995434284210205,
          0.0039774239994585514,
          0,
          0.8782382607460022,
          0.0095348674803972244,
          -0.47812828421592712,
          0,
          -2.4173347949981689,
          -0.026537247002124786,
          -7.7244400978088379,
          1
        ],
        "hasValidTransform" : true,
        "cloudIdentifier" : "ua-b1d0bec23d972ceab385a4b4f7fef797",
        "identifier" : "BDFA3FFC-66B2-4AD6-8009-EDEEFEF1256C"
      },
      {
        "hasValidTransform" : true,
        "identifier" : "66522FEC-2E64-4009-B6B7-B1A764078739",
        "cloudIdentifier" : "ua-28d55b908c9806eaa1500f7b76d82519",
        "transform" : [
          0.52377945184707642,
          -0.021148644387722015,
          0.85159134864807129,
          0,
          0.0021760356612503529,
          0.9997217059135437,
          0.023488961160182953,
          0,
          -0.85185110569000244,
          -0.010449943132698536,
          0.52367973327636719,
          0,
          -0.35703146457672119,
          -0.042192768305540085,
          0.54024738073348999,
          1
        ]
      },
      {
        "cloudIdentifier" : "",
        "transform" : [
          1,
          0,
          0,
          0,
          0,
          1,
          0,
          0,
          0,
          0,
          1,
          0,
          0,
          0,
          0,
          1
        ],
        "hasValidTransform" : false,
        "identifier" : "B7886919-CBA5-423E-B2F9-6E08EE0BF4FD"
      }
    ],
    [
      {
        "hasValidTransform" : true,
        "identifier" : "BDFA3FFC-66B2-4AD6-8009-EDEEFEF1256C",
        "transform" : [
          -0.47814437747001648,
          -0.00066225673072040081,
          -0.87828099727630615,
          0,
          -0.008690936490893364,
          0.99995434284210205,
          0.0039774239994585514,
          0,
          0.8782382607460022,
          0.0095348674803972244,
          -0.47812828421592712,
          0,
          -2.4173347949981689,
          -0.026537247002124786,
          -7.7244400978088379,
          1
        ],
        "cloudIdentifier" : "ua-b1d0bec23d972ceab385a4b4f7fef797"
      },
      {
        "hasValidTransform" : true,
        "identifier" : "66522FEC-2E64-4009-B6B7-B1A764078739",
        "transform" : [
          0.52377945184707642,
          -0.021148644387722015,
          0.85159134864807129,
          0,
          0.0021760356612503529,
          0.9997217059135437,
          0.023488961160182953,
          0,
          -0.85185110569000244,
          -0.010449943132698536,
          0.52367973327636719,
          0,
          -0.35703146457672119,
          -0.042192768305540085,
          0.54024738073348999,
          1
        ],
        "cloudIdentifier" : "ua-28d55b908c9806eaa1500f7b76d82519"
      },
      {
        "cloudIdentifier" : "",
        "identifier" : "B7886919-CBA5-423E-B2F9-6E08EE0BF4FD",
        "transform" : [
          1,
          0,
          0,
          0,
          0,
          1,
          0,
          0,
          0,
          0,
          1,
          0,
          0,
          0,
          0,
          1
        ],
        "hasValidTransform" : false
      }
    ],
    [
      {
        "identifier" : "BDFA3FFC-66B2-4AD6-8009-EDEEFEF1256C",
        "hasValidTransform" : true,
        "cloudIdentifier" : "ua-b1d0bec23d972ceab385a4b4f7fef797",
        "transform" : [
          -0.47814437747001648,
          -0.00066225673072040081,
          -0.87828099727630615,
          0,
          -0.008690936490893364,
          0.99995434284210205,
          0.0039774239994585514,
          0,
          0.8782382607460022,
          0.0095348674803972244,
          -0.47812828421592712,
          0,
          -2.4173347949981689,
          -0.026537247002124786,
          -7.7244400978088379,
          1
        ]
      },
      {
        "hasValidTransform" : true,
        "cloudIdentifier" : "ua-28d55b908c9806eaa1500f7b76d82519",
        "identifier" : "66522FEC-2E64-4009-B6B7-B1A764078739",
        "transform" : [
          0.52377945184707642,
          -0.021148644387722015,
          0.85159134864807129,
          0,
          0.0021760356612503529,
          0.9997217059135437,
          0.023488961160182953,
          0,
          -0.85185110569000244,
          -0.010449943132698536,
          0.52367973327636719,
          0,
          -0.35703146457672119,
          -0.042192768305540085,
          0.54024738073348999,
          1
        ]
      },
      {
        "hasValidTransform" : false,
        "identifier" : "B7886919-CBA5-423E-B2F9-6E08EE0BF4FD",
        "cloudIdentifier" : "",
        "transform" : [
          1,
          0,
          0,
          0,
          0,
          1,
          0,
          0,
          0,
          0,
          1,
          0,
          0,
          0,
          0,
          1
        ]
      }
    ],
    [
      {
        "transform" : [
          -0.47814437747001648,
          -0.00066225673072040081,
          -0.87828099727630615,
          0,
          -0.008690936490893364,
          0.99995434284210205,
          0.0039774239994585514,
          0,
          0.8782382607460022,
          0.0095348674803972244,
          -0.47812828421592712,
          0,
          -2.4173347949981689,
          -0.026537247002124786,
          -7.7244400978088379,
          1
        ],
        "cloudIdentifier" : "ua-b1d0bec23d972ceab385a4b4f7fef797",
        "identifier" : "BDFA3FFC-66B2-4AD6-8009-EDEEFEF1256C",
        "hasValidTransform" : true
      },
      {
        "identifier" : "66522FEC-2E64-4009-B6B7-B1A764078739",
        "transform" : [
          0.52377945184707642,
          -0.021148644387722015,
          0.85159134864807129,
          0,
          0.0021760356612503529,
          0.9997217059135437,
          0.023488961160182953,
          0,
          -0.85185110569000244,
          -0.010449943132698536,
          0.52367973327636719,
          0,
          -0.35703146457672119,
          -0.042192768305540085,
          0.54024738073348999,
          1
        ],
        "hasValidTransform" : true,
        "cloudIdentifier" : "ua-28d55b908c9806eaa1500f7b76d82519"
      },
      {
        "hasValidTransform" : false,
        "cloudIdentifier" : "",
        "identifier" : "B7886919-CBA5-423E-B2F9-6E08EE0BF4FD",
        "transform" : [
          1,
          0,
          0,
          0,
          0,
          1,
          0,
