{
  "PathDate" : "2023-03-02T16:26:40-05:00",
  "PathID" : "108C8801-4272-49AA-BDC7-08D3DACDBEB62023-03-02T16:26:40-05:00-0",
  "isVoiceOverOn" : false,
  "settingsHistory" : [
    {
      "relativeTimeStamp" : 0.22762501239776611,
      "localizationThreshold" : 0,
      "soundFeedback" : true,
      "adjustOffset" : false,
      "hapticFeedback" : true,
      "timerLength" : 5,
      "visualizeCloudAnchors" : true,
      "voiceFeedback" : true,
      "defaultUnit" : 0,
      "filterGeoSpatial" : true,
      "defaultColor" : 0,
      "sendLogs" : true,
      "disableARWorldMap" : true
    },
    {
      "timerLength" : 5,
      "voiceFeedback" : true,
      "soundFeedback" : true,
      "hapticFeedback" : true,
      "sendLogs" : true,
      "disableARWorldMap" : true,
      "defaultColor" : 0,
      "filterGeoSpatial" : true,
      "localizationThreshold" : 0,
      "visualizeCloudAnchors" : true,
      "adjustOffset" : false,
      "relativeTimeStamp" : 27.972913980484009,
      "defaultUnit" : 0
    }
  ],
  "ARLoggerDataDir" : "visual_alignment_benchmarking\/StepToBathroom\/NcsslHgGt7OcPalBU90raZOBcqP2\/53987349-6E6A-4C82-BB68-D2459C6E2160",
  "garAnchorTimestamps" : [
    272686.40598345798,
    272687.50657862501,
    272688.607176625,
    272689.72444495797,
    272690.84171495802,
    272691.94230904098,
    272693.09292733303,
    272694.19351625,
    272695.34413079103,
    272696.44471683301,
    272697.56197854102,
    272698.66256725002,
    272699.77982916601,
    272700.91376491601,
    272702.03102237498,
    272703.14828075003,
    272704.26554204099,
    272705.38279675,
    272706.500053583,
    272707.61731208302,
    272708.767917833,
    272709.88517091598,
    272711.05245150003,
    272712.153031833,
    272713.27028416598,
    272714.38753670797,
    272715.50478924997,
    272716.63871658302,
    272717.72261499998,
    272718.90657120798,
    272720.00714379101,
    272721.107727125,
    272722.22496641602
  ],
  "stateSequence" : [
    "mainScreen(announceArrival=false)",
    "startingResumeProcedure(route=BD680F82-B82C-4EB6-93AD-8968979EC3DE, mapexists=true, navigateStartToEnd=true)",
    "navigatingRoute",
    "endScreen"
  ],
  "keypointData" : [
    [
      -8.4296731948852539,
      0.053796146064996719,
      -8.7889852523803711,
      0.29048177599906921
    ],
    [
      -10.090183258056641,
      0.039228551089763641,
      -7.8148140907287598,
      -1.3969225883483887
    ],
    [
      -13.061116218566895,
      0.11909007281064987,
      -3.7068014144897461,
      -1.4274383783340454
    ],
    [
      -14.50927734375,
      0.14250598847866058,
      -2.7125899791717529,
      0.86183208227157593
    ],
    [
      -16.732158660888672,
      0.15423685312271118,
      -2.4367916584014893,
      1.3000903129577637
    ],
    [
      -18.656654357910156,
      0.14246788620948792,
      -3.7479574680328369,
      1.5025256872177124
    ],
    [
      -18.720909118652344,
      0.15741229057312012,
      -5.631807804107666,
      1.6012591123580933
    ],
    [
      -16.278146743774414,
      0.25108534097671509,
      -17.518291473388672,
      1.5600541830062866
    ],
    [
      -16.607578277587891,
      0.30151486396789551,
      -27.424030303955078,
      1.5313827991485596
    ],
    [
      -15.42840576171875,
      0.35025638341903687,
      -28.936708450317383,
      1.7224634885787964
    ]
  ],
  "PathType" : "notrated",
  "stateSequenceTime" : [
    0.22766304016113281,
    27.741267085075378,
    29.665011048316956,
    66.30750298500061
  ],
  "garAnchors" : [
    [
      {
        "identifier" : "C50C8BC7-E4E8-45C3-B0F2-069840179C64",
        "transform" : [
          1,
          0,
          0,
          0,
          0,
          1,
          0,
          0,
          0,
          0,
          1,
          0,
          0,
          0,
          0,
          1
        ],
        "cloudIdentifier" : "",
        "hasValidTransform" : false
      },
      {
        "hasValidTransform" : true,
        "cloudIdentifier" : "ua-292ee443107301ef650adea8154e005b",
        "identifier" : "A9C8C391-93EA-477C-951D-58CFAD7ED09D",
        "transform" : [
          -0.71132302284240723,
          -0.019970091059803963,
          -0.70258152484893799,
          0,
          -0.025178203359246254,
          0.99967873096466064,
          -0.0029232758097350597,
          0,
          0.70241415500640869,
          0.015610346570611,
          -0.7115972638130188,
          0,
          -0.17407062649726868,
          -0.092956013977527618,
          -0.70928311347961426,
          1
        ]
      }
    ],
    [
      {
        "transform" : [
          1,
          0,
          0,
          0,
          0,
          1,
          0,
          0,
          0,
          0,
          1,
          0,
          0,
          0,
          0,
          1
        ],
        "hasValidTransform" : false,
        "cloudIdentifier" : "",
        "identifier" : "C50C8BC7-E4E8-45C3-B0F2-069840179C64"
      },
      {
        "hasValidTransform" : true,
        "transform" : [
          -0.71132302284240723,
          -0.019970091059803963,
          -0.70258152484893799,
          0,
          -0.025178203359246254,
          0.99967873096466064,
          -0.0029232758097350597,
          0,
          0.70241415500640869,
          0.015610346570611,
          -0.7115972638130188,
          0,
          -0.17407062649726868,
          -0.092956013977527618,
          -0.70928311347961426,
          1
        ],
        "identifier" : "A9C8C391-93EA-477C-951D-58CFAD7ED09D",
        "cloudIdentifier" : "ua-292ee443107301ef650adea8154e005b"
      }
    ],
    [
      {
        "cloudIdentifier" : "ua-81f721365185a6c1aa483cb4b7ecb290",
        "hasValidTransform" : true,
        "transform" : [
          0.07726963609457016,
          -0.034015420824289322,
          -0.99642980098724365,
          0,
          -0.0080399513244628906,
          0.99936407804489136,
          -0.034739058464765549,
          0,
          0.99697780609130859,
          0.010695521719753742,
          0.076947018504142761,
          0,
          -4.0004820823669434,
          -0.22297132015228271,
          -10.292485237121582,
          1
        ],
        "identifier" : "C50C8BC7-E4E8-45C3-B0F2-069840179C64"
      },
      {
        "transform" : [
          -0.71132302284240723,
          -0.019970091059803963,
          -0.70258152484893799,
          0,
          -0.025178203359246254,
          0.99967873096466064,
          -0.0029232758097350597,
          0,
          0.70241415500640869,
          0.015610346570611,
          -0.7115972638130188,
          0,
          -0.17407062649726868,
          -0.092956013977527618,
          -0.70928311347961426,
          1
        ],
        "hasValidTransform" : true,
        "identifier" : "A9C8C391-93EA-477C-951D-58CFAD7ED09D",
        "cloudIdentifier" : "ua-292ee443107301ef650adea8154e005b"
      }
    ],
    [
      {
        "identifier" : "C50C8BC7-E4E8-45C3-B0F2-069840179C64",
        "transform" : [
          0.07726963609457016,
          -0.034015420824289322,
          -0.99642980098724365,
          0,
          -0.0080399513244628906,
          0.99936407804489136,
          -0.034739058464765549,
          0,
          0.99697780609130859,
          0.010695521719753742,
          0.076947018504142761,
          0,
          -4.0004820823669434,
          -0.22297132015228271,
          -10.292485237121582,
          1
        ],
        "hasValidTransform" : true,
        "cloudIdentifier" : "ua-81f721365185a6c1aa483cb4b7ecb290"
      },
      {
        "identifier" : "A9C8C391-93EA-477C-951D-58CFAD7ED09D",
        "transform" : [
          -0.71132302284240723,
          -0.019970091059803963,
          -0.70258152484893799,
          0,
          -0.025178203359246254,
          0.99967873096466064,
          -0.0029232758097350597,
          0,
          0.70241415500640869,
          0.015610346570611,
          -0.7115972638130188,
          0,
          -0.17407062649726868,
          -0.092956013977527618,
          -0.70928311347961426,
          1
        ],
        "hasValidTransform" : true,
        "cloudIdentifier" : "ua-292ee443107301ef650adea8154e005b"
      }
    ],
    [
      {
        "transform" : [
          0.07726963609457016,
          -0.034015420824289322,
          -0.99642980098724365,
          0,
          -0.0080399513244628906,
          0.99936407804489136,
          -0.034739058464765549,
          0,
          0.99697780609130859,
          0.010695521719753742,
          0.076947018504142761,
          0,
          -4.0004820823669434,
          -0.22297132015228271,
          -10.292485237121582,
          1
        ],
        "hasValidTransform" : true,
        "identifier" : "C50C8BC7-E4E8-45C3-B0F2-069840179C64",
        "cloudIdentifier" : "ua-81f721365185a6c1aa483cb4b7ecb290"
      },
      {
        "cloudIdentifier" : "ua-292ee443107301ef650adea8154e005b",
        "transform" : [
          -0.71132302284240723,
          -0.019970091059803963,
          -0.70258152484893799,
          0,
          -0.025178203359246254,
          0.99967873096466064,
          -0.0029232758097350597,
          0,
          0.70241415500640869,
          0.015610346570611,
          -0.7115972638130188,
          0,
          -0.17407062649726868,
          -0.092956013977527618,
          -0.70928311347961426,
          1
        ],
        "identifier" : "A9C8C391-93EA-477C-951D-58CFAD7ED09D",
        "hasValidTransform" : true
      }
    ],
    [
      {
        "hasValidTransform" : true,
        "identifier" : "C50C8BC7-E4E8-45C3-B0F2-069840179C64",
        "cloudIdentifier" : "ua-81f721365185a6c1aa483cb4b7ecb290",
        "transform" : [
          0.072209559381008148,
          -0.022321581840515137,
          -0.99713969230651855,
          0,
          -0.0088511165231466293,
          0.99969583749771118,
          -0.02301977202296257,
          0,
          0.99735021591186523,
          0.010488046333193779,
          0.071990028023719788,
          0,
          -4.0325498580932617,
          -0.21479009091854095,
          -10.407974243164062,
          1
        ]
      },
      {
        "identifier" : "A9C8C391-93EA-477C-951D-58CFAD7ED09D",
        "hasValidTransform" : true,
        "cloudIdentifier" : "ua-292ee443107301ef650adea8154e005b",
        "transform" : [
          -0.71132302284240723,
          -0.019970091059803963,
          -0.70258152484893799,
          0,
          -0.025178203359246254,
          0.99967873096466064,
          -0.0029232758097350597,
          0,
          0.70241415500640869,
          0.015610346570611,
          -0.7115972638130188,
          0,
          -0.17407062649726868,
          -0.092956013977527618,
          -0.70928311347961426,
          1
        ]
      }
    ],
    [
      {
        "cloudIdentifier" : "ua-81f721365185a6c1aa483cb4b7ecb290",
        "transform" : [
          0.072209559381008148,
          -0.022321581840515137,
          -0.99713969230651855,
          0,
          -0.0088511165231466293,
          0.99969583749771118,
          -0.02301977202296257,
          0,
          0.99735021591186523,
          0.010488046333193779,
          0.071990028023719788,
          0,
          -4.0325498580932617,
          -0.21479009091854095,
          -10.407974243164062,
          1
        ],
        "hasValidTransform" : true,
        "identifier" : "C50C8BC7-E4E8-45C3-B0F2-069840179C64"
      },
      {
        "transform" : [
          -0.71132302284240723,
          -0.019970091059803963,
          -0.70258152484893799,
          0,
          -0.025178203359246254,
          0.99967873096466064,
          -0.0029232758097350597,
          0,
          0.70241415500640869,
          0.015610346570611,
          -0.7115972638130188,
          0,
          -0.17407062649726868,
          -0.092956013977527618,
          -0.70928311347961426,
          1
        ],
        "hasValidTransform" : true,
        "cloudIdentifier" : "ua-292ee443107301ef650adea8154e005b",
        "identifier" : "A9C8C391-93EA-477C-951D-58CFAD7ED09D"
      }
    ],
    [
      {
        "transform" : [
          0.072209559381008148,
          -0.022321581840515137,
          -0.99713969230651855,
          0,
          -0.0088511165231466293,
          0.99969583749771118,
          -0.02301977202296257,
          0,
          0.99735021591186523,
          0.010488046333193779,
          0.071990028023719788,
          0,
          -4.0325498580932617,
          -0.21479009091854095,
          -10.407974243164062,
          1
        ],
        "hasValidTransform" : true,
        "cloudIdentifier" : "ua-81f721365185a6c1aa483cb4b7ecb290",
        "identifier" : "C50C8BC7-E4E8-45C3-B0F2-069840179C64"
      },
      {
        "identifier" : "A9C8C391-93EA-477C-951D-58CFAD7ED09D",
        "hasValidTransform" : true,
        "cloudIdentifier" : "ua-292ee443107301ef650adea8154e005b",
        "transform" : [
          -0.71132302284240723,
          -0.019970091059803963,
          -0.70258152484893799,
          0,
          -0.025178203359246254,
          0.99967873096466064,
          -0.0029232758097350597,
          0,
          0.70241415500640869,
          0.015610346570611,
          -0.7115972638130188,
          0,
          -0.17407062649726868,
          -0.092956013977527618,
          -0.70928311347961426,
          1
        ]
      }
    ],
    [
      {
        "transform" : [
          0.070359960198402405,
          -0.016208473592996597,
          -0.99738997220993042,
          0,
          -0.0082368934527039528,
          0.99982446432113647,
          -0.016829101368784904,
          0,
          0.99748766422271729,
          0.0093994904309511185,
          0.070214100182056427,
          0,
          -4.0335273742675781,
          -0.15766118466854095,
          -10.415611267089844,
          1
        ],
        "cloudIdentifier" : "ua-81f721365185a6c1aa483cb4b7ecb290",
        "hasValidTransform" : true,
        "identifier" : "C50C8BC7-E4E8-45C3-B0F2-069840179C64"
      },
      {
        "hasValidTransform" : true,
        "cloudIdentifier" : "ua-292ee443107301ef650adea8154e005b",
        "identifier" : "A9C8C391-93EA-477C-951D-58CFAD7ED09D",
        "transform" : [
          -0.71132302284240723,
          -0.019970091059803963,
          -0.70258152484893799,
          0,
          -0.025178203359246254,
          0.99967873096466064,
          -0.0029232758097350597,
          0,
          0.70241415500640869,
          0.015610346570611,
          -0.7115972638130188,
          0,
          -0.17407062649726868,
          -0.092956013977527618,
          -0.70928311347961426,
          1
        ]
      }
    ],
    [
      {
        "cloudIdentifier" : "ua-81f721365185a6c1aa483cb4b7ecb290",
        "identifier" : "C50C8BC7-E4E8-45C3-B0F2-069840179C64",
        "hasValidTransform" : true,
        "transform" : [
          0.070359960198402405,
          -0.016208473592996597,
          -0.99738997220993042,
          0,
          -0.0082368934527039528,
          0.99982446432113647,
          -0.016829101368784904,
          0,
          0.99748766422271729,
          0.0093994904309511185,
          0.070214100182056427,
          0,
          -4.0335273742675781,
          -0.15766118466854095,
          -10.415611267089844,
          1
        ]
      },
      {
        "cloudIdentifier" : "ua-292ee443107301ef650adea8154e005b",
        "transform" : [
          -0.71132302284240723,
          -0.019970091059803963,
          -0.70258152484893799,
          0,
          -0.025178203359246254,
          0.99967873096466064,
          -0.0029232758097350597,
          0,
          0.70241415500640869,
          0.015610346570611,
          -0.7115972638130188,
          0,
          -0.17407062649726868,
          -0.092956013977527618,
          -0.70928311347961426,
          1
        ],
        "hasValidTransform" : true,
        "identifier" : "A9C8C391-93EA-477C-951D-58CFAD7ED09D"
      }
    ],
    [
      {
        "hasValidTransform" : true,
        "identifier" : "C50C8BC7-E4E8-45C3-B0F2-069840179C64",
        "cloudIdentifier" : "ua-81f721365185a6c1aa483cb4b7ecb290",
        "transform" : [
          0.062488600611686707,
          -0.0080693857744336128,
          -0.99801307916641235,
          0,
          -0.0073819877579808235,
          0.99993622303009033,
          -0.0085471440106630325,
          0,
          0.99801838397979736,
          0.0079014189541339874,
          0.062425047159194946,
          0,
          -4.0035881996154785,
          -0.12251777201890945,
          -10.373275756835938,
          1
        ]
      },
      {
        "transform" : [
          -0.71132302284240723,
          -0.019970091059803963,
          -0.70258152484893799,
          0,
          -0.025178203359246254,
          0.99967873096466064,
          -0.0029232758097350597,
          0,
          0.70241415500640869,
          0.015610346570611,
          -0.7115972638130188,
          0,
          -0.17407062649726868,
          -0.092956013977527618,
          -0.70928311347961426,
          1
        ],
        "identifier" : "A9C8C391-93EA-477C-951D-58CFAD7ED09D",
        "hasValidTransform" : true,
        "cloudIdentifier" : "ua-292ee443107301ef650adea8154e005b"
      }
    ],
    [
      {
        "hasValidTransform" : true,
        "transform" : [
          0.062488600611686707,
          -0.0080693857744336128,
          -0.99801307916641235,
          0,
          -0.0073819877579808235,
          0.99993622303009033,
          -0.0085471440106630325,
          0,
          0.99801838397979736,
          0.0079014189541339874,
          0.062425047159194946,
          0,
          -4.0035881996154785,
          -0.12251777201890945,
          -10.373275756835938,
          1
        ],
        "identifier" : "C50C8BC7-E4E8-45C3-B0F2-069840179C64",
        "cloudIdentifier" : "ua-81f721365185a6c1aa483cb4b7ecb290"
      },
      {
        "hasValidTransform" : true,
        "transform" : [
          -0.71132302284240723,
          -0.019970091059803963,
          -0.70258152484893799,
          0,
          -0.025178203359246254,
          0.99967873096466064,
          -0.0029232758097350597,
          0,
          0.70241415500640869,
          0.015610346570611,
          -0.7115972638130188,
          0,
          -0.17407062649726868,
          -0.092956013977527618,
          -0.70928311347961426,
          1
        ],
        "cloudIdentifier" : "ua-292ee443107301ef650adea8154e005b",
        "identifier" : "A9C8C391-93EA-477C-951D-58CFAD7ED09D"
      }
    ],
    [
      {
        "transform" : [
          0.062488600611686707,
          -0.0080693857744336128,
          -0.99801307916641235,
          0,
          -0.0073819877579808235,
          0.99993622303009033,
          -0.0085471440106630325,
          0,
          0.99801838397979736,
          0.0079014189541339874,
          0.062425047159194946,
          0,
          -4.0035881996154785,
          -0.12251777201890945,
          -10.373275756835938,
          1
        ],
        "hasValidTransform" : true,
        "cloudIdentifier" : "ua-81f721365185a6c1aa483cb4b7ecb290",
        "identifier" : "C50C8BC7-E4E8-45C3-B0F2-069840179C64"
      },
      {
        "identifier" : "A9C8C391-93EA-477C-951D-58CFAD7ED09D",
        "transform" : [
          -0.71132302284240723,
          -0.019970091059803963,
          -0.70258152484893799,
          0,
          -0.025178203359246254,
          0.99967873096466064,
          -0.0029232758097350597,
          0,
          0.70241415500640869,
          0.015610346570611,
          -0.7115972638130188,
          0,
          -0.17407062649726868,
          -0.092956013977527618,
          -0.70928311347961426,
          1
        ],
        "cloudIdentifier" : "ua-292ee443107301ef650adea8154e005b",
        "hasValidTransform" : true
      }
    ],
    [
      {
        "hasValidTransform" : true,
        "identifier" : "C50C8BC7-E4E8-45C3-B0F2-069840179C64",
        "cloudIdentifier" : "ua-81f721365185a6c1aa483cb4b7ecb290",
        "transform" : [
          0.056948058307170868,
          -0.008210490457713604,
          -0.99834340810775757,
          0,
          -0.0072681293822824955,
          0.99993628263473511,
          -0.0086381826549768448,
          0,
          0.99835067987442017,
          0.0077480166219174862,
          0.056884754449129105,
          0,
          -3.9933319091796875,
          -0.15244211256504059,
          -10.329533576965332,
          1
        ]
      },
      {
        "hasValidTransform" : true,
        "transform" : [
          -0.71132302284240723,
          -0.019970091059803963,
          -0.70258152484893799,
          0,
          -0.025178203359246254,
          0.99967873096466064,
          -0.0029232758097350597,
          0,
          0.70241415500640869,
          0.015610346570611,
          -0.7115972638130188,
          0,
          -0.17407062649726868,
          -0.092956013977527618,
          -0.70928311347961426,
          1
        ],
        "cloudIdentifier" : "ua-292ee443107301ef650adea8154e005b",
        "identifier" : "A9C8C391-93EA-477C-951D-58CFAD7ED09D"
      }
    ],
    [
      {
        "transform" : [
          0.056948058307170868,
          -0.008210490457713604,
          -0.99834340810775757,
          0,
          -0.0072681293822824955,
          0.99993628263473511,
          -0.0086381826549768448,
          0,
          0.99835067987442017,
          0.0077480166219174862,
          0.056884754449129105,
          0,
          -3.9933319091796875,
          -0.15244211256504059,
          -10.329533576965332,
          1
        ],
        "hasValidTransform" : true,
        "identifier" : "C50C8BC7-E4E8-45C3-B0F2-069840179C64",
        "cloudIdentifier" : "ua-81f721365185a6c1aa483cb4b7ecb290"
      },
      {
        "transform" : [
          -0.71132302284240723,
          -0.019970091059803963,
          -0.70258152484893799,
          0,
          -0.025178203359246254,
          0.99967873096466064,
          -0.0029232758097350597,
          0,
          0.70241415500640869,
          0.015610346570611,
          -0.7115972638130188,
          0,
          -0.17407062649726868,
          -0.092956013977527618,
          -0.70928311347961426,
          1
        ],
        "identifier" : "A9C8C391-93EA-477C-951D-58CFAD7ED09D",
        "cloudIdentifier" : "ua-292ee443107301ef650adea8154e005b",
        "hasValidTransform" : true
      }
    ],
    [
      {
        "cloudIdentifier" : "ua-81f721365185a6c1aa483cb4b7ecb290",
        "transform" : [
          0.056948058307170868,
          -0.008210490457713604,
          -0.99834340810775757,
          0,
          -0.0072681293822824955,
          0.99993628263473511,
          -0.0086381826549768448,
          0,
          0.99835067987442017,
          0.0077480166219174862,
          0.056884754449129105,
          0,
          -3.9933319091796875,
          -0.15244211256504059,
          -10.329533576965332,
          1
        ],
        "hasValidTransform" : true,
        "identifier" : "C50C8BC7-E4E8-45C3-B0F2-069840179C64"
      },
      {
        "transform" : [
          -0.71132302284240723,
          -0.019970091059803963,
          -0.70258152484893799,
          0,
          -0.025178203359246254,
          0.99967873096466064,
          -0.0029232758097350597,
          0,
          0.70241415500640869,
          0.015610346570611,
          -0.7115972638130188,
          0,
          -0.17407062649726868,
          -0.092956013977527618,
          -0.70928311347961426,
          1
        ],
        "cloudIdentifier" : "ua-292ee443107301ef650adea8154e005b",
        "hasValidTransform" : true,
        "identifier" : "A9C8C391-93EA-477C-951D-58CFAD7ED09D"
      }
    ],
    [
      {
        "transform" : [
          0.04971671849489212,
          -0.011299117468297482,
          -0.99869942665100098,
          0,
          -0.0088949371129274368,
          0.99989134073257446,
          -0.011755405925214291,
          0,
          0.99872374534606934,
          0.0094678094610571861,
          0.049610812216997147,
          0,
          -4.1451740264892578,
          -0.16715946793556213,
          -10.254262924194336,
          1
        ],
        "hasValidTransform" : true,
        "identifier" : "C50C8BC7-E4E8-45C3-B0F2-069840179C64",
        "cloudIdentifier" : "ua-81f721365185a6c1aa483cb4b7ecb290"
      },
      {
        "transform" : [
          -0.71132302284240723,
          -0.019970091059803963,
          -0.70258152484893799,
          0,
          -0.025178203359246254,
          0.99967873096466064,
          -0.0029232758097350597,
          0,
          0.70241415500640869,
          0.015610346570611,
          -0.7115972638130188,
          0,
          -0.17407062649726868,
          -0.092956013977527618,
          -0.70928311347961426,
          1
        ],
        "cloudIdentifier" : "ua-292ee443107301ef650adea8154e005b",
        "hasValidTransform" : true,
        "identifier" : "A9C8C391-93EA-477C-951D-58CFAD7ED09D"
      }
    ],
    [
      {
        "transform" : [
          0.04971671849489212,
          -0.011299117468297482,
          -0.99869942665100098,
          0,
          -0.0088949371129274368,
          0.99989134073257446,
          -0.011755405925214291,
          0,
          0.99872374534606934,
          0.0094678094610571861,
          0.049610812216997147,
          0,
          -4.1451740264892578,
          -0.16715946793556213,
          -10.254262924194336,
          1
        ],
        "hasValidTransform" : true,
        "cloudIdentifier" : "ua-81f721365185a6c1aa483cb4b7ecb290",
        "identifier" : "C50C8BC7-E4E8-45C3-B0F2-069840179C64"
      },
      {
        "hasValidTransform" : true,
        "identifier" : "A9C8C391-93EA-477C-951D-58CFAD7ED09D",
        "transform" : [
          -0.71132302284240723,
          -0.019970091059803963,
          -0.70258152484893799,
          0,
          -0.025178203359246254,
          0.99967873096466064,
          -0.0029232758097350597,
          0,
          0.70241415500640869,
          0.015610346570611,
          -0.7115972638130188,
          0,
          -0.17407062649726868,
          -0.092956013977527618,
          -0.70928311347961426,
          1
        ],
        "cloudIdentifier" : "ua-292ee443107301ef650adea8154e005b"
      }
    ],
    [
      {
        "identifier" : "C50C8BC7-E4E8-45C3-B0F2-069840179C64",
        "transform" : [
          0.04971671849489212,
          -0.011299117468297482,
          -0.99869942665100098,
          0,
          -0.0088949371129274368,
          0.99989134073257446,
          -0.011755405925214291,
          0,
          0.99872374534606934,
          0.0094678094610571861,
          0.049610812216997147,
          0,
          -4.1451740264892578,
          -0.16715946793556213,
          -10.254262924194336,
          1
        ],
        "hasValidTransform" : true,
        "cloudIdentifier" : "ua-81f721365185a6c1aa483cb4b7ecb290"
      },
      {
        "identifier" : "A9C8C391-93EA-477C-951D-58CFAD7ED09D",
        "hasValidTransform" : true,
        "cloudIdentifier" : "ua-292ee443107301ef650adea8154e005b",
        "transform" : [
          -0.71132302284240723,
          -0.019970091059803963,
          -0.70258152484893799,
          0,
          -0.025178203359246254,
          0.99967873096466064,
          -0.0029232758097350597,
          0,
          0.70241415500640869,
          0.015610346570611,
          -0.7115972638130188,
          0,
          -0.17407062649726868,
          -0.092956013977527618,
          -0.70928311347961426,
          1
        ]
      }
    ],
    [
      {
        "transform" : [
          0.044117193669080734,
          -0.013264134526252747,
          -0.99893832206726074,
          0,
          -0.0092905433848500252,
          0.9998631477355957,
          -0.013686723075807095,
          0,
          0.99898314476013184,
          0.0098844990134239197,
          0.043987926095724106,
          0,
          -3.885033130645752,
          -0.10592477023601532,
          -10.202449798583984,
          1
        ],
        "hasValidTransform" : true,
        "cloudIdentifier" : "ua-81f721365185a6c1aa483cb4b7ecb290",
        "identifier" : "C50C8BC7-E4E8-45C3-B0F2-069840179C64"
      },
      {
        "cloudIdentifier" : "ua-292ee443107301ef650adea8154e005b",
        "transform" : [
          -0.71132302284240723,
          -0.019970091059803963,
          -0.70258152484893799,
          0,
          -0.025178203359246254,
          0.99967873096466064,
          -0.0029232758097350597,
          0,
          0.70241415500640869,
          0.015610346570611,
          -0.7115972638130188,
          0,
          -0.17407062649726868,
          -0.092956013977527618,
          -0.70928311347961426,
          1
        ],
        "hasValidTransform" : true,
        "identifier" : "A9C8C391-93EA-477C-951D-58CFAD7ED09D"
      }
    ],
    [
      {
        "cloudIdentifier" : "ua-81f721365185a6c1aa483cb4b7ecb290",
        "transform" : [
          0.044117193669080734,
          -0.013264134526252747,
          -0.99893832206726074,
          0,
          -0.0092905433848500252,
          0.9998631477355957,
          -0.013686723075807095,
          0,
          0.99898314476013184,
          0.0098844990134239197,
          0.043987926095724106,
          0,
          -3.885033130645752,
          -0.10592477023601532,
          -10.202449798583984,
          1
        ],
        "identifier" : "C50C8BC7-E4E8-45C3-B0F2-069840179C64",
        "hasValidTransform" : true
      },
      {
        "identifier" : "A9C8C391-93EA-477C-951D-58CFAD7ED09D",
        "cloudIdentifier" : "ua-292ee443107301ef650adea8154e005b",
        "transform" : [
          -0.71132302284240723,
          -0.019970091059803963,
          -0.70258152484893799,
          0,
          -0.025178203359246254,
          0.99967873096466064,
          -0.0029232758097350597,
          0,
          0.70241415500640869,
          0.015610346570611,
          -0.7115972638130188,
          0,
          -0.17407062649726868,
          -0.092956013977527618,
          -0.70928311347961426,
          1
        ],
        "hasValidTransform" : true
      }
    ],
    [
      {
        "transform" : [
          0.044117193669080734,
          -0.013264134526252747,
          -0.99893832206726074,
          0,
          -0.0092905433848500252,
          0.9998631477355957,
          -0.013686723075807095,
          0,
          0.99898314476013184,
          0.0098844990134239197,
          0.043987926095724106,
          0,
          -3.885033130645752,
          -0.10592477023601532,
          -10.202449798583984,
          1
        ],
        "cloudIdentifier" : "ua-81f721365185a6c1aa483cb4b7ecb290",
        "identifier" : "C50C8BC7-E4E8-45C3-B0F2-069840179C64",
        "hasValidTransform" : true
      },
      {
        "cloudIdentifier" : "ua-292ee443107301ef650adea8154e005b",
        "transform" : [
          -0.71132302284240723,
          -0.019970091059803963,
          -0.70258152484893799,
          0,
          -0.025178203359246254,
          0.99967873096466064,
          -0.0029232758097350597,
          0,
          0.70241415500640869,
          0.015610346570611,
          -0.7115972638130188,
          0,
          -0.17407062649726868,
          -0.092956013977527618,
          -0.70928311347961426,
          1
        ],
        "hasValidTransform" : true,
        "identifier" : "A9C8C391-93EA-477C-951D-58CFAD7ED09D"
      }
    ],
    [
      {
        "transform" : [
          0.044117193669080734,
          -0.013264134526252747,
          -0.99893832206726074,
          0,
          -0.0092905433848500252,
          0.9998631477355957,
          -0.013686723075807095,
          0,
          0.99898314476013184,
          0.0098844990134239197,
          0.043987926095724106,
          0,
          -3.885033130645752,
          -0.10592477023601532,
          -10.202449798583984,
          1
        ],
        "hasValidTransform" : true,
        "cloudIdentifier" : "ua-81f721365185a6c1aa483cb4b7ecb290",
        "identifier" : "C50C8BC7-E4E8-45C3-B0F2-069840179C64"
      },
      {
        "identifier" : "A9C8C391-93EA-477C-951D-58CFAD7ED09D",
        "transform" : [
          -0.71132302284240723,
          -0.019970091059803963,
          -0.70258152484893799,
          0,
          -0.025178203359246254,
          0.99967873096466064,
          -0.0029232758097350597,
          0,
          0.70241415500640869,
          0.015610346570611,
          -0.7115972638130188,
          0,
          -0.17407062649726868,
          -0.092956013977527618,
          -0.70928311347961426,
          1
        ],
        "hasValidTransform" : true,
        "cloudIdentifier" : "ua-292ee443107301ef650adea8154e005b"
      }
    ],
    [
      {
        "transform" : [
          0.044117193669080734,
          -0.013264134526252747,
          -0.99893832206726074,
          0,
          -0.0092905433848500252,
          0.9998631477355957,
          -0.013686723075807095,
          0,
          0.99898314476013184,
          0.0098844990134239197,
          0.043987926095724106,
          0,
          -3.885033130645752,
          -0.10592477023601532,
          -10.202449798583984,
          1
        ],
        "cloudIdentifier" : "ua-81f721365185a6c1aa483cb4b7ecb290",
        "hasValidTransform" : true,
        "identifier" : "C50C8BC7-E4E8-45C3-B0F2-069840179C64"
      },
      {
        "hasValidTransform" : true,
        "cloudIdentifier" : "ua-292ee443107301ef650adea8154e005b",
        "transform" : [
          -0.71132302284240723,
          -0.019970091059803963,
          -0.70258152484893799,
          0,
          -0.025178203359246254,
          0.99967873096466064,
          -0.0029232758097350597,
          0,
          0.70241415500640869,
          0.015610346570611,
          -0.7115972638130188,
          0,
          -0.17407062649726868,
          -0.092956013977527618,
          -0.70928311347961426,
          1
        ],
        "identifier" : "A9C8C391-93EA-477C-951D-58CFAD7ED09D"
      }
    ],
    [
      {
        "cloudIdentifier" : "ua-81f721365185a6c1aa483cb4b7ecb290",
        "transform" : [
          0.044117193669080734,
          -0.013264134526252747,
          -0.99893832206726074,
          0,
          -0.0092905433848500252,
          0.9998631477355957,
          -0.013686723075807095,
          0,
          0.99898314476013184,
          0.0098844990134239197,
          0.043987926095724106,
          0,
          -3.885033130645752,
          -0.10592477023601532,
          -10.202449798583984,
          1
        ],
        "hasValidTransform" : true,
        "identifier" : "C50C8BC7-E4E8-45C3-B0F2-069840179C64"
      },
      {
        "hasValidTransform" : true,
        "transform" : [
          -0.71132302284240723,
          -0.019970091059803963,
          -0.70258152484893799,
          0,
          -0.025178203359246254,
          0.99967873096466064,
          -0.0029232758097350597,
          0,
          0.70241415500640869,
          0.015610346570611,
          -0.7115972638130188,
          0,
          -0.17407062649726868,
          -0.092956013977527618,
          -0.70928311347961426,
          1
        ],
        "identifier" : "A9C8C391-93EA-477C-951D-58CFAD7ED09D",
        "cloudIdentifier" : "ua-292ee443107301ef650adea8154e005b"
      }
    ],
    [
      {
        "identifier" : "C50C8BC7-E4E8-45C3-B0F2-069840179C64",
        "cloudIdentifier" : "ua-81f721365185a6c1aa483cb4b7ecb290",
        "hasValidTransform" : true,
        "transform" : [
          0.044117193669080734,
          -0.013264134526252747,
          -0.99893832206726074,
          0,
          -0.0092905433848500252,
          0.9998631477355957,
          -0.013686723075807095,
          0,
          0.99898314476013184,
          0.0098844990134239197,
          0.043987926095724106,
          0,
          -3.885033130645752,
          -0.10592477023601532,
          -10.202449798583984,
          1
        ]
      },
      {
        "transform" : [
          -0.71132302284240723,
          -0.019970091059803963,
          -0.70258152484893799,
          0,
          -0.025178203359246254,
          0.99967873096466064,
          -0.0029232758097350597,
          0,
          0.70241415500640869,
          0.015610346570611,
          -0.7115972638130188,
          0,
          -0.17407062649726868,
          -0.092956013977527618,
          -0.70928311347961426,
          1
        ],
        "cloudIdentifier" : "ua-292ee443107301ef650adea8154e005b",
        "hasValidTransform" : true,
        "identifier" : "A9C8C391-93EA-477C-951D-58CFAD7ED09D"
      }
    ],
    [
      {
        "hasValidTransform" : true,
        "cloudIdentifier" : "ua-81f721365185a6c1aa483cb4b7ecb290",
        "transform" : [
          0.044117193669080734,
          -0.013264134526252747,
          -0.99893832206726074,
          0,
          -0.0092905433848500252,
          0.9998631477355957,
          -0.013686723075807095,
          0,
          0.99898314476013184,
          0.0098844990134239197,
          0.043987926095724106,
          0,
          -3.885033130645752,
          -0.10592477023601532,
          -10.202449798583984,
          1
        ],
        "identifier" : "C50C8BC7-E4E8-45C3-B0F2-069840179C64"
      },
      {
        "transform" : [
          -0.71132302284240723,
          -0.019970091059803963,
          -0.70258152484893799,
          0,
          -0.025178203359246254,
          0.99967873096466064,
          -0.0029232758097350597,
          0,
          0.70241415500640869,
          0.015610346570611,
          -0.7115972638130188,
          0,
          -0.17407062649726868,
          -0.092956013977527618,
          -0.70928311347961426,
          1
        ],
        "cloudIdentifier" : "ua-292ee443107301ef650adea8154e005b",
        "hasValidTransform" : true,
        "identifier" : "A9C8C391-93EA-477C-951D-58CFAD7ED09D"
      }
    ],
    [
      {
        "cloudIdentifier" : "ua-81f721365185a6c1aa483cb4b7ecb290",
        "transform" : [
          0.044117193669080734,
          -0.013264134526252747,
          -0.99893832206726074,
          0,
          -0.0092905433848500252,
          0.9998631477355957,
          -0.013686723075807095,
          0,
          0.99898314476013184,
          0.0098844990134239197,
          0.043987926095724106,
          0,
          -3.885033130645752,
          -0.10592477023601532,
          -10.202449798583984,
          1
        ],
        "identifier" : "C50C8BC7-E4E8-45C3-B0F2-069840179C64",
        "hasValidTransform" : true
      },
      {
        "identifier" : "A9C8C391-93EA-477C-951D-58CFAD7ED09D",
        "hasValidTransform" : true,
        "cloudIdentifier" : "ua-292ee443107301ef650adea8154e005b",
        "transform" : [
          -0.71132302284240723,
          -0.019970091059803963,
          -0.70258152484893799,
          0,
          -0.025178203359246254,
          0.99967873096466064,
          -0.0029232758097350597,
          0,
          0.70241415500640869,
          0.015610346570611,
          -0.7115972638130188,
          0,
          -0.17407062649726868,
          -0.092956013977527618,
          -0.70928311347961426,
          1
        ]
      }
    ],
    [
      {
        "transform" : [
          0.044117193669080734,
          -0.013264134526252747,
