{
  "navigationData" : [
    [
      0.14788287878036499,
      -0.98861539363861084,
      0.027754116803407669,
      0,
      -0.092189639806747437,
      -0.041719887405633926,
      -0.99486702680587769,
      0,
      0.98469871282577515,
      0.144565150141716,
      -0.097309708595275879,
      0,
      23.121593475341797,
      1.4689427614212036,
      -79.010879516601562,
      1.0000001192092896,
      0,
      1
    ],
    [
      0.15323276817798615,
      -0.98583179712295532,
      -0.068228647112846375,
      0,
      -0.62366676330566406,
      -0.042921096086502075,
      -0.78051084280014038,
      0,
      0.76652401685714722,
      0.16215178370475769,
      -0.62140750885009766,
      0,
      23.197336196899414,
      1.4772598743438721,
      -78.765716552734375,
      1,
      0,
      1
    ],
    [
      0.064145840704441071,
      -0.98449218273162842,
      -0.16327962279319763,
      0,
      -0.88055092096328735,
      0.021153829991817474,
      -0.47347894310951233,
      0,
      0.46959030628204346,
      0.17414774000644684,
      -0.86553859710693359,
      0,
      23.326511383056641,
      1.480705738067627,
      -78.650985717773438,
      1,
      0,
      1
    ],
    [
      0.014242592267692089,
      -0.98887908458709717,
      -0.14803747832775116,
      0,
      -0.9184415340423584,
      0.045592952519655228,
      -0.39292016625404358,
      0,
      0.39529997110366821,
      0.14155998826026917,
      -0.9075782299041748,
      0,
      23.380186080932617,
      1.484707236289978,
      -78.642890930175781,
      0.99999988079071045,
      0,
      1
    ],
    [
      0.083397768437862396,
      -0.98832601308822632,
      -0.12750023603439331,
      0,
      -0.72168260812759399,
      0.028328750282526016,
      -0.69164389371871948,
      0,
      0.68718165159225464,
      0.14969629049301147,
      -0.71089524030685425,
      0,
      23.247184753417969,
      1.4852253198623657,
      -78.715103149414062,
      1,
      0,
      1
    ],
    [
      0.136548712849617,
      -0.98702162504196167,
      -0.084513008594512939,
      0,
      -0.24126307666301727,
      0.049608923494815826,
      -0.96919083595275879,
      0,
      0.96080499887466431,
      0.15273165702819824,
      -0.23135782778263092,
      0,
      23.124710083007812,
      1.4736524820327759,
      -78.927398681640625,
      1,
      0,
      1
    ],
    [
      0.20900298655033112,
      -0.97767114639282227,
      -0.02183319628238678,
      0,
      0.10980764776468277,
      0.045647665858268738,
      -0.9929039478302002,
      0,
      0.97173017263412476,
      0.2051224410533905,
      0.11689629405736923,
      0,
      23.09303092956543,
      1.4556149244308472,
      -79.11029052734375,
      1,
      0,
      1
    ],
    [
      0.2124127596616745,
      -0.97677308320999146,
      -0.028198590502142906,
      0,
      -0.0089850733056664467,
      0.02690359391272068,
      -0.99959760904312134,
      0,
      0.97713857889175415,
      0.21258066594600677,
      -0.0030616938602179289,
      0,
      23.061592102050781,
      1.4516639709472656,
      -79.060379028320312,
      1.0000001192092896,
      0,
      1
    ],
    [
      0.18517816066741943,
      -0.97665280103683472,
      -0.10889586061239243,
      0,
      -0.27228242158889771,
      0.055481735616922379,
      -0.96061646938323975,
      0,
      0.94423049688339233,
      0.20753565430641174,
      -0.2556513249874115,
      0,
      23.023262023925781,
      1.444014310836792,
      -78.907623291015625,
      1.0000001192092896,
      0,
      1
    ],
    [
      0.17374904453754425,
      -0.9705231785774231,
      -0.16702115535736084,
      0,
      -0.42573672533035278,
      0.078907467424869537,
      -0.90139997005462646,
      0,
      0.88800865411758423,
      0.22772443294525146,
      -0.39947715401649475,
      0,
      22.937473297119141,
      1.4160822629928589,
      -78.731437683105469,
      1.0000001192092896,
      0,
      1
    ],
    [
      0.23527581989765167,
      -0.96378821134567261,
      -0.12552911043167114,
      0,
      -0.34742462635040283,
      0.037224195897579193,
      -0.93696874380111694,
      0,
      0.90771216154098511,
      0.26405799388885498,
      -0.32608574628829956,
      0,
      22.799623489379883,
      1.4026951789855957,
      -78.658294677734375,
      1,
      0.58499026298522949,
      1
    ],
    [
      0.23815156519412994,
      -0.9644310474395752,
      -0.11470098793506622,
      0,
      -0.27200976014137268,
      0.04714076966047287,
      -0.96113896369934082,
      0,
      0.93235939741134644,
      0.26009657979011536,
      -0.25110799074172974,
      0,
      22.56675910949707,
      1.4021036624908447,
      -78.582237243652344,
      0.99999988079071045,
      0.074601888656616211,
      1
    ],
    [
      0.21917825937271118,
      -0.96905189752578735,
      -0.11357372254133224,
      0,
      -0.25371310114860535,
      0.05579289048910141,
      -0.96566897630691528,
      0,
      0.94212007522583008,
      0.240468829870224,
      -0.23363257944583893,
      0,
      22.380033493041992,
      1.4191187620162964,
      -78.5106201171875,
      1,
      0.033837795257568359,
      1
    ],
    [
      0.18536238372325897,
      -0.9800800085067749,
      -0.071300894021987915,
      0,
      -0.14381924271583557,
      0.044719703495502472,
      -0.98859292268753052,
      0,
      0.97208869457244873,
      0.19350242614746094,
      -0.1326649934053421,
      0,
      22.164175033569336,
      1.4154853820800781,
      -78.437026977539062,
      1,
      0.14344465732574463,
      1
    ],
    [
      0.25216421484947205,
      -0.96748083829879761,
      -0.019844252616167068,
      0,
      0.11942753940820694,
      0.051464688032865524,
      -0.99150800704956055,
      0,
      0.96028631925582886,
      0.24765294790267944,
      0.12852144241333008,
      0,
      21.935470581054688,
      1.4202914237976074,
      -78.432296752929688,
      0.99999988079071045,
      0.158225417137146,
      1
    ],
    [
      0.20501591265201569,
      -0.97813069820404053,
      0.035053733736276627,
      0,
      0.30457842350006104,
      0.029721444472670555,
      -0.95202344655990601,
      0,
      0.93016147613525391,
      0.2058565765619278,
      0.30401089787483215,
      0,
      21.693490982055664,
      1.421198844909668,
      -78.4798583984375,
      1.0000001192092896,
      0.158225417137146,
      1
    ],
    [
      0.23152264952659607,
      -0.96795809268951416,
      0.097232416272163391,
      0,
      0.40482327342033386,
      0.0049777692183852196,
      -0.91438120603561401,
      0,
      0.88459873199462891,
      0.25106194615364075,
      0.39300450682640076,
      0,
      21.437454223632812,
      1.4193668365478516,
      -78.527847290039062,
      0.99999988079071045,
      0.158225417137146,
      1
    ],
    [
      0.23161023855209351,
      -0.96736794710159302,
      0.10274169594049454,
      0,
      0.50559431314468384,
      0.029471693560481071,
      -0.86226767301559448,
      0,
      0.83110219240188599,
      0.25165566802024841,
      0.49592167139053345,
      0,
      21.17237663269043,
      1.4155315160751343,
      -78.579513549804688,
      1,
      0.24950623512268066,
      1
    ],
    [
      0.22257442772388458,
      -0.96835517883300781,
      0.11291000992059708,
      0,
      0.58086365461349487,
      0.038705356419086456,
      -0.81307995319366455,
      0,
      0.78297996520996094,
      0.24655616283416748,
      0.57109719514846802,
      0,
      20.94273567199707,
      1.4250596761703491,
      -78.667083740234375,
      1,
      0.25225985050201416,
      1
    ],
    [
      0.17522145807743073,
      -0.97886127233505249,
      0.10548941045999527,
      0,
      0.56012815237045288,
      0.010998637415468693,
      -0.82833278179168701,
      0,
      0.80966269969940186,
      0.20422929525375366,
      0.55021494626998901,
      0,
      20.695791244506836,
      1.4226194620132446,
      -78.797416687011719,
      1.0000001192092896,
      0.15830349922180176,
      1
    ],
    [
      0.20658485591411591,
      -0.96875768899917603,
      0.13722667098045349,
      0,
      0.60064703226089478,
      0.014852873980998993,
      -0.79937618970870972,
      0,
      0.77236366271972656,
      0.24756382405757904,
      0.58494985103607178,
      0,
      20.429649353027344,
      1.4052189588546753,
      -78.937911987304688,
      1,
      0.14628398418426514,
      1
    ],
    [
      0.19619916379451752,
      -0.9701884388923645,
      0.14226815104484558,
      0,
      0.65573710203170776,
      0.021943721920251846,
      -0.75467020273208618,
      0,
      0.72905045747756958,
      0.24135617911815643,
      0.64049398899078369,
      0,
      20.195539474487305,
      1.4242402315139771,
      -79.076583862304688,
      1.0000001192092896,
      0.14915364980697632,
      1
    ],
    [
      0.17960052192211151,
      -0.97738409042358398,
      0.11164131760597229,
      0,
      0.62157922983169556,
      0.024785952642560005,
      -0.78295880556106567,
      0,
      0.76248443126678467,
      0.21001377701759338,
      0.61197328567504883,
      0,
      19.964155197143555,
      1.4015637636184692,
      -79.264938354492188,
      1,
      0.05171734094619751,
      1
    ],
    [
      0.25809359550476074,
      -0.95865356922149658,
      0.11987802386283875,
      0,
      0.56863194704055786,
      0.050419658422470093,
      -0.8210451602935791,
      0,
      0.78105378150939941,
      0.28007301688194275,
      0.55813413858413696,
      0,
      19.804676055908203,
      1.396458625793457,
      -79.371810913085938,
      0.99999988079071045,
      0.02842414379119873,
      1
    ],
    [
      0.25744938850402832,
      -0.95865905284881592,
      0.12121254205703735,
      0,
      0.51416659355163574,
      0.029699228703975677,
      -0.85717582702636719,
      0,
      0.81813949346542358,
      0.28300288319587708,
      0.5005565881729126,
      0,
      19.663553237915039,
      1.3908957242965698,
      -79.449005126953125,
      1,
      0.052759051322937012,
      1
    ],
    [
      0.21640104055404663,
      -0.97320407629013062,
      0.077744521200656891,
      0,
      0.47426161170005798,
      0.035183142870664597,
      -0.87968051433563232,
      0,
      0.85337340831756592,
      0.22723504900932312,
      0.46916711330413818,
      0,
      19.570621490478516,
      1.3873112201690674,
      -79.497238159179688,
      1,
      0.076358795166015625,
      1
    ],
    [
      0.24593684077262878,
      -0.96735560894012451,
      0.061139613389968872,
      0,
      0.46219602227210999,
      0.061595484614372253,
      -0.8846358060836792,
      0,
      0.85199159383773804,
      0.24582305550575256,
      0.46225652098655701,
      0,
      19.464082717895508,
      1.3695470094680786,
      -79.533477783203125,
      1,
      0.076358795166015625,
      1
    ],
    [
      0.22915478050708771,
      -0.97216218709945679,
      0.048873748630285263,
      0,
      0.56007260084152222,
      0.090619832277297974,
      -0.82347208261489868,
      0,
      0.79611951112747192,
      0.21607543528079987,
      0.56524747610092163,
      0,
      19.312860488891602,
      1.3956922292709351,
      -79.631828308105469,
      0.99999988079071045,
      0.076358795166015625,
      1
    ],
    [
      0.23739051818847656,
      -0.96793276071548462,
      0.08216974139213562,
      0,
      0.71299314498901367,
      0.11616406589746475,
      -0.69148135185241699,
      0,
      0.65976232290267944,
      0.22273761034011841,
      0.71770572662353516,
      0,
      19.192893981933594,
      1.4124552011489868,
      -79.780166625976562,
      1,
      0.034760653972625732,
      1
    ],
    [
      0.22731691598892212,
      -0.96534192562103271,
      0.12822562456130981,
      0,
      0.85587060451507568,
      0.13523079454898834,
      -0.49919742345809937,
      0,
      0.46455618739128113,
      0.2232205718755722,
      0.8569481372833252,
      0,
      19.08622932434082,
      1.4634215831756592,
      -79.917129516601562,
      1.0000001192092896,
      0.034760653972625732,
      1
    ],
    [
      0.14646351337432861,
      -0.97588193416595459,
      0.16187272965908051,
      0,
      0.96832048892974854,
      0.10798127949237823,
      -0.22515605390071869,
      0,
      0.20224656164646149,
      0.18972182273864746,
      0.96078181266784668,
      0,
      18.938844680786133,
      1.460258960723877,
      -80.070236206054688,
      1,
      0.034760653972625732,
      1
    ],
    [
      0.0064641349017620087,
      -0.9761127233505249,
      0.21716810762882233,
      0,
      0.99504655599594116,
      0.027822438627481461,
      0.095436319708824158,
      0,
      -0.099198751151561737,
      0.21547549962997437,
      0.97145748138427734,
      0,
      18.840272903442383,
      1.4642505645751953,
      -80.266311645507812,
      1,
      0.034760653972625732,
      1
    ],
    [
      -0.030985262244939804,
      -0.97985380887985229,
      0.19729702174663544,
      0,
      0.96889495849609375,
      0.019042838364839554,
      0.24673795700073242,
      0,
      -0.24552424252033234,
      0.19880536198616028,
      0.94878548383712769,
      0,
      18.797004699707031,
      1.4463042020797729,
      -80.548873901367188,
      1,
      0.034760653972625732,
      1
    ],
    [
      -0.054175913333892822,
      -0.96540701389312744,
      0.25505688786506653,
      0,
      0.95347386598587036,
      0.025849098339676857,
      0.30036523938179016,
      0,
      -0.29656770825386047,
      0.2594626247882843,
      0.9190899133682251,
      0,
      18.761693954467773,
      1.4548109769821167,
      -80.990676879882812,
      1,
      0.30716457962989807,
      1
    ],
    [
      -0.049255650490522385,
      -0.97842806577682495,
      0.20063002407550812,
      0,
      0.90039503574371338,
      0.043440092355012894,
      0.43289905786514282,
      0,
      -0.43227601051330566,
      0.20196901261806488,
      0.87883210182189941,
      0,
      18.774209976196289,
      1.4391928911209106,
      -81.17913818359375,
      1,
      0.36027160286903381,
      1
    ],
    [
      -0.050995353609323502,
      -0.96936655044555664,
      0.24026593565940857,
      0,
      0.83202636241912842,
      0.091828800737857819,
      0.54708236455917358,
      0,
      -0.55238664150238037,
      0.22780631482601166,
      0.80185580253601074,
      0,
      18.836282730102539,
      1.4549471139907837,
      -81.488143920898438,
      0.99999988079071045,
      0.36027160286903381,
      1
    ],
    [
      -0.065497465431690216,
      -0.97821056842803955,
      0.19701232016086578,
      0,
      0.81333661079406738,
      0.062047187238931656,
      0.57847499847412109,
      0,
      -0.578094482421875,
      0.19812603294849396,
      0.79155063629150391,
      0,
      18.967329025268555,
      1.4440070390701294,
      -81.8134765625,
      1,
      0.23928353190422058,
      1
    ],
    [
      -0.11996650695800781,
      -0.97557777166366577,
      0.18399930000305176,
      0,
      0.8345608115196228,
      0.0012796935625374317,
      0.55091398954391479,
      0,
      -0.53769493103027344,
      0.21964986622333527,
      0.81402552127838135,
      0,
      19.123289108276367,
      1.4585320949554443,
      -82.213760375976562,
      1,
      0.21683663129806519,
      1
    ],
    [
      -0.083305619657039642,
      -0.98199671506881714,
      0.16953615844249725,
      0,
      0.81226903200149536,
      0.031645003706216812,
      0.5824236273765564,
      0,
      -0.57730311155319214,
      0.18622817099094391,
      0.7950093150138855,
      0,
      19.248138427734375,
      1.4585402011871338,
      -82.515396118164062,
      1,
      0.24285706877708435,
      1
    ],
    [
      -0.11048147827386856,
      -0.97525417804718018,
      0.19150227308273315,
      0,
      0.77481549978256226,
      0.036159124225378036,
      0.63115239143371582,
      0,
      -0.62245857715606689,
      0.2181096076965332,
      0.75164711475372314,
      0,
      19.433193206787109,
      1.4396119117736816,
      -82.837753295898438,
      1.0000001192092896,
      0.17116263508796692,
      1
    ],
    [
      -0.13972842693328857,
      -0.96586620807647705,
      0.21812437474727631,
      0,
      0.78892743587493896,
      0.024529272690415382,
      0.61399638652801514,
      0,
      -0.59838885068893433,
      0.25787705183029175,
      0.75857084989547729,
      0,
      19.638481140136719,
      1.44321608543396,
      -83.16033935546875,
      1,
      0.098729074001312256,
      1
    ],
    [
      -0.1199076846241951,
      -0.97139585018157959,
      0.20496879518032074,
      0,
      0.7529829740524292,
      0.045568861067295074,
      0.6564602255821228,
      0,
      -0.6470227837562561,
      0.23305265605449677,
      0.72598046064376831,
      0,
      19.837787628173828,
      1.4250187873840332,
      -83.457595825195312,
      1,
      0.12935501337051392,
      1
    ],
    [
      -0.13817693293094635,
      -0.95880669355392456,
      0.24818666279315948,
      0,
      0.66532772779464722,
      0.095765240490436554,
      0.74038350582122803,
      0,
      -0.73365229368209839,
      0.26742947101593018,
      0.62468826770782471,
      0,
      20.0518798828125,
      1.4318727254867554,
      -83.706924438476562,
      1,
      0.12569230794906616,
      1
    ],
    [
      -0.17126376926898956,
      -0.97348439693450928,
      0.15164701640605927,
      0,
      0.6693418025970459,
      -0.0020211627706885338,
      0.74295181035995483,
      0,
      -0.7229454517364502,
      0.22874441742897034,
      0.65193992853164673,
      0,
      20.299293518066406,
      1.4172236919403076,
      -83.948074340820312,
      1,
      0.023185491561889648,
      1
    ],
    [
      -0.1712200790643692,
      -0.96401417255401611,
      0.20337212085723877,
      0,
      0.74656659364700317,
      0.0077480664476752281,
      0.66526532173156738,
      0,
      -0.64290094375610352,
      0.26573765277862549,
      0.71837419271469116,
      0,
      20.516023635864258,
      1.4298467636108398,
      -84.2476806640625,
      1,
      0.1041489839553833,
      1
    ],
    [
      -0.15911675989627838,
      -0.96765142679214478,
      0.195786252617836,
      0,
      0.73132777214050293,
      0.017692161723971367,
      0.6817963719367981,
      0,
      -0.66320514678955078,
      0.25166922807693481,
      0.70485538244247437,
      0,
      20.776763916015625,
      1.4547638893127441,
      -84.609909057617188,
      1,
      0.18281245231628418,
      1
    ],
    [
      -0.13854151964187622,
      -0.97740834951400757,
      0.15962186455726624,
      0,
      0.71741080284118652,
      0.012065354734659195,
      0.69654583930969238,
      0,
      -0.6827356219291687,
      0.21101497113704681,
      0.69953161478042603,
      0,
      20.984020233154297,
      1.4488171339035034,
      -84.834121704101562,
      1,
      0.12519937753677368,
      1
    ],
    [
      -0.1316104382276535,
      -0.97902655601501465,
      0.15551719069480896,
      0,
      0.75344616174697876,
      0.0031576885376125574,
      0.6575019359588623,
      0,
      -0.64420288801193237,
      0.2037079781293869,
      0.73722821474075317,
      0,
      21.244464874267578,
      1.4534745216369629,
      -85.109062194824219,
      1.0000001192092896,
      -0.0021299123764038086,
      1
    ],
    [
      -0.11767059564590454,
      -0.98232781887054443,
      0.14555245637893677,
      0,
      0.73814833164215088,
      0.011526228860020638,
      0.67453962564468384,
      0,
      -0.66429674625396729,
      0.18681283295154572,
      0.72374749183654785,
      0,
      21.551210403442383,
      1.4256664514541626,
      -85.48919677734375,
      1,
      0.037399709224700928,
      1
    ],
    [
      -0.14140337705612183,
      -0.9752996563911438,
      0.16969224810600281,
      0,
      0.72695422172546387,
      0.014054174534976482,
      0.6865418553352356,
      0,
      -0.67196893692016602,
      0.22043789923191071,
      0.70701092481613159,
      0,
      21.696765899658203,
      1.4447990655899048,
      -85.650863647460938,
      1,
      0.037854611873626709,
      1
    ],
    [
      -0.093215502798557281,
      -0.98918455839157104,
      0.11324659734964371,
      0,
      0.73236900568008423,
      0.0089323250576853752,
      0.68084925413131714,
      0,
      -0.67449706792831421,
      0.14640399813652039,
      0.72361546754837036,
      0,
      21.911657333374023,
      1.4587326049804688,
      -85.912124633789062,
      1.0000001192092896,
      0.036730110645294189,
      1
    ],
    [
      -0.093441054224967957,
      -0.98608565330505371,
      0.13749086856842041,
      0,
      0.74086391925811768,
      0.023388762027025223,
      0.67124766111373901,
      0,
      -0.66512352228164673,
      0.16458411514759064,
      0.72836983203887939,
      0,
      22.112159729003906,
      1.4745770692825317,
      -86.178627014160156,
      1.0000001192092896,
      0.088499307632446289,
      1
    ],
    [
      -0.14884048700332642,
      -0.97626829147338867,
      0.15731047093868256,
      0,
      0.66567039489746094,
      0.018720867112278938,
      0.74601072072982788,
      0,
      -0.73125165700912476,
      0.21575355529785156,
      0.647086501121521,
      0,
      22.300525665283203,
      1.4577977657318115,
      -86.400238037109375,
      1,
      0.12770926952362061,
      1
    ],
    [
      -0.10160683840513229,
      -0.98108065128326416,
      0.1647922694683075,
      0,
      0.72586667537689209,
      0.040163349360227585,
      0.68666154146194458,
      0,
      -0.68028897047042847,
      0.1893867701292038,
      0.70805299282073975,
      0,
      22.439104080200195,
      1.4491386413574219,
      -86.526504516601562,
      0.99999988079071045,
      0.014003515243530273,
      1
    ],
    [
      -0.11385983228683472,
      -0.97984558343887329,
      0.1641291081905365,
      0,
      0.80444884300231934,
      0.0060181240551173687,
      0.59399116039276123,
      0,
      -0.58300739526748657,
      0.19966524839401245,
      0.78755044937133789,
      0,
      22.511960983276367,
      1.455000638961792,
      -86.60528564453125,
      1,
      -0.040928959846496582,
      1
    ],
    [
      -0.23345176875591278,
      -0.95046854019165039,
      0.20520655810832977,
      0,
      0.72907751798629761,
      -0.031461510807275772,
      0.68370753526687622,
      0,
      -0.64338630437850952,
      0.30922424793243408,
      0.70031005144119263,
      0,
      22.60026741027832,
      1.4287751913070679,
      -86.709091186523438,
      1,
      -0.040928959846496582,
      1
    ],
    [
      -0.24393458664417267,
      -0.95216888189315796,
      0.18403847515583038,
      0,
      0.67045050859451294,
      -0.028459751978516579,
      0.74140793085098267,
      0,
      -0.70070785284042358,
      0.30424380302429199,
      0.64532440900802612,
      0,
      22.744840621948242,
      1.405326247215271,
      -86.90521240234375,
      1,
      0.067833006381988525,
      1
    ],
    [
      -0.21100124716758728,
      -0.95802319049835205,
      0.19408726692199707,
      0,
      0.70413029193878174,
      -0.011246096342802048,
      0.70998144149780273,
      0,
      -0.67799597978591919,
      0.28646975755691528,
      0.67694616317749023,
      0,
      22.874505996704102,
      1.4068012237548828,
      -87.112060546875,
      1,
      0.12694066762924194,
      1
    ],
    [
      -0.14576196670532227,
      -0.9667174220085144,
      0.21026328206062317,
      0,
      0.78457796573638916,
      0.016511214897036552,
      0.61980998516082764,
      0,
      -0.60265284776687622,
      0.25531268119812012,
      0.75605851411819458,
      0,
      23.059055328369141,
      1.4214781522750854,
      -87.334075927734375,
      1,
      0.1195036768913269,
      1
    ],
    [
      -0.11268803477287292,
      -0.97192859649658203,
      0.20653364062309265,
      0,
      0.82479357719421387,
      0.024413147941231728,
      0.5649065375328064,
      0,
      -0.55409091711044312,
      0.23400586843490601,
      0.7988893985748291,
      0,
      23.256280899047852,
      1.4707973003387451,
      -87.559989929199219,
      1.0000001192092896,
      -0.022826552391052246,
      1
    ],
    [
      -0.041988186538219452,
      -0.98923754692077637,
      0.14016367495059967,
      0,
      0.83599716424942017,
      0.042036894708871841,
      0.54712098836898804,
      0,
      -0.54712462425231934,
      0.1401490718126297,
      0.82523477077484131,
      0,
      23.438985824584961,
      1.4719363451004028,
      -87.8232421875,
      1,
      -0.038485348224639893,
      1
    ],
    [
      -0.10399692505598068,
      -0.97594201564788818,
      0.19162945449352264,
      0,
      0.80459582805633545,
      0.030704906210303307,
      0.59302836656570435,
      0,
      -0.58464521169662476,
      0.21585738658905029,
      0.78204560279846191,
      0,
      23.647363662719727,
      1.474973201751709,
      -88.076019287109375,
      1.0000001192092896,
      -0.016897797584533691,
      1
    ],
    [
      -0.10718178749084473,
      -0.97589480876922607,
      0.19010825455188751,
      0,
      0.76587587594985962,
      0.040887627750635147,
      0.64168679714202881,
      0,
      -0.63399195671081543,
      0.21437650918960571,
      0.74303197860717773,
      0,
      23.873943328857422,
      1.4468861818313599,
      -88.316123962402344,
      0.99999988079071045,
      -0.082246482372283936,
      1
    ],
    [
      -0.1884215921163559,
      -0.95861518383026123,
      0.21343415975570679,
      0,
      0.72303146123886108,
      0.011670722626149654,
      0.69071638584136963,
      0,
      -0.66462212800979614,
      0.28446552157402039,
      0.6909099817276001,
      0,
      24.117687225341797,
      1.437441349029541,
      -88.630340576171875,
      1,
      0.0051751136779785156,
      1
    ],
    [
      -0.2534768283367157,
      -0.9377208948135376,
      0.23754744231700897,
      0,
      0.69535642862319946,
      -0.0059138410724699497,
      0.71864044666290283,
      0,
      -0.67247939109802246,
      0.34733894467353821,
      0.65354937314987183,
      0,
      24.252006530761719,
      1.4398819208145142,
      -88.820159912109375,
      1,
      0.098334908485412598,
      1
    ],
    [
      -0.21716077625751495,
      -0.94216334819793701,
      0.25528252124786377,
      0,
      0.70301645994186401,
      0.030478456988930702,
      0.71051990985870361,
      0,
      -0.67720645666122437,
      0.3337649405002594,
      0.65573769807815552,
      0,
      24.427745819091797,
      1.4330140352249146,
      -88.99871826171875,
      1,
      0.084849178791046143,
      1
    ],
    [
      -0.053156904876232147,
      -0.98568689823150635,
      0.15998558700084686,
      0,
      0.7769203782081604,
      0.059828534722328186,
      0.62674951553344727,
      0,
      -0.62735050916671753,
      0.157612144947052,
      0.76261997222900391,
      0,
      24.568746566772461,
      1.4127721786499023,
      -89.121124267578125,
      1,
      -0.052613258361816406,
      1
    ],
    [
      -0.22208169102668762,
      -0.96130329370498657,
      0.16301968693733215,
      0,
      0.70785117149353027,
      -0.043975085020065308,
      0.70499104261398315,
      0,
      -0.67054152488708496,
      0.2719593346118927,
      0.69022583961486816,
      0,
      24.666967391967773,
      1.3815053701400757,
      -89.214637756347656,
      0.99999988079071045,
      -0.043868005275726318,
      1
    ],
    [
      -0.2239597886800766,
      -0.95898556709289551,
      0.17374880611896515,
      0,
      0.65006840229034424,
      -0.014165644533932209,
      0.75974357128143311,
      0,
      -0.72612184286117554,
      0.28310063481330872,
      0.62657874822616577,
      0,
      24.759195327758789,
      1.3703701496124268,
      -89.39166259765625,
      1.0000001192092896,
      0.01726233959197998,
      1
    ],
    [
      -0.23535801470279694,
      -0.93269401788711548,
      0.27329179644584656,
      0,
      0.73680275678634644,
      0.012150216847658157,
      0.67599844932556152,
      0,
      -0.6338202953338623,
      0.36046385765075684,
      0.68435192108154297,
      0,
      24.880245208740234,
      1.404149055480957,
      -89.657012939453125,
      1,
      0.33321759104728699,
      1
    ],
    [
      -0.12644931674003601,
      -0.96088004112243652,
      0.24641405045986176,
      0,
      0.82349443435668945,
      0.036811754107475281,
      0.5661284327507019,
      0,
      -0.55305248498916626,
      0.27450719475746155,
      0.78662461042404175,
      0,
      25.014787673950195,
      1.3956241607666016,
      -89.884185791015625,
      1,
      0.32618501782417297,
      1
    ],
    [
      -0.099523082375526428,
      -0.95945441722869873,
      0.2637084424495697,
      0,
      0.87467414140701294,
      0.041994143277406693,
      0.48288846015930176,
      0,
      -0.4743836522102356,
      0.27871754765510559,
      0.83503073453903198,
      0,
      25.21868896484375,
      1.4062659740447998,
      -90.159927368164062,
      1,
      0.32618501782417297,
      1
    ],
    [
      -0.13087733089923859,
      -0.96318954229354858,
      0.23481225967407227,
      0,
      0.84839498996734619,
      0.013728895224630833,
      0.52918535470962524,
      0,
      -0.51292955875396729,
      0.26847195625305176,
      0.8153684139251709,
      0,
      25.452362060546875,
      1.3806533813476562,
      -90.457061767578125,
      1,
      -0.021591603755950928,
      1
    ],
    [
      -0.1643466055393219,
      -0.9537164568901062,
      0.25182312726974487,
      0,
      0.81053280830383301,
      0.014925579540431499,
      0.58550268411636353,
      0,
      -0.56216216087341309,
      0.3003363311290741,
      0.77056550979614258,
      0,
      25.724285125732422,
      1.388275146484375,
      -90.721466064453125,
      1,
      -0.15721374750137329,
      1
    ],
    [
      -0.13845348358154297,
      -0.95338898897171021,
      0.2681039571762085,
      0,
      0.80211740732192993,
      0.050834909081459045,
      0.59499835968017578,
      0,
      -0.58089405298233032,
      0.29743048548698425,
      0.75769174098968506,
      0,
      26.096153259277344,
      1.4169107675552368,
      -91.122047424316406,
      0.99999988079071045,
      -0.17957812547683716,
      1
    ],
    [
      -0.12492610514163971,
      -0.9518129825592041,
      0.28008067607879639,
      0,
      0.73752462863922119,
      0.099739901721477509,
      0.66791397333145142,
      0,
      -0.66366451978683472,
      0.29000633955001831,
      0.68952542543411255,
      0,
      26.263055801391602,
      1.3986066579818726,
      -91.332473754882812,
      1,
      -0.075511515140533447,
      1
    ],
    [
      -0.14298678934574127,
      -0.95430904626846313,
      0.26239091157913208,
      0,
      0.66474360227584839,
      0.10381675511598587,
      0.73982292413711548,
      0,
      -0.73326015472412109,
      0.28020757436752319,
      0.61952632665634155,
      0,
      26.487958908081055,
      1.4121822118759155,
      -91.650344848632812,
      1,
      -0.075511515140533447,
      1
    ],
    [
      -0.034602675586938858,
      -0.97342824935913086,
      0.22636236250400543,
      0,
      0.71765315532684326,
      0.13343103229999542,
      0.68349826335906982,
      0,
      -0.69554024934768677,
      0.18610057234764099,
      0.69396680593490601,
      0,
      26.681547164916992,
      1.3520323038101196,
      -91.989898681640625,
      1,
      -0.075511515140533447,
      1
    ],
    [
      -0.097323872148990631,
      -0.94674652814865112,
      0.30691832304000854,
      0,
      0.80481076240539551,
      0.10655312985181808,
      0.58388853073120117,
      0,
      -0.58549755811691284,
      0.30383750796318054,
      0.75158160924911499,
      0,
      26.936740875244141,
      1.2884397506713867,
      -92.434616088867188,
      1,
      0.25293880701065063,
      1
    ],
    [
      -0.1507202535867691,
      -0.92624092102050781,
      0.34548655152320862,
      0,
      0.81726711988449097,
      0.079880751669406891,
      0.57069528102874756,
      0,
      -0.55619907379150391,
      0.36837020516395569,
      0.74494671821594238,
      0,
      27.161731719970703,
      1.2784866094589233,
      -92.740798950195312,
      1,
      0.25293880701065063,
      1
    ],
    [
      -0.12252731621265411,
      -0.97006869316101074,
      0.20965151488780975,
      0,
      0.80217230319976807,
      0.027585331350564957,
      0.59645497798919678,
      0,
      -0.58438557386398315,
      0.24125868082046509,
      0.77478224039077759,
      0,
      27.444557189941406,
      1.2444283962249756,
      -93.068450927734375,
      1,
      0.25293880701065063,
      1
    ],
    [
      -0.16636718809604645,
      -0.95800703763961792,
      0.23354727029800415,
      0,
      0.75018447637557983,
      0.030746117234230042,
      0.66051328182220459,
      0,
      -0.6399570107460022,
      0.28509128093719482,
      0.71356689929962158,
      0,
      27.750606536865234,
      1.2140883207321167,
      -93.499740600585938,
      1,
      0.026439487934112549,
      1
    ],
    [
      -0.19434367120265961,
      -0.93074387311935425,
      0.3097517192363739,
      0,
      0.75473767518997192,
      0.059823278337717056,
      0.65329307317733765,
      0,
      -0.6265789270401001,
      0.36074474453926086,
      0.69084125757217407,
      0,
      27.928321838378906,
      1.1910734176635742,
      -93.773773193359375,
      1,
      0.084685802459716797,
      1
    ],
    [
      -0.088489457964897156,
      -0.94764506816864014,
      0.3068196177482605,
      0,
      0.77694880962371826,
      0.12708769738674164,
      0.61660265922546387,
      0,
      -0.62331348657608032,
      0.29294604063034058,
      0.72502577304840088,
      0,
      28.195613861083984,
      1.1485885381698608,
      -94.11407470703125,
      1,
      0.09749901294708252,
      1
    ],
    [
      -0.18035516142845154,
      -0.91144955158233643,
      0.36977249383926392,
      0,
      0.80376166105270386,
      0.080124929547309875,
      0.58953112363815308,
      0,
      -0.56695586442947388,
      0.40353399515151978,
      0.71813726425170898,
      0,
      28.397821426391602,
      1.1349579095840454,
      -94.38824462890625,
      1.0000001192092896,
      0.073969602584838867,
      1
    ],
    [
      -0.31537538766860962,
      -0.85749632120132446,
      0.40649512410163879,
      0,
      0.71120738983154297,
      0.070018425583839417,
      0.69948649406433105,
      0,
      -0.62826919555664062,
      0.50970321893692017,
      0.5877755880355835,
      0,
      28.660501480102539,
      1.1044884920120239,
      -94.706985473632812,
      1.0000001192092896,
      0.096006929874420166,
      1
    ],
    [
      -0.24198015034198761,
      -0.90436059236526489,
      0.3515356183052063,
      0,
      0.68436062335968018,
      0.097753338515758514,
      0.72256112098693848,
      0,
      -0.68781960010528564,
      0.41542261838912964,
      0.59525454044342041,
      0,
      28.91241455078125,
      1.1134852170944214,
      -95.0052490234375,
      1,
      0.11176925897598267,
      1
    ],
    [
      -0.24056141078472137,
      -0.88698279857635498,
      0.39419758319854736,
      0,
      0.76940786838531494,
      0.07332967221736908,
      0.63453459739685059,
      0,
      -0.591727614402771,
      0.45594328641891479,
      0.66481125354766846,
      0,
      29.113452911376953,
      1.1332682371139526,
      -95.326499938964844,
      1.0000001192092896,
      0.11498403549194336,
      1
    ],
    [
      -0.27478009462356567,
      -0.88872992992401123,
      0.36695364117622375,
      0,
      0.75022786855697632,
      0.040527712553739548,
      0.65993589162826538,
      0,
      -0.60137659311294556,
      0.45663613080978394,
      0.65561372041702271,
      0,
      29.300472259521484,
      1.1199201345443726,
      -95.668045043945312,
      1,
      0.26381558179855347,
      1
    ],
    [
      -0.2131897509098053,
      -0.94819897413253784,
      0.23551799356937408,
      0,
      0.7228124737739563,
      0.0091151557862758636,
      0.69098407030105591,
      0,
      -0.65733718872070312,
      0.31754609942436218,
      0.68342673778533936,
      0,
      29.607070922851562,
      1.103143572807312,
      -96.075263977050781,
      1.0000001192092896,
      0.18908596038818359,
      1
    ],
    [
      -0.14420406520366669,
      -0.97025424242019653,
      0.1944521963596344,
      0,
      0.74918586015701294,
      0.021329291164875031,
      0.66201609373092651,
      0,
      -0.64647156000137329,
      0.24114631116390228,
      0.72382503747940063,
      0,
      29.771381378173828,
      1.1114836931228638,
      -96.307083129882812,
      1,
      0.11765909194946289,
      1
    ],
    [
      -0.074041210114955902,
      -0.9897308349609375,
      0.12227296829223633,
      0,
      0.73373883962631226,
      0.02897113561630249,
      0.67881345748901367,
      0,
      -0.6753849983215332,
      0.13997660577297211,
      0.72405886650085449,
      0,
      29.947887420654297,
      1.0816879272460938,
      -96.590927124023438,
      1,
      0.1756860613822937,
      1
    ],
    [
      -0.094976663589477539,
      -0.96955841779708862,
      0.22568948566913605,
      0,
      0.66353392601013184,
      0.10734910517930984,
      0.74040430784225464,
      0,
      -0.74209272861480713,
      0.22007380425930023,
      0.63313931226730347,
      0,
      30.152700424194336,
      1.0403152704238892,
      -96.889625549316406,
      0.99999988079071045,
      0.21246427297592163,
      1
    ],
    [
      -0.12746581435203552,
      -0.97632229328155518,
      0.17477689683437347,
      0,
      0.67364966869354248,
      0.044115860015153885,
      0.73773258924484253,
      0,
      -0.72797530889511108,
      0.21177414059638977,
      0.65207606554031372,
      0,
      30.454023361206055,
      0.95943963527679443,
      -97.278045654296875,
      0.99999988079071045,
      0.16380369663238525,
      1
    ],
    [
      -0.1605813056230545,
      -0.95578098297119141,
      0.24636560678482056,
      0,
      0.69664585590362549,
      0.067069754004478455,
      0.71427297592163086,
      0,
      -0.69921231269836426,
      0.28632849454879761,
      0.65507078170776367,
      0,
      30.677570343017578,
      0.93020182847976685,
      -97.619438171386719,
      0.99999988079071045,
      0.20875585079193115,
      1
    ],
    [
      -0.25479310750961304,
      -0.93613129854202271,
      0.24236021935939789,
      0,
      0.67307519912719727,
      0.0082649858668446541,
      0.73952758312225342,
      0,
      -0.69429808855056763,
      0.35155326128005981,
      0.62798100709915161,
      0,
      30.921318054199219,
      0.88234615325927734,
      -97.978683471679688,
      1,
      0.24407249689102173,
      1
    ],
    [
      -0.10667794942855835,
      -0.97537928819656372,
      0.19301505386829376,
      0,
      0.68089431524276733,
      0.069799259305000305,
      0.72904771566390991,
      0,
      -0.72457033395767212,
      0.20919625461101532,
