{
  "garAnchors" : [
    [
      {
        "transform" : [
          1,
          0,
          0,
          0,
          0,
          1,
          0,
          0,
          0,
          0,
          1,
          0,
          0,
          0,
          0,
          1
        ],
        "cloudIdentifier" : "",
        "hasValidTransform" : false,
        "identifier" : "8CCF9139-0967-44C5-82E5-D098D84A1C63"
      },
      {
        "hasValidTransform" : true,
        "cloudIdentifier" : "ua-641f9eda7782525e33684da0bb67db39",
        "identifier" : "EE26DB39-AAE2-4E76-86CD-F242B934CE90",
        "transform" : [
          -0.99987637996673584,
          -0.015077043324708939,
          -0.004467720165848732,
          0,
          -0.015069037675857544,
          0.99988478422164917,
          -0.0018202255014330149,
          0,
          0.0044946488924324512,
          -0.0017526762094348669,
          -0.9999883770942688,
          0,
          -6.4876809120178223,
          -0.2011265754699707,
          -52.02337646484375,
          1
        ]
      },
      {
        "hasValidTransform" : false,
        "transform" : [
          1,
          0,
          0,
          0,
          0,
          1,
          0,
          0,
          0,
          0,
          1,
          0,
          0,
          0,
          0,
          1
        ],
        "cloudIdentifier" : "",
        "identifier" : "47188C9F-59FC-4B90-926A-44448361D154"
      },
      {
        "transform" : [
          0.86800926923751831,
          -0.0079617518931627274,
          -0.49648410081863403,
          0,
          0.0034213042818009853,
          0.99994361400604248,
          -0.010053855367004871,
          0,
          0.49653616547584534,
          0.0070282164961099625,
          0.86798757314682007,
          0,
          3.7408819198608398,
          -0.16075807809829712,
          -39.114631652832031,
          1
        ],
        "hasValidTransform" : true,
        "cloudIdentifier" : "ua-7c07baf843f76bcf4d0001d813fe3269",
        "identifier" : "D8DD0AF3-EBE0-48DF-B92D-F5D4474148AA"
      }
    ],
    [
      {
        "cloudIdentifier" : "",
        "hasValidTransform" : false,
        "identifier" : "8CCF9139-0967-44C5-82E5-D098D84A1C63",
        "transform" : [
          1,
          0,
          0,
          0,
          0,
          1,
          0,
          0,
          0,
          0,
          1,
          0,
          0,
          0,
          0,
          1
        ]
      },
      {
        "transform" : [
          -0.99987637996673584,
          -0.015077043324708939,
          -0.004467720165848732,
          0,
          -0.015069037675857544,
          0.99988478422164917,
          -0.0018202255014330149,
          0,
          0.0044946488924324512,
          -0.0017526762094348669,
          -0.9999883770942688,
          0,
          -6.4876809120178223,
          -0.2011265754699707,
          -52.02337646484375,
          1
        ],
        "identifier" : "EE26DB39-AAE2-4E76-86CD-F242B934CE90",
        "cloudIdentifier" : "ua-641f9eda7782525e33684da0bb67db39",
        "hasValidTransform" : true
      },
      {
        "cloudIdentifier" : "",
        "identifier" : "47188C9F-59FC-4B90-926A-44448361D154",
        "transform" : [
          1,
          0,
          0,
          0,
          0,
          1,
          0,
          0,
          0,
          0,
          1,
          0,
          0,
          0,
          0,
          1
        ],
        "hasValidTransform" : false
      },
      {
        "cloudIdentifier" : "ua-7c07baf843f76bcf4d0001d813fe3269",
        "hasValidTransform" : true,
        "identifier" : "D8DD0AF3-EBE0-48DF-B92D-F5D4474148AA",
        "transform" : [
          0.86800926923751831,
          -0.0079617518931627274,
          -0.49648410081863403,
          0,
          0.0034213042818009853,
          0.99994361400604248,
          -0.010053855367004871,
          0,
          0.49653616547584534,
          0.0070282164961099625,
          0.86798757314682007,
          0,
          3.7408819198608398,
          -0.16075807809829712,
          -39.114631652832031,
          1
        ]
      }
    ],
    [
      {
        "identifier" : "8CCF9139-0967-44C5-82E5-D098D84A1C63",
        "hasValidTransform" : false,
        "cloudIdentifier" : "",
        "transform" : [
          1,
          0,
          0,
          0,
          0,
          1,
          0,
          0,
          0,
          0,
          1,
          0,
          0,
          0,
          0,
          1
        ]
      },
      {
        "hasValidTransform" : true,
        "identifier" : "EE26DB39-AAE2-4E76-86CD-F242B934CE90",
        "cloudIdentifier" : "ua-641f9eda7782525e33684da0bb67db39",
        "transform" : [
          -0.99987530708312988,
          -0.015638597309589386,
          0.0021976442076265812,
          0,
          -0.015649884939193726,
          0.99986392259597778,
          -0.0052167824469506741,
          0,
          -0.0021157620940357447,
          -0.0052505247294902802,
          -0.99998396635055542,
          0,
          -6.474029541015625,
          -0.17612875998020172,
          -52.020847320556641,
          1
        ]
      },
      {
        "transform" : [
          1,
          0,
          0,
          0,
          0,
          1,
          0,
          0,
          0,
          0,
          1,
          0,
          0,
          0,
          0,
          1
        ],
        "cloudIdentifier" : "",
        "identifier" : "47188C9F-59FC-4B90-926A-44448361D154",
        "hasValidTransform" : false
      },
      {
        "hasValidTransform" : true,
        "cloudIdentifier" : "ua-7c07baf843f76bcf4d0001d813fe3269",
        "identifier" : "D8DD0AF3-EBE0-48DF-B92D-F5D4474148AA",
        "transform" : [
          0.86800926923751831,
          -0.0079617518931627274,
          -0.49648410081863403,
          0,
          0.0034213042818009853,
          0.99994361400604248,
          -0.010053855367004871,
          0,
          0.49653616547584534,
          0.0070282164961099625,
          0.86798757314682007,
          0,
          3.7408819198608398,
          -0.16075807809829712,
          -39.114631652832031,
          1
        ]
      }
    ],
    [
      {
        "cloudIdentifier" : "",
        "transform" : [
          1,
          0,
          0,
          0,
          0,
          1,
          0,
          0,
          0,
          0,
          1,
          0,
          0,
          0,
          0,
          1
        ],
        "identifier" : "8CCF9139-0967-44C5-82E5-D098D84A1C63",
        "hasValidTransform" : false
      },
      {
        "transform" : [
          -0.99987530708312988,
          -0.015638597309589386,
          0.0021976442076265812,
          0,
          -0.015649884939193726,
          0.99986392259597778,
          -0.0052167824469506741,
          0,
          -0.0021157620940357447,
          -0.0052505247294902802,
          -0.99998396635055542,
          0,
          -6.474029541015625,
          -0.17612875998020172,
          -52.020847320556641,
          1
        ],
        "hasValidTransform" : true,
        "identifier" : "EE26DB39-AAE2-4E76-86CD-F242B934CE90",
        "cloudIdentifier" : "ua-641f9eda7782525e33684da0bb67db39"
      },
      {
        "cloudIdentifier" : "",
        "transform" : [
          1,
          0,
          0,
          0,
          0,
          1,
          0,
          0,
          0,
          0,
          1,
          0,
          0,
          0,
          0,
          1
        ],
        "identifier" : "47188C9F-59FC-4B90-926A-44448361D154",
        "hasValidTransform" : false
      },
      {
        "transform" : [
          0.86800926923751831,
          -0.0079617518931627274,
          -0.49648410081863403,
          0,
          0.0034213042818009853,
          0.99994361400604248,
          -0.010053855367004871,
          0,
          0.49653616547584534,
          0.0070282164961099625,
          0.86798757314682007,
          0,
          3.7408819198608398,
          -0.16075807809829712,
          -39.114631652832031,
          1
        ],
        "cloudIdentifier" : "ua-7c07baf843f76bcf4d0001d813fe3269",
        "hasValidTransform" : true,
        "identifier" : "D8DD0AF3-EBE0-48DF-B92D-F5D4474148AA"
      }
    ],
    [
      {
        "transform" : [
          1,
          0,
          0,
          0,
          0,
          1,
          0,
          0,
          0,
          0,
          1,
          0,
          0,
          0,
          0,
          1
        ],
        "identifier" : "8CCF9139-0967-44C5-82E5-D098D84A1C63",
        "cloudIdentifier" : "",
        "hasValidTransform" : false
      },
      {
        "identifier" : "EE26DB39-AAE2-4E76-86CD-F242B934CE90",
        "transform" : [
          -0.99987530708312988,
          -0.015638597309589386,
          0.0021976442076265812,
          0,
          -0.015649884939193726,
          0.99986392259597778,
          -0.0052167824469506741,
          0,
          -0.0021157620940357447,
          -0.0052505247294902802,
          -0.99998396635055542,
          0,
          -6.474029541015625,
          -0.17612875998020172,
          -52.020847320556641,
          1
        ],
        "cloudIdentifier" : "ua-641f9eda7782525e33684da0bb67db39",
        "hasValidTransform" : true
      },
      {
        "transform" : [
          1,
          0,
          0,
          0,
          0,
          1,
          0,
          0,
          0,
          0,
          1,
          0,
          0,
          0,
          0,
          1
        ],
        "cloudIdentifier" : "",
        "hasValidTransform" : false,
        "identifier" : "47188C9F-59FC-4B90-926A-44448361D154"
      },
      {
        "identifier" : "D8DD0AF3-EBE0-48DF-B92D-F5D4474148AA",
        "transform" : [
          0.86627644300460815,
          -0.0045447344891726971,
          -0.49954423308372498,
          0,
          0.00065512588480487466,
          0.99996811151504517,
          -0.0079613951966166496,
          0,
          0.49956446886062622,
          0.0065695052035152912,
          0.86625176668167114,
          0,
          3.782573938369751,
          -0.16208875179290771,
          -39.09515380859375,
          1
        ],
        "hasValidTransform" : true,
        "cloudIdentifier" : "ua-7c07baf843f76bcf4d0001d813fe3269"
      }
    ],
    [
      {
        "transform" : [
          1,
          0,
          0,
          0,
          0,
          1,
          0,
          0,
          0,
          0,
          1,
          0,
          0,
          0,
          0,
          1
        ],
        "cloudIdentifier" : "",
        "hasValidTransform" : false,
        "identifier" : "8CCF9139-0967-44C5-82E5-D098D84A1C63"
      },
      {
        "identifier" : "EE26DB39-AAE2-4E76-86CD-F242B934CE90",
        "cloudIdentifier" : "ua-641f9eda7782525e33684da0bb67db39",
        "hasValidTransform" : true,
        "transform" : [
          -0.99987530708312988,
          -0.015638597309589386,
          0.0021976442076265812,
          0,
          -0.015649884939193726,
          0.99986392259597778,
          -0.0052167824469506741,
          0,
          -0.0021157620940357447,
          -0.0052505247294902802,
          -0.99998396635055542,
          0,
          -6.474029541015625,
          -0.17612875998020172,
          -52.020847320556641,
          1
        ]
      },
      {
        "transform" : [
          1,
          0,
          0,
          0,
          0,
          1,
          0,
          0,
          0,
          0,
          1,
          0,
          0,
          0,
          0,
          1
        ],
        "cloudIdentifier" : "",
        "hasValidTransform" : false,
        "identifier" : "47188C9F-59FC-4B90-926A-44448361D154"
      },
      {
        "cloudIdentifier" : "ua-7c07baf843f76bcf4d0001d813fe3269",
        "identifier" : "D8DD0AF3-EBE0-48DF-B92D-F5D4474148AA",
        "transform" : [
          0.86627644300460815,
          -0.0045447344891726971,
          -0.49954423308372498,
          0,
          0.00065512588480487466,
          0.99996811151504517,
          -0.0079613951966166496,
          0,
          0.49956446886062622,
          0.0065695052035152912,
          0.86625176668167114,
          0,
          3.782573938369751,
          -0.16208875179290771,
          -39.09515380859375,
          1
        ],
        "hasValidTransform" : true
      }
    ],
    [
      {
        "cloudIdentifier" : "",
        "identifier" : "8CCF9139-0967-44C5-82E5-D098D84A1C63",
        "transform" : [
          1,
          0,
          0,
          0,
          0,
          1,
          0,
          0,
          0,
          0,
          1,
          0,
          0,
          0,
          0,
          1
        ],
        "hasValidTransform" : false
      },
      {
        "cloudIdentifier" : "ua-641f9eda7782525e33684da0bb67db39",
        "identifier" : "EE26DB39-AAE2-4E76-86CD-F242B934CE90",
        "transform" : [
          -0.99987530708312988,
          -0.015638597309589386,
          0.0021976442076265812,
          0,
          -0.015649884939193726,
          0.99986392259597778,
          -0.0052167824469506741,
          0,
          -0.0021157620940357447,
          -0.0052505247294902802,
          -0.99998396635055542,
          0,
          -6.474029541015625,
          -0.17612875998020172,
          -52.020847320556641,
          1
        ],
        "hasValidTransform" : true
      },
      {
        "transform" : [
          0.87896990776062012,
          -0.0089500667527318001,
          -0.47679322957992554,
          0,
          0.0058252983726561069,
          0.99995076656341553,
          -0.0080314986407756805,
          0,
          0.47684162855148315,
          0.004281983245164156,
          0.87897878885269165,
          0,
          3.6603798866271973,
          -0.19283625483512878,
          -39.641502380371094,
          1
        ],
        "hasValidTransform" : true,
        "cloudIdentifier" : "ua-37683b42285e9e6cdcc83af76c719cc9",
        "identifier" : "47188C9F-59FC-4B90-926A-44448361D154"
      },
      {
        "identifier" : "D8DD0AF3-EBE0-48DF-B92D-F5D4474148AA",
        "cloudIdentifier" : "ua-7c07baf843f76bcf4d0001d813fe3269",
        "hasValidTransform" : true,
        "transform" : [
          0.86627644300460815,
          -0.0045447344891726971,
          -0.49954423308372498,
          0,
          0.00065512588480487466,
          0.99996811151504517,
          -0.0079613951966166496,
          0,
          0.49956446886062622,
          0.0065695052035152912,
          0.86625176668167114,
          0,
          3.782573938369751,
          -0.16208875179290771,
          -39.09515380859375,
          1
        ]
      }
    ],
    [
      {
        "hasValidTransform" : false,
        "transform" : [
          1,
          0,
          0,
          0,
          0,
          1,
          0,
          0,
          0,
          0,
          1,
          0,
          0,
          0,
          0,
          1
        ],
        "cloudIdentifier" : "",
        "identifier" : "8CCF9139-0967-44C5-82E5-D098D84A1C63"
      },
      {
        "identifier" : "EE26DB39-AAE2-4E76-86CD-F242B934CE90",
        "hasValidTransform" : true,
        "transform" : [
          -0.99987530708312988,
          -0.015638597309589386,
          0.0021976442076265812,
          0,
          -0.015649884939193726,
          0.99986392259597778,
          -0.0052167824469506741,
          0,
          -0.0021157620940357447,
          -0.0052505247294902802,
          -0.99998396635055542,
          0,
          -6.474029541015625,
          -0.17612875998020172,
          -52.020847320556641,
          1
        ],
        "cloudIdentifier" : "ua-641f9eda7782525e33684da0bb67db39"
      },
      {
        "hasValidTransform" : true,
        "cloudIdentifier" : "ua-37683b42285e9e6cdcc83af76c719cc9",
        "transform" : [
          0.87896990776062012,
          -0.0089500667527318001,
          -0.47679322957992554,
          0,
          0.0058252983726561069,
          0.99995076656341553,
          -0.0080314986407756805,
          0,
          0.47684162855148315,
          0.004281983245164156,
          0.87897878885269165,
          0,
          3.6603798866271973,
          -0.19283625483512878,
          -39.641502380371094,
          1
        ],
        "identifier" : "47188C9F-59FC-4B90-926A-44448361D154"
      },
      {
        "hasValidTransform" : true,
        "transform" : [
          0.86461496353149414,
          -0.0074946358799934387,
          -0.50237911939620972,
          0,
          0.0030937232077121735,
          0.99994921684265137,
          -0.0095931040123105049,
          0,
          0.50242549180984497,
          0.0067401197738945484,
          0.8645942211151123,
          0,
          3.8245053291320801,
          -0.1671302318572998,
          -39.102081298828125,
          1
        ],
        "identifier" : "D8DD0AF3-EBE0-48DF-B92D-F5D4474148AA",
        "cloudIdentifier" : "ua-7c07baf843f76bcf4d0001d813fe3269"
      }
    ],
    [
      {
        "cloudIdentifier" : "",
        "transform" : [
          1,
          0,
          0,
          0,
          0,
          1,
          0,
          0,
          0,
          0,
          1,
          0,
          0,
          0,
          0,
          1
        ],
        "identifier" : "8CCF9139-0967-44C5-82E5-D098D84A1C63",
        "hasValidTransform" : false
      },
      {
        "hasValidTransform" : true,
        "transform" : [
          -0.99987530708312988,
          -0.015638597309589386,
          0.0021976442076265812,
          0,
          -0.015649884939193726,
          0.99986392259597778,
          -0.0052167824469506741,
          0,
          -0.0021157620940357447,
          -0.0052505247294902802,
          -0.99998396635055542,
          0,
          -6.474029541015625,
          -0.17612875998020172,
          -52.020847320556641,
          1
        ],
        "identifier" : "EE26DB39-AAE2-4E76-86CD-F242B934CE90",
        "cloudIdentifier" : "ua-641f9eda7782525e33684da0bb67db39"
      },
      {
        "hasValidTransform" : true,
        "transform" : [
          0.87896990776062012,
          -0.0089500667527318001,
          -0.47679322957992554,
          0,
          0.0058252983726561069,
          0.99995076656341553,
          -0.0080314986407756805,
          0,
          0.47684162855148315,
          0.004281983245164156,
          0.87897878885269165,
          0,
          3.6603798866271973,
          -0.19283625483512878,
          -39.641502380371094,
          1
        ],
        "cloudIdentifier" : "ua-37683b42285e9e6cdcc83af76c719cc9",
        "identifier" : "47188C9F-59FC-4B90-926A-44448361D154"
      },
      {
        "identifier" : "D8DD0AF3-EBE0-48DF-B92D-F5D4474148AA",
        "transform" : [
          0.86461496353149414,
          -0.0074946358799934387,
          -0.50237911939620972,
          0,
          0.0030937232077121735,
          0.99994921684265137,
          -0.0095931040123105049,
          0,
          0.50242549180984497,
          0.0067401197738945484,
          0.8645942211151123,
          0,
          3.8245053291320801,
          -0.1671302318572998,
          -39.102081298828125,
          1
        ],
        "hasValidTransform" : true,
        "cloudIdentifier" : "ua-7c07baf843f76bcf4d0001d813fe3269"
      }
    ],
    [
      {
        "cloudIdentifier" : "",
        "identifier" : "8CCF9139-0967-44C5-82E5-D098D84A1C63",
        "transform" : [
          1,
          0,
          0,
          0,
          0,
          1,
          0,
          0,
          0,
          0,
          1,
          0,
          0,
          0,
          0,
          1
        ],
        "hasValidTransform" : false
      },
      {
        "cloudIdentifier" : "ua-641f9eda7782525e33684da0bb67db39",
        "identifier" : "EE26DB39-AAE2-4E76-86CD-F242B934CE90",
        "transform" : [
          -0.99987530708312988,
          -0.015638597309589386,
          0.0021976442076265812,
          0,
          -0.015649884939193726,
          0.99986392259597778,
          -0.0052167824469506741,
          0,
          -0.0021157620940357447,
          -0.0052505247294902802,
          -0.99998396635055542,
          0,
          -6.474029541015625,
          -0.17612875998020172,
          -52.020847320556641,
          1
        ],
        "hasValidTransform" : true
      },
      {
        "cloudIdentifier" : "ua-37683b42285e9e6cdcc83af76c719cc9",
        "transform" : [
          0.87896990776062012,
          -0.0089500667527318001,
          -0.47679322957992554,
          0,
          0.0058252983726561069,
          0.99995076656341553,
          -0.0080314986407756805,
          0,
          0.47684162855148315,
          0.004281983245164156,
          0.87897878885269165,
          0,
          3.6603798866271973,
          -0.19283625483512878,
          -39.641502380371094,
          1
        ],
        "hasValidTransform" : true,
        "identifier" : "47188C9F-59FC-4B90-926A-44448361D154"
      },
      {
        "hasValidTransform" : true,
        "transform" : [
          0.86461496353149414,
          -0.0074946358799934387,
          -0.50237911939620972,
          0,
          0.0030937232077121735,
          0.99994921684265137,
          -0.0095931040123105049,
          0,
          0.50242549180984497,
          0.0067401197738945484,
          0.8645942211151123,
          0,
          3.8245053291320801,
          -0.1671302318572998,
          -39.102081298828125,
          1
        ],
        "cloudIdentifier" : "ua-7c07baf843f76bcf4d0001d813fe3269",
        "identifier" : "D8DD0AF3-EBE0-48DF-B92D-F5D4474148AA"
      }
    ],
    [
      {
        "cloudIdentifier" : "",
        "transform" : [
          1,
          0,
          0,
          0,
          0,
          1,
          0,
          0,
          0,
          0,
          1,
          0,
          0,
          0,
          0,
          1
        ],
        "hasValidTransform" : false,
        "identifier" : "8CCF9139-0967-44C5-82E5-D098D84A1C63"
      },
      {
        "transform" : [
          -0.99987530708312988,
          -0.015638597309589386,
          0.0021976442076265812,
          0,
          -0.015649884939193726,
          0.99986392259597778,
          -0.0052167824469506741,
          0,
          -0.0021157620940357447,
          -0.0052505247294902802,
          -0.99998396635055542,
          0,
          -6.474029541015625,
          -0.17612875998020172,
          -52.020847320556641,
          1
        ],
        "cloudIdentifier" : "ua-641f9eda7782525e33684da0bb67db39",
        "identifier" : "EE26DB39-AAE2-4E76-86CD-F242B934CE90",
        "hasValidTransform" : true
      },
      {
        "cloudIdentifier" : "ua-37683b42285e9e6cdcc83af76c719cc9",
        "transform" : [
          0.87896990776062012,
          -0.0089500667527318001,
          -0.47679322957992554,
          0,
          0.0058252983726561069,
          0.99995076656341553,
          -0.0080314986407756805,
          0,
          0.47684162855148315,
          0.004281983245164156,
          0.87897878885269165,
          0,
          3.6603798866271973,
          -0.19283625483512878,
          -39.641502380371094,
          1
        ],
        "identifier" : "47188C9F-59FC-4B90-926A-44448361D154",
        "hasValidTransform" : true
      },
      {
        "cloudIdentifier" : "ua-7c07baf843f76bcf4d0001d813fe3269",
        "identifier" : "D8DD0AF3-EBE0-48DF-B92D-F5D4474148AA",
        "transform" : [
          0.86461496353149414,
          -0.0074946358799934387,
          -0.50237911939620972,
          0,
          0.0030937232077121735,
          0.99994921684265137,
          -0.0095931040123105049,
          0,
          0.50242549180984497,
          0.0067401197738945484,
          0.8645942211151123,
          0,
          3.8245053291320801,
          -0.1671302318572998,
          -39.102081298828125,
          1
        ],
        "hasValidTransform" : true
      }
    ],
    [
      {
        "hasValidTransform" : false,
        "cloudIdentifier" : "",
        "identifier" : "8CCF9139-0967-44C5-82E5-D098D84A1C63",
        "transform" : [
          1,
          0,
          0,
          0,
          0,
          1,
          0,
          0,
          0,
          0,
          1,
          0,
          0,
          0,
          0,
          1
        ]
      },
      {
        "hasValidTransform" : true,
        "identifier" : "EE26DB39-AAE2-4E76-86CD-F242B934CE90",
        "cloudIdentifier" : "ua-641f9eda7782525e33684da0bb67db39",
        "transform" : [
          -0.99987530708312988,
          -0.015638597309589386,
          0.0021976442076265812,
          0,
          -0.015649884939193726,
          0.99986392259597778,
          -0.0052167824469506741,
          0,
          -0.0021157620940357447,
          -0.0052505247294902802,
          -0.99998396635055542,
          0,
          -6.474029541015625,
          -0.17612875998020172,
          -52.020847320556641,
          1
        ]
      },
      {
        "cloudIdentifier" : "ua-37683b42285e9e6cdcc83af76c719cc9",
        "hasValidTransform" : true,
        "transform" : [
          0.87896990776062012,
          -0.0089500667527318001,
          -0.47679322957992554,
          0,
          0.0058252983726561069,
          0.99995076656341553,
          -0.0080314986407756805,
          0,
          0.47684162855148315,
          0.004281983245164156,
          0.87897878885269165,
          0,
          3.6603798866271973,
          -0.19283625483512878,
          -39.641502380371094,
          1
        ],
        "identifier" : "47188C9F-59FC-4B90-926A-44448361D154"
      },
      {
        "cloudIdentifier" : "ua-7c07baf843f76bcf4d0001d813fe3269",
        "hasValidTransform" : true,
        "transform" : [
          0.86461496353149414,
          -0.0074946358799934387,
          -0.50237911939620972,
          0,
          0.0030937232077121735,
          0.99994921684265137,
          -0.0095931040123105049,
          0,
          0.50242549180984497,
          0.0067401197738945484,
          0.8645942211151123,
          0,
          3.8245053291320801,
          -0.1671302318572998,
          -39.102081298828125,
          1
        ],
        "identifier" : "D8DD0AF3-EBE0-48DF-B92D-F5D4474148AA"
      }
    ],
    [
      {
        "cloudIdentifier" : "",
        "identifier" : "8CCF9139-0967-44C5-82E5-D098D84A1C63",
        "transform" : [
          1,
          0,
          0,
          0,
          0,
          1,
          0,
          0,
          0,
          0,
          1,
          0,
          0,
          0,
          0,
          1
        ],
        "hasValidTransform" : false
      },
      {
        "transform" : [
          -0.99987530708312988,
          -0.015638597309589386,
          0.0021976442076265812,
          0,
          -0.015649884939193726,
          0.99986392259597778,
          -0.0052167824469506741,
          0,
          -0.0021157620940357447,
          -0.0052505247294902802,
          -0.99998396635055542,
          0,
          -6.474029541015625,
          -0.17612875998020172,
          -52.020847320556641,
          1
        ],
        "identifier" : "EE26DB39-AAE2-4E76-86CD-F242B934CE90",
        "hasValidTransform" : true,
        "cloudIdentifier" : "ua-641f9eda7782525e33684da0bb67db39"
      },
      {
        "transform" : [
          0.87896990776062012,
          -0.0089500667527318001,
          -0.47679322957992554,
          0,
          0.0058252983726561069,
          0.99995076656341553,
          -0.0080314986407756805,
          0,
          0.47684162855148315,
          0.004281983245164156,
          0.87897878885269165,
          0,
          3.6603798866271973,
          -0.19283625483512878,
          -39.641502380371094,
          1
        ],
        "hasValidTransform" : true,
        "cloudIdentifier" : "ua-37683b42285e9e6cdcc83af76c719cc9",
        "identifier" : "47188C9F-59FC-4B90-926A-44448361D154"
      },
      {
        "transform" : [
          0.86461496353149414,
          -0.0074946358799934387,
          -0.50237911939620972,
          0,
          0.0030937232077121735,
          0.99994921684265137,
          -0.0095931040123105049,
          0,
          0.50242549180984497,
          0.0067401197738945484,
          0.8645942211151123,
          0,
          3.8245053291320801,
          -0.1671302318572998,
          -39.102081298828125,
          1
        ],
        "cloudIdentifier" : "ua-7c07baf843f76bcf4d0001d813fe3269",
        "hasValidTransform" : true,
        "identifier" : "D8DD0AF3-EBE0-48DF-B92D-F5D4474148AA"
      }
    ],
    [
      {
        "transform" : [
          1,
          0,
          0,
          0,
          0,
          1,
          0,
          0,
          0,
          0,
          1,
          0,
          0,
          0,
          0,
          1
        ],
        "hasValidTransform" : false,
        "cloudIdentifier" : "",
        "identifier" : "8CCF9139-0967-44C5-82E5-D098D84A1C63"
      },
      {
        "transform" : [
          -0.99987530708312988,
          -0.015638597309589386,
          0.0021976442076265812,
          0,
          -0.015649884939193726,
          0.99986392259597778,
          -0.0052167824469506741,
          0,
          -0.0021157620940357447,
          -0.0052505247294902802,
          -0.99998396635055542,
          0,
          -6.474029541015625,
          -0.17612875998020172,
          -52.020847320556641,
          1
        ],
        "hasValidTransform" : true,
        "cloudIdentifier" : "ua-641f9eda7782525e33684da0bb67db39",
        "identifier" : "EE26DB39-AAE2-4E76-86CD-F242B934CE90"
      },
      {
        "transform" : [
          0.87896990776062012,
          -0.0089500667527318001,
          -0.47679322957992554,
          0,
          0.0058252983726561069,
          0.99995076656341553,
          -0.0080314986407756805,
          0,
          0.47684162855148315,
          0.004281983245164156,
          0.87897878885269165,
          0,
          3.6603798866271973,
          -0.19283625483512878,
          -39.641502380371094,
          1
        ],
        "identifier" : "47188C9F-59FC-4B90-926A-44448361D154",
        "hasValidTransform" : true,
        "cloudIdentifier" : "ua-37683b42285e9e6cdcc83af76c719cc9"
      },
      {
        "hasValidTransform" : true,
        "transform" : [
          0.86461496353149414,
          -0.0074946358799934387,
          -0.50237911939620972,
          0,
          0.0030937232077121735,
          0.99994921684265137,
          -0.0095931040123105049,
          0,
          0.50242549180984497,
          0.0067401197738945484,
          0.8645942211151123,
          0,
          3.8245053291320801,
          -0.1671302318572998,
          -39.102081298828125,
          1
        ],
        "cloudIdentifier" : "ua-7c07baf843f76bcf4d0001d813fe3269",
        "identifier" : "D8DD0AF3-EBE0-48DF-B92D-F5D4474148AA"
      }
    ],
    [
      {
        "identifier" : "8CCF9139-0967-44C5-82E5-D098D84A1C63",
        "hasValidTransform" : false,
        "transform" : [
          1,
          0,
          0,
          0,
          0,
          1,
          0,
          0,
          0,
          0,
          1,
          0,
          0,
          0,
          0,
          1
        ],
        "cloudIdentifier" : ""
      },
      {
        "transform" : [
          -0.99987530708312988,
          -0.015638597309589386,
          0.0021976442076265812,
          0,
          -0.015649884939193726,
          0.99986392259597778,
          -0.0052167824469506741,
          0,
          -0.0021157620940357447,
          -0.0052505247294902802,
          -0.99998396635055542,
          0,
          -6.474029541015625,
          -0.17612875998020172,
          -52.020847320556641,
          1
        ],
        "cloudIdentifier" : "ua-641f9eda7782525e33684da0bb67db39",
        "identifier" : "EE26DB39-AAE2-4E76-86CD-F242B934CE90",
        "hasValidTransform" : true
      },
      {
        "identifier" : "47188C9F-59FC-4B90-926A-44448361D154",
        "hasValidTransform" : true,
        "transform" : [
          0.87896990776062012,
          -0.0089500667527318001,
          -0.47679322957992554,
          0,
          0.0058252983726561069,
          0.99995076656341553,
          -0.0080314986407756805,
          0,
          0.47684162855148315,
          0.004281983245164156,
          0.87897878885269165,
          0,
          3.6603798866271973,
          -0.19283625483512878,
          -39.641502380371094,
          1
        ],
        "cloudIdentifier" : "ua-37683b42285e9e6cdcc83af76c719cc9"
      },
      {
        "hasValidTransform" : true,
        "cloudIdentifier" : "ua-7c07baf843f76bcf4d0001d813fe3269",
        "identifier" : "D8DD0AF3-EBE0-48DF-B92D-F5D4474148AA",
        "transform" : [
          0.86461496353149414,
          -0.0074946358799934387,
          -0.50237911939620972,
          0,
          0.0030937232077121735,
          0.99994921684265137,
          -0.0095931040123105049,
          0,
          0.50242549180984497,
          0.0067401197738945484,
          0.8645942211151123,
          0,
          3.8245053291320801,
          -0.1671302318572998,
          -39.102081298828125,
          1
        ]
      }
    ],
    [
      {
        "transform" : [
          1,
          0,
          0,
          0,
          0,
          1,
          0,
          0,
          0,
          0,
          1,
          0,
          0,
          0,
          0,
          1
        ],
        "cloudIdentifier" : "",
        "identifier" : "8CCF9139-0967-44C5-82E5-D098D84A1C63",
        "hasValidTransform" : false
      },
      {
        "identifier" : "EE26DB39-AAE2-4E76-86CD-F242B934CE90",
        "transform" : [
          -0.99987530708312988,
          -0.015638597309589386,
          0.0021976442076265812,
          0,
          -0.015649884939193726,
          0.99986392259597778,
          -0.0052167824469506741,
          0,
          -0.0021157620940357447,
          -0.0052505247294902802,
          -0.99998396635055542,
          0,
          -6.474029541015625,
          -0.17612875998020172,
          -52.020847320556641,
          1
        ],
        "cloudIdentifier" : "ua-641f9eda7782525e33684da0bb67db39",
        "hasValidTransform" : true
      },
      {
        "transform" : [
          0.87896990776062012,
          -0.0089500667527318001,
          -0.47679322957992554,
          0,
          0.0058252983726561069,
          0.99995076656341553,
          -0.0080314986407756805,
          0,
          0.47684162855148315,
          0.004281983245164156,
          0.87897878885269165,
          0,
          3.6603798866271973,
          -0.19283625483512878,
          -39.641502380371094,
          1
        ],
        "cloudIdentifier" : "ua-37683b42285e9e6cdcc83af76c719cc9",
        "identifier" : "47188C9F-59FC-4B90-926A-44448361D154",
        "hasValidTransform" : true
      },
      {
        "hasValidTransform" : true,
        "identifier" : "D8DD0AF3-EBE0-48DF-B92D-F5D4474148AA",
        "transform" : [
          0.86057019233703613,
          -0.0060957819223403931,
          -0.50929534435272217,
          0,
          0.0027947176713496447,
          0.99996984004974365,
          -0.0072463788092136383,
          0,
          0.50932419300079346,
          0.0048126811161637306,
          0.8605613112449646,
          0,
          3.9652335643768311,
          -0.19809947907924652,
          -39.093555450439453,
          1
        ],
        "cloudIdentifier" : "ua-7c07baf843f76bcf4d0001d813fe3269"
      }
    ],
    [
      {
        "hasValidTransform" : false,
        "cloudIdentifier" : "",
        "identifier" : "8CCF9139-0967-44C5-82E5-D098D84A1C63",
        "transform" : [
          1,
          0,
          0,
          0,
          0,
          1,
          0,
          0,
          0,
          0,
          1,
          0,
          0,
          0,
          0,
          1
        ]
      },
      {
        "transform" : [
          -0.99987530708312988,
          -0.015638597309589386,
          0.0021976442076265812,
          0,
          -0.015649884939193726,
          0.99986392259597778,
          -0.0052167824469506741,
          0,
          -0.0021157620940357447,
          -0.0052505247294902802,
          -0.99998396635055542,
          0,
          -6.474029541015625,
          -0.17612875998020172,
          -52.020847320556641,
          1
        ],
        "hasValidTransform" : true,
        "cloudIdentifier" : "ua-641f9eda7782525e33684da0bb67db39",
        "identifier" : "EE26DB39-AAE2-4E76-86CD-F242B934CE90"
      },
      {
        "identifier" : "47188C9F-59FC-4B90-926A-44448361D154",
        "transform" : [
          0.87896990776062012,
          -0.0089500667527318001,
          -0.47679322957992554,
          0,
          0.0058252983726561069,
          0.99995076656341553,
          -0.0080314986407756805,
          0,
          0.47684162855148315,
          0.004281983245164156,
          0.87897878885269165,
          0,
          3.6603798866271973,
          -0.19283625483512878,
          -39.641502380371094,
          1
        ],
        "hasValidTransform" : true,
        "cloudIdentifier" : "ua-37683b42285e9e6cdcc83af76c719cc9"
      },
      {
        "identifier" : "D8DD0AF3-EBE0-48DF-B92D-F5D4474148AA",
        "cloudIdentifier" : "ua-7c07baf843f76bcf4d0001d813fe3269",
        "transform" : [
          0.86057019233703613,
          -0.0060957819223403931,
          -0.50929534435272217,
          0,
          0.0027947176713496447,
          0.99996984004974365,
          -0.0072463788092136383,
          0,
          0.50932419300079346,
          0.0048126811161637306,
          0.8605613112449646,
          0,
          3.9652335643768311,
          -0.19809947907924652,
          -39.093555450439453,
          1
        ],
        "hasValidTransform" : true
      }
    ],
    [
      {
        "cloudIdentifier" : "",
        "transform" : [
          1,
          0,
          0,
          0,
          0,
          1,
          0,
          0,
          0,
          0,
          1,
          0,
          0,
          0,
          0,
          1
        ],
        "identifier" : "8CCF9139-0967-44C5-82E5-D098D84A1C63",
        "hasValidTransform" : false
      },
      {
        "transform" : [
          -0.99987530708312988,
          -0.015638597309589386,
          0.0021976442076265812,
          0,
          -0.015649884939193726,
          0.99986392259597778,
          -0.0052167824469506741,
          0,
          -0.0021157620940357447,
          -0.0052505247294902802,
          -0.99998396635055542,
          0,
          -6.474029541015625,
          -0.17612875998020172,
          -52.020847320556641,
          1
        ],
        "hasValidTransform" : true,
        "cloudIdentifier" : "ua-641f9eda7782525e33684da0bb67db39",
        "identifier" : "EE26DB39-AAE2-4E76-86CD-F242B934CE90"
      },
      {
        "identifier" : "47188C9F-59FC-4B90-926A-44448361D154",
        "transform" : [
          0.88051402568817139,
          -0.0081992009654641151,
          -0.47394916415214539,
          0,
          0.0040937354788184166,
          0.99994462728500366,
          -0.0096933506429195404,
          0,
          0.4740024209022522,
          0.0065949084237217903,
