{
  "ARLoggerDataDir" : "visual_alignment_benchmarking\/fish through step to gas tanks\/NcsslHgGt7OcPalBU90raZOBcqP2\/63ED4AAA-8428-43D7-864A-F5DD890E524C",
  "PathType" : "notrated",
  "settingsHistory" : [
    {
      "defaultUnit" : 0,
      "visualizeCloudAnchors" : true,
      "adjustOffset" : true,
      "sendLogs" : true,
      "voiceFeedback" : true,
      "relativeTimeStamp" : 0.39570403099060059,
      "filterGeoSpatial" : true,
      "hapticFeedback" : false,
      "timerLength" : 5,
      "soundFeedback" : true,
      "defaultColor" : 0,
      "localizationThreshold" : 3,
      "disableARWorldMap" : true
    },
    {
      "adjustOffset" : true,
      "voiceFeedback" : true,
      "defaultColor" : 0,
      "disableARWorldMap" : true,
      "localizationThreshold" : 3,
      "sendLogs" : true,
      "timerLength" : 5,
      "hapticFeedback" : false,
      "soundFeedback" : true,
      "relativeTimeStamp" : 350.90954005718231,
      "filterGeoSpatial" : true,
      "defaultUnit" : 0,
      "visualizeCloudAnchors" : true
    },
    {
      "sendLogs" : true,
      "defaultUnit" : 0,
      "filterGeoSpatial" : true,
      "relativeTimeStamp" : 411.84467601776123,
      "visualizeCloudAnchors" : true,
      "adjustOffset" : true,
      "soundFeedback" : true,
      "localizationThreshold" : 0,
      "disableARWorldMap" : true,
      "timerLength" : 5,
      "hapticFeedback" : false,
      "voiceFeedback" : true,
      "defaultColor" : 0
    },
    {
      "defaultColor" : 0,
      "disableARWorldMap" : true,
      "soundFeedback" : true,
      "hapticFeedback" : false,
      "filterGeoSpatial" : true,
      "adjustOffset" : true,
      "timerLength" : 5,
      "localizationThreshold" : 3,
      "voiceFeedback" : true,
      "sendLogs" : true,
      "relativeTimeStamp" : 507.78451502323151,
      "defaultUnit" : 0,
      "visualizeCloudAnchors" : true
    },
    {
      "sendLogs" : true,
      "disableARWorldMap" : true,
      "soundFeedback" : true,
      "voiceFeedback" : true,
      "hapticFeedback" : false,
      "defaultColor" : 0,
      "defaultUnit" : 0,
      "relativeTimeStamp" : 632.77508902549744,
      "visualizeCloudAnchors" : true,
      "filterGeoSpatial" : true,
      "adjustOffset" : true,
      "timerLength" : 5,
      "localizationThreshold" : 0
    }
  ],
  "PathDate" : "2023-03-23T15:46:35-04:00",
  "trackingErrorPhase" : [
    false
  ],
  "isVoiceOverOn" : false,
  "routeId" : "49FDA2DF-3706-4C4D-A5E6-925A08A622C3",
  "PathID" : "108C8801-4272-49AA-BDC7-08D3DACDBEB62023-03-23T15:46:35-04:00-0",
  "garAnchorTimestamps" : [
    4939.8597444999996,
    4940.9603097910003,
    4942.077548583,
    4943.1947878330002,
    4944.3120237499998,
    4945.429260291,
    4946.5631709999998,
    4947.6804243750003,
    4948.7976525410004,
    4949.9148699159996,
    4951.0321019160001,
    4952.1493309159996,
    4953.2665617909997,
    4954.3837941250003,
    4955.5177047079997,
    4956.6349242910001,
    4957.7521472079998,
    4958.8693821659999,
    4959.9866015409998,
    4961.1038360000002,
    4962.221048333,
    4963.3549442499998,
    4964.4721717080001,
    4965.5893878329998,
    4966.7066187500004,
    4967.8238325000002,
    4968.924374833,
    4970.0415964579997,
    4971.1588150409998,
    4972.2760349159998,
    4973.4099256250001,
    4974.5271486660004,
    4975.6443629579999,
    4976.7615836249997,
    4977.8787989160001,
    4978.9960154159999,
    4980.1132362079998,
    4981.230448708,
    4982.3643373750001,
    4983.4815552910004,
    4984.5987722500004,
    4985.7159844580001,
    4986.8332030410002,
    4987.9504133749997,
    4989.067631291,
    4990.1848410410003,
    4991.3020525829997,
    4992.435940333,
    4993.5531513750002,
    4994.6703637910005,
    4995.787575583,
    4996.9047920410003,
    4998.0219978329997,
    4999.1392078749996,
    5000.2564193750004,
    5001.3903076249999,
    5002.5075170829996
  ],
  "trackingErrorTime" : [
    43.779707074165344
  ],
  "hasMap" : true,
  "userId" : "NcsslHgGt7OcPalBU90raZOBcqP2",
  "keypointData" : [
    [
      32.647102355957031,
      0.46530419588088989,
      -70.492523193359375,
      1.8855466842651367
    ],
    [
      34.330375671386719,
      0.41587626934051514,
      -73.130462646484375,
      1.648665189743042
    ],
    [
      35.643913269042969,
      0.44039389491081238,
      -73.763031005859375,
      -2.934394359588623
    ],
    [
      44.379203796386719,
      0.50093919038772583,
      -69.354988098144531,
      -2.0464117527008057
    ],
    [
      56.508769989013672,
      0.57915043830871582,
      -65.41717529296875,
      -2.0530312061309814
    ],
    [
      57.885223388671875,
      0.58379560708999634,
      -64.52850341796875,
      -1.7060164213180542
    ],
    [
      57.986766815185547,
      0.59002280235290527,
      -60.769733428955078,
      -1.573749303817749
    ],
    [
      57.302806854248047,
      0.58438009023666382,
      -59.314765930175781,
      -0.1785852313041687
    ],
    [
      55.578445434570312,
      0.53696203231811523,
      -60.4996337890625,
      1.2729965448379517
    ],
    [
      49.678421020507812,
      0.62543702125549316,
      -61.033130645751953,
      1.0980087518692017
    ],
    [
      44.708656311035156,
      0.65314215421676636,
      -62.905086517333984,
      -1.330869197845459
    ],
    [
      41.701835632324219,
      0.76562649011611938,
      -53.174381256103516,
      -1.5057120323181152
    ]
  ],
  "trackingErrorData" : [
    "Normal"
  ],
  "stateSequenceTime" : [
    613.94226908683777,
    651.04549098014832,
    657.98870408535004,
    721.95520901679993
  ],
  "garAnchorCameraWorldTransformsAndGeoSpatialData" : [
    {
      "cameraWorldTransform" : [
        0.038206983357667923,
        -0.98466253280639648,
        -0.17023470997810364,
        0,
        -0.98158645629882812,
        -0.0050748186185956001,
        -0.19095095992088318,
        0,
        0.18715827167034149,
        0.17439574003219604,
        -0.96672528982162476,
        0,
        45.833503723144531,
        0.60852247476577759,
        -61.983779907226562,
        1
      ],
      "geospatialTransform" : {
        "longitude" : -71.264267095767224,
        "altitudeAccuracy" : 10.008360367403291,
        "latitude" : 42.293807448799718,
        "heading" : 106.54723757773091,
        "positionAccuracy" : 32.922933459652199,
        "headingAccuracy" : 12.520289615761907,
        "altitude" : 35.795593894086778
      }
    },
    {
      "cameraWorldTransform" : [
        -0.0045168148353695869,
        -0.97214335203170776,
        -0.23434385657310486,
        0,
        -0.96224689483642578,
        0.068001121282577515,
        -0.26354661583900452,
        0,
        0.27214068174362183,
        0.22430622577667236,
        -0.93574905395507812,
        0,
        45.7467041015625,
        0.58832871913909912,
        -61.91546630859375,
        1.0000001192092896
      ],
      "geospatialTransform" : {
        "latitude" : 42.293810207418943,
        "altitude" : 35.883390911854804,
        "heading" : 111.66557698020688,
        "headingAccuracy" : 12.639876183586196,
        "longitude" : -71.264295534462036,
        "altitudeAccuracy" : 8.5899852608402298,
        "positionAccuracy" : 29.67879250718163
      }
    },
    {
      "geospatialTransform" : {
        "altitude" : 35.88258886244148,
        "altitudeAccuracy" : 8.5503414113738607,
        "longitude" : -71.26428531896407,
        "positionAccuracy" : 29.585207337208676,
        "headingAccuracy" : 12.576723109723821,
        "latitude" : 42.293807950022455,
        "heading" : 111.43118442462001
      },
      "cameraWorldTransform" : [
        0.036129668354988098,
        -0.97620803117752075,
        -0.21380479633808136,
        0,
        -0.96336877346038818,
        0.022867236286401749,
        -0.26720348000526428,
        0,
        0.26573529839515686,
        0.21562682092189789,
        -0.93962222337722778,
        0,
        45.577339172363281,
        0.58416581153869629,
        -60.968101501464844,
        1.0000002384185791
      ]
    },
    {
      "cameraWorldTransform" : [
        0.050753623247146606,
        -0.9592442512512207,
        -0.27798306941986084,
        0,
        -0.98696666955947876,
        -0.0056136688217520714,
        -0.16082732379436493,
        0,
        0.1527121365070343,
        0.28252255916595459,
        -0.94702696800231934,
        0,
        45.373497009277344,
        0.52964764833450317,
        -59.699928283691406,
        1.0000001192092896
      ],
      "geospatialTransform" : {
        "altitude" : 35.831462479196489,
        "headingAccuracy" : 12.327854271178451,
        "altitudeAccuracy" : 8.5621028017220997,
        "positionAccuracy" : 29.616950894285388,
        "heading" : 104.95127942760756,
        "longitude" : -71.264270320577779,
        "latitude" : 42.293804888319066
      }
    },
    {
      "cameraWorldTransform" : [
        0.019666858017444611,
        -0.97417986392974854,
        -0.22491490840911865,
        0,
        -0.99186140298843384,
        0.0092932824045419693,
        -0.12698192894458771,
        0,
        0.12579350173473358,
        0.22558175027370453,
        -0.96606874465942383,
        0,
        45.210990905761719,
        0.54210323095321655,
        -58.378818511962891,
        1.0000001192092896
      ],
      "geospatialTransform" : {
        "heading" : 103.21128007642304,
        "altitude" : 35.851392499171197,
        "longitude" : -71.264254559788711,
        "positionAccuracy" : 29.660783877778361,
        "headingAccuracy" : 11.996425054696724,
        "latitude" : 42.293802111171814,
        "altitudeAccuracy" : 8.5798030556769813
      }
    },
    {
      "geospatialTransform" : {
        "heading" : 143.5955060882923,
        "headingAccuracy" : 11.735940950074653,
        "longitude" : -71.264244067168804,
        "latitude" : 42.293796063536846,
        "positionAccuracy" : 29.706931237141021,
        "altitudeAccuracy" : 8.5971432770198248,
        "altitude" : 35.852237924002111
      },
      "cameraWorldTransform" : [
        0.18401254713535309,
        -0.95368129014968872,
        -0.23797369003295898,
        0,
        -0.67984777688980103,
        0.051368948072195053,
        -0.73155200481414795,
        0,
        0.70989185571670532,
        0.29640060663223267,
        -0.63890552520751953,
        0,
        44.640274047851562,
        0.540516197681427,
        -57.458797454833984,
        1.0000001192092896
      ]
    },
    {
      "cameraWorldTransform" : [
        0.26175621151924133,
        -0.9615558385848999,
        -0.083030425012111664,
        0,
        -0.2258128821849823,
        0.02262590080499649,
        -0.97390788793563843,
        0,
        0.93834543228149414,
        0.27367576956748962,
        -0.21120926737785339,
        0,
        43.751724243164062,
        0.5579184889793396,
        -57.043315887451172,
        1.0000001192092896
      ],
      "geospatialTransform" : {
        "headingAccuracy" : 13.685003110330532,
        "heading" : 112.30148983812762,
        "longitude" : -71.264298641167755,
        "altitudeAccuracy" : 3.8980320101273427,
        "altitude" : 33.075930156745017,
        "latitude" : 42.293662098471763,
        "positionAccuracy" : 14.558139779523971
      }
    },
    {
      "geospatialTransform" : {
        "positionAccuracy" : 5.0345943701929121,
        "heading" : 112.83628975713476,
        "altitudeAccuracy" : 1.4970723886881838,
        "headingAccuracy" : 15.964968553733129,
        "longitude" : -71.264296680512871,
        "altitude" : 31.763875114731491,
        "latitude" : 42.293601368987979
      },
      "cameraWorldTransform" : [
        0.25792592763900757,
        -0.96616095304489136,
        -0.0026547613088041544,
        0,
        0.25456425547599792,
        0.070608466863632202,
        -0.96447461843490601,
        0,
        0.9320252537727356,
        0.24808722734451294,
        0.26416179537773132,
        0,
        42.693099975585938,
        0.56853562593460083,
        -57.099689483642578,
        1
      ]
    },
    {
      "geospatialTransform" : {
        "altitudeAccuracy" : 1.4935723795283689,
        "longitude" : -71.264282552464849,
        "headingAccuracy" : 17.904300006432777,
        "latitude" : 42.293598189719319,
        "heading" : 104.96973457714408,
        "altitude" : 31.786037388257682,
        "positionAccuracy" : 4.753162096668027
      },
      "cameraWorldTransform" : [
        0.2538706362247467,
        -0.96707510948181152,
        -0.017761770635843277,
        0,
        0.12971267104148865,
        0.052237391471862793,
        -0.99017477035522461,
        0,
        0.95850104093551636,
        0.2490723580121994,
        0.13870340585708618,
        0,
        41.444038391113281,
        0.60259157419204712,
        -57.277187347412109,
        1.0000001192092896
      ]
    },
    {
      "geospatialTransform" : {
        "heading" : 104.64210408392788,
        "positionAccuracy" : 5.5981979235897432,
        "headingAccuracy" : 21.809066479577396,
        "altitude" : 31.858114427886903,
        "latitude" : 42.293599243584666,
        "longitude" : -71.264268239760682,
        "altitudeAccuracy" : 1.8161171200758877
      },
      "cameraWorldTransform" : [
        0.23136894404888153,
        -0.97007203102111816,
        -0.073680318892002106,
        0,
        0.092825084924697876,
        0.097402237355709076,
        -0.99090689420700073,
        0,
        0.96842753887176514,
        0.2224256694316864,
        0.11258283257484436,
        0,
        40.155731201171875,
        0.58762937784194946,
        -57.357959747314453,
        1.0000001192092896
      ]
    },
    {
      "cameraWorldTransform" : [
        0.18710911273956299,
        -0.98233908414840698,
        -0.00011801083019236103,
        0,
        0.11509440094232559,
        0.022041676566004753,
        -0.99311000108718872,
        0,
        0.97557336091995239,
        0.18580636382102966,
        0.11718592792749405,
        0,
        38.904327392578125,
        0.6194530725479126,
        -57.445228576660156,
        1.0000001192092896
      ],
      "geospatialTransform" : {
        "latitude" : 42.293691617911016,
        "headingAccuracy" : 20.563396909915845,
        "positionAccuracy" : 14.12978610030066,
        "heading" : 172.10245410496887,
        "altitudeAccuracy" : 6.4921833292348792,
        "longitude" : -71.264295962692614,
        "altitude" : 34.683321856893599
      }
    },
    {
      "cameraWorldTransform" : [
        0.21807792782783508,
        -0.97592103481292725,
        0.004503962118178606,
        0,
        0.17125768959522247,
        0.033724755048751831,
        -0.98464900255203247,
        0,
        0.96078765392303467,
        0.21550151705741882,
        0.17448854446411133,
        0,
        37.673469543457031,
        0.63589257001876831,
        -57.578422546386719,
        1.0000002384185791
      ],
      "geospatialTransform" : {
        "altitudeAccuracy" : 7.3090073745911663,
        "altitude" : 35.432907597161829,
        "heading" : 193.85213567246012,
        "latitude" : 42.293706705528521,
        "headingAccuracy" : 12.291749426680949,
        "longitude" : -71.2643115443189,
        "positionAccuracy" : 15.234528375912625
      }
    },
    {
      "cameraWorldTransform" : [
        0.21470177173614502,
        -0.97606527805328369,
        0.034634530544281006,
        0,
        0.13014853000640869,
        -0.0065529327839612961,
        -0.99147289991378784,
        0,
        0.96796917915344238,
        0.21737860143184662,
        0.12562648952007294,
        0,
        36.471366882324219,
        0.64586162567138672,
        -57.689708709716797,
        1.0000001192092896
      ],
      "geospatialTransform" : {
        "longitude" : -71.264312864666394,
        "altitudeAccuracy" : 3.6231744135017809,
        "positionAccuracy" : 13.060401323556089,
        "latitude" : 42.293720785652049,
        "headingAccuracy" : 9.354351071623519,
        "altitude" : 35.955087197944522,
        "heading" : 192.01445739600109
      }
    },
    {
      "geospatialTransform" : {
        "longitude" : -71.26431486227456,
        "altitudeAccuracy" : 2.9611214030309139,
        "headingAccuracy" : 8.9154582614560258,
        "heading" : 188.24392868853843,
        "altitude" : 36.00558449793607,
        "positionAccuracy" : 12.710876239962666,
        "latitude" : 42.293714642234477
      },
      "cameraWorldTransform" : [
        0.25748229026794434,
        -0.96625131368637085,
        -0.0078232772648334503,
        0,
        0.057199209928512573,
        0.023323237895965576,
        -0.99809038639068604,
        0,
        0.964588463306427,
        0.25654309988021851,
        0.061274103820323944,
        0,
        35.305732727050781,
        0.63489443063735962,
        -57.796913146972656,
        1.0000001192092896
      ]
    },
    {
      "cameraWorldTransform" : [
        0.26724547147750854,
        -0.96361738443374634,
        0.0046261814422905445,
        0,
        0.080575786530971527,
        0.017562016844749451,
        -0.9965938925743103,
        0,
        0.96025383472442627,
        0.2667078971862793,
        0.082337565720081329,
        0,
        34.203140258789062,
        0.65928477048873901,
        -57.890960693359375,
        1.0000001192092896
      ],
      "geospatialTransform" : {
        "altitude" : 36.032429539598525,
        "positionAccuracy" : 12.725677110849862,
        "heading" : 189.58423216807162,
        "latitude" : 42.293705162198833,
        "headingAccuracy" : 8.7654917387091285,
        "longitude" : -71.264317132827159,
        "altitudeAccuracy" : 2.9448089077309199
      }
    },
    {
      "geospatialTransform" : {
        "longitude" : -71.264319718847347,
        "altitude" : 35.969275757670403,
        "positionAccuracy" : 12.763006153999838,
        "latitude" : 42.29369545346507,
        "altitudeAccuracy" : 2.9535461372623288,
        "headingAccuracy" : 8.6760241418304034,
        "heading" : 190.00689711182119
      },
      "cameraWorldTransform" : [
        0.33492866158485413,
        -0.94210916757583618,
        -0.015905797481536865,
        0,
        0.080750927329063416,
        0.045518208295106888,
        -0.99569439888000488,
        0,
        0.93877679109573364,
        0.33220219612121582,
        0.091321580111980438,
        0,
        33.091148376464844,
        0.59872323274612427,
        -58.006828308105469,
        1.0000001192092896
      ]
    },
    {
      "geospatialTransform" : {
        "heading" : 186.67362371301846,
        "positionAccuracy" : 12.807807299694584,
        "latitude" : 42.293683972157702,
        "altitude" : 35.955375805497169,
        "altitudeAccuracy" : 2.9455267076492704,
        "longitude" : -71.264320621449741,
        "headingAccuracy" : 8.5183015471282229
      },
      "cameraWorldTransform" : [
        0.27085226774215698,
        -0.96192914247512817,
        0.036488287150859833,
        0,
        0.037452500313520432,
        -0.027346022427082062,
        -0.99892419576644897,
        0,
        0.96189200878143311,
        0.27192744612693787,
        0.028619881719350815,
        0,
        31.788063049316406,
        0.59193360805511475,
        -57.962310791015625,
        1.0000001192092896
      ]
    },
    {
      "cameraWorldTransform" : [
        0.27511990070343018,
        -0.96027654409408569,
        -0.046670086681842804,
        0,
        -0.057836934924125671,
        0.03192417323589325,
        -0.99781560897827148,
        0,
        0.95966863632202148,
        0.27721813321113586,
        -0.046756483614444733,
        0,
        30.371498107910156,
        0.59000158309936523,
        -57.933372497558594,
        1.0000002384185791
      ],
      "geospatialTransform" : {
        "positionAccuracy" : 12.735295961122938,
        "longitude" : -71.264321579299548,
        "altitudeAccuracy" : 2.862422673574617,
        "headingAccuracy" : 8.3943405737516716,
        "altitude" : 35.967232585884631,
        "heading" : 181.94155161979256,
        "latitude" : 42.293673502425634
      }
    },
    {
      "geospatialTransform" : {
        "altitudeAccuracy" : 2.0085952453662128,
        "latitude" : 42.293679921437153,
        "altitude" : 36.073486954905093,
        "headingAccuracy" : 8.1334246006754221,
        "positionAccuracy" : 11.60698237361235,
        "longitude" : -71.264318090790638,
        "heading" : 173.36302827674976
      },
      "cameraWorldTransform" : [
        0.21603657305240631,
        -0.97551429271697998,
        -0.04123276099562645,
        0,
        -0.20140235126018524,
        -0.0032010502181947231,
        -0.97950351238250732,
        0,
        0.95538753271102905,
        0.21991291642189026,
        -0.19716250896453857,
        0,
        29.051109313964844,
        0.59456843137741089,
        -57.815116882324219,
        1.0000002384185791
      ]
    },
    {
      "geospatialTransform" : {
        "altitudeAccuracy" : 1.9905626404755958,
        "heading" : 176.73313918112805,
        "positionAccuracy" : 11.618625419491272,
        "altitude" : 36.04007385391742,
        "longitude" : -71.264318468779592,
        "latitude" : 42.293667946150201,
        "headingAccuracy" : 8.0537552410259927
      },
      "cameraWorldTransform" : [
        0.22564023733139038,
        -0.97079950571060181,
        -0.081455245614051819,
        0,
        -0.15297809243202209,
        0.047266550362110138,
        -0.98709869384765625,
        0,
        0.96212488412857056,
        0.23519003391265869,
        -0.13784587383270264,
        0,
        27.638542175292969,
        0.56732702255249023,
        -57.71923828125,
        1.0000002384185791
      ]
    },
    {
      "cameraWorldTransform" : [
        0.27386084198951721,
        -0.96012139320373535,
        -0.056278221309185028,
        0,
        -0.084622502326965332,
        0.034233640879392624,
        -0.99582487344741821,
        0,
        0.95803928375244141,
        0.27747982740402222,
        -0.071872629225254059,
        0,
        26.336036682128906,
        0.55319982767105103,
        -57.706363677978516,
        1.0000001192092896
      ],
      "geospatialTransform" : {
        "headingAccuracy" : 7.9298824810523669,
        "positionAccuracy" : 11.519843826901189,
        "latitude" : 42.293658829215786,
        "heading" : 180.68440796949358,
        "longitude" : -71.264319640957893,
        "altitudeAccuracy" : 1.9147467606851356,
        "altitude" : 36.038991919718683
      }
    },
    {
      "geospatialTransform" : {
        "longitude" : -71.264321506473436,
        "altitudeAccuracy" : 1.9067312666914713,
        "positionAccuracy" : 11.54962583852944,
        "altitude" : 36.054874775931239,
        "heading" : 186.64407387165761,
        "headingAccuracy" : 7.8780244350999737,
        "latitude" : 42.293647250333926
      },
      "cameraWorldTransform" : [
        0.15840324759483337,
        -0.98715394735336304,
        -0.020863475278019905,
        0,
        0.022016482427716255,
        0.024656279012560844,
        -0.99945342540740967,
        0,
        0.98712891340255737,
        0.15785735845565796,
        0.025639265775680542,
        0,
        24.994285583496094,
        0.56220084428787231,
        -57.723476409912109,
        1
      ]
    },
    {
      "geospatialTransform" : {
        "headingAccuracy" : 7.8622850170154903,
        "longitude" : -71.264322880268679,
        "heading" : 181.19936798144897,
        "positionAccuracy" : 11.605341886276189,
        "latitude" : 42.293635084331832,
        "altitude" : 36.073952237144113,
        "altitudeAccuracy" : 1.9142869391738493
      },
      "cameraWorldTransform" : [
        0.27432075142860413,
        -0.96163803339004517,
        0.00069210771471261978,
        0,
        -0.067036502063274384,
        -0.019841061905026436,
        -0.99755334854125977,
        0,
        0.95929890871047974,
        0.2736031711101532,
        -0.069907687604427338,
        0,
        23.602951049804688,
        0.57292294502258301,
        -57.700691223144531,
        1.0000002384185791
      ]
    },
    {
      "geospatialTransform" : {
        "longitude" : -71.264321845123646,
        "altitudeAccuracy" : 1.9296010152839644,
        "latitude" : 42.293623657303442,
        "positionAccuracy" : 11.673585249288209,
        "headingAccuracy" : 7.8706357173970947,
        "altitude" : 36.079256067983806,
        "heading" : 170.93550225169008
      },
      "cameraWorldTransform" : [
        0.27467033267021179,
        -0.95477569103240967,
        -0.11384056508541107,
        0,
        -0.25674554705619812,
        0.041270188987255096,
        -0.96559768915176392,
        0,
        0.92662721872329712,
        0.29444900155067444,
        -0.2337987869977951,
        0,
        22.306869506835938,
        0.57659947872161865,
        -57.461132049560547,
        1.0000002384185791
      ]
    },
    {
      "geospatialTransform" : {
        "latitude" : 42.293612708861069,
        "longitude" : -71.264322103348661,
        "heading" : 170.10017236044271,
        "positionAccuracy" : 11.747599624984693,
        "headingAccuracy" : 7.8054421771440374,
        "altitude" : 36.097793527878821,
        "altitudeAccuracy" : 1.9425588699001965
      },
      "cameraWorldTransform" : [
        0.19708596169948578,
        -0.97497069835662842,
        -0.10290379822254181,
        0,
        -0.27389156818389893,
        0.046027243137359619,
        -0.96065855026245117,
        0,
        0.94135028123855591,
        0.21751679480075836,
        -0.257965087890625,
        0,
        21.051109313964844,
        0.60014665126800537,
        -57.246231079101562,
        1
      ]
    },
    {
      "cameraWorldTransform" : [
        0.24242056906223297,
        -0.96881169080734253,
        0.051344621926546097,
        0,
        0.3151630163192749,
        0.028587736189365387,
        -0.94860690832138062,
        0,
        0.91755354404449463,
        0.24614374339580536,
        0.31226387619972229,
        0,
        19.98651123046875,
        0.60956400632858276,
        -57.319324493408203,
        1.0000001192092896
      ],
      "geospatialTransform" : {
        "latitude" : 42.293606275319583,
        "positionAccuracy" : 11.717178599748214,
        "heading" : 204.73215641276659,
        "altitudeAccuracy" : 1.886188349564748,
        "longitude" : -71.264326641347552,
        "altitude" : 36.115104782395065,
        "headingAccuracy" : 7.6907067834091931
      }
    },
    {
      "geospatialTransform" : {
        "heading" : 248.36050105247847,
        "longitude" : -71.26433737507223,
        "altitude" : 36.180881226435304,
        "altitudeAccuracy" : 1.6928978089231441,
        "latitude" : 42.293612173777518,
        "headingAccuracy" : 7.5174588853238937,
        "positionAccuracy" : 11.271183847893585
      },
      "cameraWorldTransform" : [
        0.12087758630514145,
        -0.96724313497543335,
        0.22322492301464081,
        0,
        0.88177508115768433,
        0.0013427175581455231,
        -0.47166833281517029,
        0,
        0.45591810345649719,
        0.25384828448295593,
        0.85305315256118774,
        0,
        19.291122436523438,
        0.6116938591003418,
        -58.049449920654297,
        1.0000002384185791
      ]
    },
    {
      "cameraWorldTransform" : [
        0.045982759445905685,
        -0.9730488657951355,
        0.22596751153469086,
        0,
        0.96770530939102173,
        -0.012735455296933651,
        -0.25176182389259338,
        0,
        0.24785438179969788,
        0.2302466481924057,
        0.94103920459747314,
        0,
        18.987037658691406,
        0.60521501302719116,
        -59.036670684814453,
        1
      ],
      "geospatialTransform" : {
        "altitude" : 36.172291458584368,
        "altitudeAccuracy" : 1.689078888271528,
        "positionAccuracy" : 11.284991512466645,
        "latitude" : 42.293611413674213,
        "heading" : 262.08208734728123,
        "headingAccuracy" : 7.5573833265966179,
        "longitude" : -71.264351510367263
      }
    },
    {
      "cameraWorldTransform" : [
        0.057599708437919617,
        -0.98167985677719116,
        0.18162329494953156,
        0,
        0.93810230493545532,
        -0.0090161655098199844,
        -0.34624087810516357,
        0,
        0.34153524041175842,
        0.19032460451126099,
        0.92039680480957031,
        0,
        18.697921752929688,
        0.62401187419891357,
        -60.181419372558594,
        1.0000001192092896
      ],
      "geospatialTransform" : {
        "heading" : 256.80532114495611,
        "longitude" : -71.26436788099916,
        "altitudeAccuracy" : 1.7015442032768768,
        "latitude" : 42.293610518632839,
        "positionAccuracy" : 11.327083668452476,
        "altitude" : 36.181167689152062,
        "headingAccuracy" : 7.5989091757962148
      }
    },
    {
      "cameraWorldTransform" : [
        0.063014708459377289,
        -0.97978746891021729,
        0.18985718488693237,
        0,
        0.93954664468765259,
        -0.0059156869538128376,
        -0.34236994385719299,
        0,
        0.33657276630401611,
        0.19995401799678802,
        0.92018312215805054,
        0,
        18.398239135742188,
        0.64770591259002686,
        -61.321762084960938,
        1.0000001192092896
      ],
      "geospatialTransform" : {
        "latitude" : 42.293609631723236,
        "longitude" : -71.26438437492034,
        "altitudeAccuracy" : 1.6874248119925128,
        "heading" : 257.43364876897425,
        "positionAccuracy" : 11.358034310693665,
        "altitude" : 36.188772776164114,
        "headingAccuracy" : 7.5589224219250815
      }
    },
    {
      "geospatialTransform" : {
        "altitudeAccuracy" : 1.6859272281377331,
        "latitude" : 42.293611608255233,
        "altitude" : 36.194244406186044,
        "heading" : 292.36823336510378,
        "longitude" : -71.264395971171496,
        "headingAccuracy" : 7.5116506880812359,
        "positionAccuracy" : 11.382519252829949
      },
      "cameraWorldTransform" : [
        -0.0020673174876719713,
        -0.96288168430328369,
        0.26991590857505798,
        0,
        0.96879708766937256,
        0.064969494938850403,
        0.23918835818767548,
        0,
        -0.24784639477729797,
        0.26198822259902954,
        0.93270272016525269,
        0,
        18.454826354980469,
        0.65579110383987427,
        -62.155815124511719,
        1.0000001192092896
      ]
    },
    {
      "cameraWorldTransform" : [
        0.051651086658239365,
        -0.97573322057723999,
        0.21278378367424011,
        0,
        0.98343878984451294,
        0.012630955316126347,
        -0.18079966306686401,
        0,
        0.17372457683086395,
        0.21859833598136902,
        0.96022635698318481,
        0,
        18.386024475097656,
        0.67030572891235352,
        -62.680580139160156,
        1.0000001192092896
      ],
      "geospatialTransform" : {
        "altitude" : 36.22128635738045,
        "latitude" : 42.293613813057384,
        "heading" : 267.79500493544583,
        "longitude" : -71.264403368031708,
        "positionAccuracy" : 11.275104867744384,
        "altitudeAccuracy" : 1.6551420237159398,
        "headingAccuracy" : 7.483132769949596
      }
    },
    {
      "cameraWorldTransform" : [
        -0.076048031449317932,
        -0.99124675989151001,
        0.10791902244091034,
        0,
        0.5336989164352417,
        0.050957821309566498,
        0.84413784742355347,
        0,
        -0.84224826097488403,
        0.12179126590490341,
        0.52515214681625366,
        0,
        18.492652893066406,
        0.70018088817596436,
        -62.839492797851562,
        1.0000002384185791
      ],
      "geospatialTransform" : {
        "positionAccuracy" : 11.021317693647838,
        "headingAccuracy" : 7.4114050054478442,
        "altitude" : 36.276232358068228,
        "heading" : 336.14771772899149,
        "latitude" : 42.29361946240796,
        "altitudeAccuracy" : 1.5980604663007743,
        "longitude" : -71.264404079884912
      }
    },
    {
      "geospatialTransform" : {
        "altitudeAccuracy" : 1.5348443722335763,
        "headingAccuracy" : 7.3621625798044805,
        "positionAccuracy" : 10.800958869806562,
        "latitude" : 42.293626686463625,
        "heading" : 20.426549883484093,
        "altitude" : 36.277852063067257,
        "longitude" : -71.264400185565464
      },
      "cameraWorldTransform" : [
        -0.21083042025566101,
        -0.97751176357269287,
        -0.004599579144269228,
        0,
        -0.2038612961769104,
        0.039366092532873154,
        0.97820800542831421,
        0,
        -0.95602875947952271,
        0.2071736603975296,
        -0.20757636427879333,
        0,
        18.980789184570312,
        0.69649702310562134,
        -62.601226806640625,
        1
      ]
    },
    {
      "geospatialTransform" : {
        "altitudeAccuracy" : 1.5442333294590902,
        "positionAccuracy" : 10.782692155779907,
        "headingAccuracy" : 7.3835311250935609,
        "latitude" : 42.293633528872334,
        "heading" : 4.6005531647257758,
        "longitude" : -71.264398740065445,
        "altitude" : 36.319035487249494
      },
      "cameraWorldTransform" : [
        -0.15877798199653625,
        -0.98559039831161499,
        0.058320127427577972,
        0,
        0.074202753603458405,
        0.046990096569061279,
        0.99613553285598755,
        0,
        -0.98452198505401611,
        0.16249190270900726,
        0.065672524273395538,
        0,
        19.736289978027344,
        0.73052829504013062,
        -62.494361877441406,
        1.0000002384185791
      ]
    },
    {
      "geospatialTransform" : {
        "altitude" : 36.326719162985682,
        "longitude" : -71.264400192843951,
        "heading" : 1.8653876135115766,
        "headingAccuracy" : 7.3961842003549769,
        "altitudeAccuracy" : 1.5623404913941659,
        "positionAccuracy" : 10.764917105872438,
        "latitude" : 42.293636618838242
      },
      "cameraWorldTransform" : [
        -0.15147982537746429,
        -0.98845601081848145,
        -0.0029351606499403715,
        0,
        0.11714071035385132,
        -0.020900033414363861,
        0.99289542436599731,
        0,
        -0.98149478435516357,
        0.15005978941917419,
        0.11895442754030228,
        0,
        20.057571411132812,
        0.71243757009506226,
        -62.552879333496094,
        1.0000001192092896
      ]
    },
    {
      "geospatialTransform" : {
        "latitude" : 42.293635992683377,
        "positionAccuracy" : 10.769741677901353,
        "headingAccuracy" : 7.4417259791403279,
        "altitudeAccuracy" : 1.5736556782698135,
        "altitude" : 36.346615503542125,
        "longitude" : -71.264401760133694,
        "heading" : 0.61780330791946925
      },
      "cameraWorldTransform" : [
        -0.13390375673770905,
        -0.98411518335342407,
        0.11656365543603897,
        0,
        0.15420366823673248,
        0.095498725771903992,
        0.98341304063796997,
        0,
        -0.97892332077026367,
        0.14965721964836121,
        0.13896656036376953,
        0,
        19.946052551269531,
        0.74382328987121582,
        -62.613456726074219,
        1.0000001192092896
      ]
    },
    {
      "cameraWorldTransform" : [
        -0.16033795475959778,
        -0.95619720220565796,
        -0.24490582942962646,
        0,
        -0.1628277450799942,
        -0.21909411251544952,
        0.9620213508605957,
        0,
        -0.97353935241699219,
        0.1941259354352951,
        -0.1205662339925766,
        0,
        19.9620361328125,
        0.6324884295463562,
        -62.68975830078125,
        1.0000002384185791
      ],
      "geospatialTransform" : {
        "longitude" : -71.264403081815303,
        "latitude" : 42.293636237618863,
        "headingAccuracy" : 7.3817865727775196,
        "altitudeAccuracy" : 1.5716835594213769,
        "heading" : 16.427962026109899,
        "positionAccuracy" : 10.76233530100505,
        "altitude" : 36.223421005532146
      }
    },
    {
      "geospatialTransform" : {
        "longitude" : -71.264400420300731,
        "headingAccuracy" : 7.1811961186947526,
        "altitude" : 36.324624817818403,
        "positionAccuracy" : 10.869646505873021,
        "heading" : 40.293506844923371,
        "altitudeAccuracy" : 2.5039764751662976,
        "latitude" : 42.293639478072862
      },
      "cameraWorldTransform" : [
        -0.058792237192392349,
        -0.99275481700897217,
        -0.1047915518283844,
        0,
        -0.52536827325820923,
        -0.058489769697189331,
        0.8488621711730957,
        0,
        -0.84884124994277954,
        0.10496067255735397,
        -0.51812320947647095,
        0,
        19.6654052734375,
        0.66628354787826538,
        -62.670925140380859,
        1.0000001192092896
      ]
    },
    {
      "geospatialTransform" : {
        "heading" : 0.23069071371520311,
        "altitude" : 36.358482328243554,
        "positionAccuracy" : 9.9719069695881029,
        "altitudeAccuracy" : 2.0192672384320214,
        "longitude" : -71.264389696630644,
        "headingAccuracy" : 6.9430686404528252,
        "latitude" : 42.293661816233659
      },
      "cameraWorldTransform" : [
        -0.39320692420005798,
        -0.9166826605796814,
        0.071281462907791138,
        0,
        0.15049512684345245,
        0.012314434163272381,
        0.98853409290313721,
        0,
        -0.90704983472824097,
        0.3994259238243103,
        0.13311415910720825,
        0,
        20.737922668457031,
        0.72478818893432617,
        -62.618793487548828,
        1.0000001192092896
      ]
    },
    {
      "cameraWorldTransform" : [
        -0.20337203145027161,
        -0.9746430516242981,
        0.093331582844257355,
        0,
        0.24030128121376038,
        0.04272175207734108,
        0.96975785493850708,
        0,
        -0.94915497303009033,
        0.21964931488037109,
        0.22551968693733215,
        0,
        21.900062561035156,
        0.73217576742172241,
        -62.984096527099609,
        1.0000002384185791
      ],
      "geospatialTransform" : {
        "altitudeAccuracy" : 2.0142004563471581,
        "altitude" : 36.370186292566359,
        "latitude" : 42.293673047595874,
        "headingAccuracy" : 6.9625893410997044,
        "longitude" : -71.264392741123288,
        "heading" : 355.48322476632643,
        "positionAccuracy" : 9.9180959645784306
      }
    },
    {
      "cameraWorldTransform" : [
        -0.18390166759490967,
        -0.97922277450561523,
        0.08545675128698349,
        0,
        0.21264244616031647,
        0.045247573405504227,
        0.97608184814453125,
        0,
        -0.95966833829879761,
        0.19767481088638306,
        0.19990324974060059,
        0,
        23.105438232421875,
        0.73637741804122925,
        -63.295612335205078,
        1.0000001192092896
      ],
      "geospatialTransform" : {
        "longitude" : -71.264395332228744,
        "positionAccuracy" : 9.8870371594868622,
        "latitude" : 42.293684169346704,
        "altitudeAccuracy" : 2.0135280759949281,
        "heading" : 357.46314562207641,
        "altitude" : 36.369900938123465,
        "headingAccuracy" : 6.9630382080672586
      }
    },
    {
      "geospatialTransform" : {
