{
  "geoSpatialTransformTimes" : [
    15.393733978271484,
    15.694370985031128,
    15.997378945350647,
    16.298396944999695,
    16.614120960235596,
    16.914933919906616,
    17.217154979705811,
    17.518186926841736,
    17.834877014160156,
    18.135218977928162,
    18.435275912284851,
    18.848158955574036,
    19.155692934989929,
    19.455693960189819,
    19.755818009376526,
    20.064800977706909,
    20.373396992683411,
    20.676578998565674,
    20.98491895198822,
    21.284968018531799,
    21.612766027450562,
    21.913396000862122,
    22.308856964111328,
    22.614248991012573,
    22.914996027946472,
    23.216069936752319,
    23.524501919746399,
    23.835292935371399
  ],
  "geoLocationAlignmentAttemptTimes" : [

  ],
  "pathDataTime" : [

  ],
  "speechData" : [
    "Cloud Anchor Resolved",
    "Cloud Anchor Resolved",
    "Slight right towards 1 o'clock and proceed 9 feet. Correction for phone \/ body offset will be updated as you start walking.",
    "Slight right towards 1 o'clock and proceed 5 feet",
    "Cloud Anchor Resolved",
    "Turn around towards 7 o'clock and proceed 58 feet"
  ],
  "PathID" : "108C8801-4272-49AA-BDC7-08D3DACDBEB62023-03-19T18:29:58-04:00",
  "PathDate" : "0",
  "PathData" : [

  ],
  "userId" : "NcsslHgGt7OcPalBU90raZOBcqP2",
  "PathType" : "0",
  "navigationDataTime" : [
    0.0011779069900512695,
    0.30403995513916016,
    0.60403692722320557,
    0.90314793586730957,
    1.2041169404983521,
    1.5039958953857422,
    1.8040539026260376,
    2.1033579111099243,
    2.4040709733963013,
    2.7040799856185913,
    3.003261923789978,
    3.4160540103912354,
    3.6040269136428833,
    3.9040249586105347,
    4.2041149139404297,
    4.5828258991241455,
    4.8032829761505127,
    5.103753924369812,
    5.4035859107971191,
    5.7349989414215088,
    6.0041069984436035,
    6.3040980100631714,
    6.6033029556274414,
    6.9040619134902954,
    7.2032449245452881,
    7.5041249990463257,
    7.8040969371795654,
    8.1030969619750977,
    8.4040189981460571,
    8.7041879892349243,
    9.0041309595108032,
    9.3070069551467896,
    9.6080199480056763,
    9.9098809957504272,
    10.326505899429321,
    10.504122972488403,
    10.804147005081177,
    11.103420972824097,
    11.479584932327271,
    11.703405976295471,
    12.004203915596008,
    12.303758978843689,
    12.615867972373962,
    12.933584928512573,
    13.204216957092285,
    13.504222989082336,
    13.835945010185242,
    14.104236960411072,
    14.404302000999451,
    14.705030918121338,
    15.022888898849487,
    15.30430793762207
  ],
  "savedRouteGeospatialLocations" : [
    {
      "altitude" : 35.981446573510766,
      "horizontalUncertainty" : 14.032257679468044,
      "latitude" : 42.293809395869872,
      "GARAnchorUUID" : "",
      "longitude" : -71.264334540069626,
      "altitudeUncertainty" : 3.307830073172167,
      "headingUncertainty" : 13.864206030203002,
      "heading" : 157.24018527115248,
      "geoAnchorTransform" : [
        -0.99401730298995972,
        2.1231751912154095e-09,
        -0.10922288149595261,
        0,
        8.2844229254419588e-09,
        1,
        -5.5956078881536087e-08,
        0,
        0.10922288149595261,
        -5.6526157976577451e-08,
        -0.99401730298995972,
        0,
        -0.059113837778568268,
        -0.036075197160243988,
        -0.76363128423690796,
        1
      ]
    },
    {
      "altitudeUncertainty" : 3.3104104605432845,
      "horizontalUncertainty" : 14.029359322394042,
      "headingUncertainty" : 13.832774428580002,
      "latitude" : 42.293811197095117,
      "altitude" : 35.986573997884989,
      "longitude" : -71.264335309312102,
      "GARAnchorUUID" : "",
      "geoAnchorTransform" : [
        -0.99890446662902832,
        -1.9730939104789513e-09,
        -0.046796470880508423,
        0,
        -2.2205539629283066e-09,
        1,
        5.2360213942392875e-09,
        0,
        0.046796470880508423,
        5.3341988603960999e-09,
        -0.99890446662902832,
        0,
        -0.097652941942214966,
        -0.034051094204187393,
        -0.57290428876876831,
        1
      ],
      "heading" : 153.67332222531101
    },
    {
      "latitude" : 42.293812940166056,
      "GARAnchorUUID" : "",
      "longitude" : -71.264338104374758,
      "altitudeUncertainty" : 2.3742405161171023,
      "horizontalUncertainty" : 13.182906879594274,
      "headingUncertainty" : 13.925266483187654,
      "altitude" : 36.008637140505016,
      "heading" : 151.38710279182092,
      "geoAnchorTransform" : [
        -0.99997550249099731,
        -3.8057779150335591e-09,
        -0.0069954497739672661,
        0,
        -4.0820564706223195e-09,
        1,
        3.9479722602209222e-08,
        0,
        0.0069954497739672661,
        3.9507312976638786e-08,
        -0.99997550249099731,
        0,
        -0.13402257859706879,
        -0.04390084370970726,
        -0.22679805755615234,
        1
      ]
    },
    {
      "altitudeUncertainty" : 1.8733848839795104,
      "geoAnchorTransform" : [
        -0.99969112873077393,
        2.6804958253023869e-09,
        0.024851333349943161,
        0,
        2.9921005673116952e-09,
        1,
        1.2501566004630149e-08,
        0,
        -0.024851333349943161,
        1.2572062502158587e-08,
        -0.99969112873077393,
        0,
        -0.10290315747261047,
        -0.04200487956404686,
        -0.203306645154953,
        1
      ],
      "latitude" : 42.293811913001228,
      "headingUncertainty" : 14.055500454665989,
      "GARAnchorUUID" : "",
      "longitude" : -71.264338851823695,
      "altitude" : 36.035699785687029,
      "heading" : 149.55957034319286,
      "horizontalUncertainty" : 12.501380573193543
    },
    {
      "headingUncertainty" : 14.137819958040321,
      "latitude" : 42.293809156235007,
      "longitude" : -71.264338684068079,
      "geoAnchorTransform" : [
        -0.99879002571105957,
        1.337465338480115e-08,
        0.049178272485733032,
        0,
        1.2209059541135048e-08,
        1,
        -2.4001781895321983e-08,
        0,
        -0.049178272485733032,
        -2.3372319191139468e-08,
        -0.99879002571105957,
        0,
        -0.012567226774990559,
        -0.038085315376520157,
        -0.41597571969032288,
        1
      ],
      "GARAnchorUUID" : "",
      "horizontalUncertainty" : 12.055516354007551,
      "altitude" : 36.053915001451969,
      "altitudeUncertainty" : 1.5551937586747049,
      "heading" : 148.15849569425183
    },
    {
      "GARAnchorUUID" : "",
      "heading" : 147.30753867391365,
      "altitudeUncertainty" : 1.477101926005679,
      "latitude" : 42.293807059225088,
      "headingUncertainty" : 14.128982213161869,
      "horizontalUncertainty" : 11.955460380824155,
      "geoAnchorTransform" : [
        -0.99795520305633545,
        1.0852814646966635e-08,
        0.063916787505149841,
        0,
        8.4874693939696044e-09,
        1,
        -3.7278162778875412e-08,
        0,
        -0.063916787505149841,
        -3.6659447033571269e-08,
        -0.99795520305633545,
        0,
        0.028212673962116241,
        -0.048739351332187653,
        -0.64505332708358765,
        1
      ],
      "longitude" : -71.264337809473346,
      "altitude" : 36.044779747724533
    },
    {
      "headingUncertainty" : 14.104709230593432,
      "longitude" : -71.264335331974351,
      "horizontalUncertainty" : 11.930285272944545,
      "heading" : 150.55762259555001,
      "altitude" : 36.0409617414698,
      "latitude" : 42.293804471083952,
      "altitudeUncertainty" : 1.4606579258166927,
      "GARAnchorUUID" : "",
      "geoAnchorTransform" : [
        -0.99997413158416748,
        -2.7034234850731309e-09,
        0.0071933376602828503,
        0,
        -3.0944018458711753e-09,
        1,
        -5.4341725785889139e-08,
        0,
        -0.0071933376602828503,
        -5.4362580215183698e-08,
        -0.99997413158416748,
        0,
        -0.014731784351170063,
        -0.051526531577110291,
        -1.0022968053817749,
        1
      ]
    },
    {
      "GARAnchorUUID" : "",
      "heading" : 149.16436675933807,
      "latitude" : 42.293801406978609,
      "altitude" : 36.034746224060655,
      "headingUncertainty" : 14.075862238515022,
      "geoAnchorTransform" : [
        -0.99951654672622681,
        3.1810649669949953e-09,
        0.031091954559087753,
        0,
        1.12825038200981e-09,
        1,
        -6.6041522472914949e-08,
        0,
        -0.031091954559087753,
        -6.5974518292932771e-08,
        -0.99951654672622681,
        0,
        0.0032557293307036161,
        -0.057001814246177673,
        -1.3902103900909424,
        1
      ],
      "horizontalUncertainty" : 11.919361099930036,
      "longitude" : -71.264333382127589,
      "altitudeUncertainty" : 1.4540158809342394
    },
    {
      "GARAnchorUUID" : "",
      "geoAnchorTransform" : [
        -0.99929362535476685,
        5.3126636423428408e-09,
        0.037580560892820358,
        0,
        2.5273010351156699e-09,
        1,
        -7.4164610452953639e-08,
        0,
        -0.037580560892820358,
        -7.4017243889556994e-08,
        -0.99929362535476685,
        0,
        0.012152374722063541,
        -0.059297803789377213,
        -1.718866229057312,
        1
      ],
      "latitude" : 42.293798835396558,
      "altitude" : 36.032526380382478,
      "longitude" : -71.264331659707608,
      "heading" : 148.75652662980136,
      "headingUncertainty" : 14.073582316884702,
      "altitudeUncertainty" : 1.4599589135236388,
      "horizontalUncertainty" : 11.916380180342841
    },
    {
      "altitudeUncertainty" : 1.4561590470167074,
      "headingUncertainty" : 14.034429905663016,
      "geoAnchorTransform" : [
        -0.99989879131317139,
        -5.7632325578538257e-09,
        0.01422690786421299,
        0,
        -6.7847767404316528e-09,
        1,
        -7.175542293680337e-08,
        0,
        -0.01422690786421299,
        -7.1844688420696912e-08,
        -0.99989879131317139,
        0,
        -0.054940782487392426,
        -0.043479293584823608,
        -2.222482442855835,
        1
      ],
      "GARAnchorUUID" : "",
      "latitude" : 42.293795275894517,
      "heading" : 150.01268741848693,
      "longitude" : -71.264328200107514,
      "horizontalUncertainty" : 11.90749323033558,
      "altitude" : 36.050466639921069
    },
    {
      "altitude" : 36.031178708188236,
      "headingUncertainty" : 14.001388479579495,
      "geoAnchorTransform" : [
        -0.99724328517913818,
        1.6950478520794121e-10,
        -0.074201226234436035,
        0,
        5.9350200309893353e-09,
        1,
        -7.7480578397626232e-08,
        0,
        0.074201226234436035,
        -7.7707369428026141e-08,
        -0.99724328517913818,
        0,
        0.0024446393363177776,
        -0.062898002564907074,
        -2.6860079765319824,
        1
      ],
      "GARAnchorUUID" : "",
      "longitude" : -71.264326251050932,
      "altitudeUncertainty" : 1.4577239037365426,
      "latitude" : 42.293791496318711,
      "heading" : 154.99538151025601,
      "horizontalUncertainty" : 11.90368916135731
    },
    {
      "geoAnchorTransform" : [
        -0.90663528442382812,
        -9.2562348896763069e-09,
        -0.42191517353057861,
        0,
        2.3239945079467361e-08,
        1,
        -7.1877927609875769e-08,
        0,
        0.42191517353057861,
        -7.4972355434965721e-08,
        -0.90663528442382812,
        0,
        0.16942644119262695,
        -0.071357175707817078,
        -3.0825784206390381,
        1
      ],
      "latitude" : 42.293787765575352,
      "GARAnchorUUID" : "",
      "heading" : 175.59841950180666,
      "longitude" : -71.264325840163522,
      "headingUncertainty" : 13.973759868327866,
      "altitude" : 36.02111145015806,
      "altitudeUncertainty" : 1.4612448918609342,
      "horizontalUncertainty" : 11.902909126516239
    },
    {
      "latitude" : 42.293784282575686,
      "longitude" : -71.264327521508875,
      "horizontalUncertainty" : 11.906320722478824,
      "altitude" : 36.025238970294595,
      "GARAnchorUUID" : "",
      "heading" : 200.59741334360757,
      "headingUncertainty" : 13.950333889498138,
      "geoAnchorTransform" : [
        -0.64218384027481079,
        -1.2881910649298334e-08,
        -0.76655066013336182,
        0,
        4.6487013349860717e-08,
        1,
        -5.5749897143186899e-08,
        0,
        0.76655066013336182,
        -7.1436332405028224e-08,
        -0.64218384027481079,
        0,
        0.47666701674461365,
        -0.066175840795040131,
        -3.3670334815979004,
        1
      ],
      "altitudeUncertainty" : 1.4641504658623057
    },
    {
      "altitude" : 36.026160521432757,
      "altitudeUncertainty" : 1.4679136570313078,
      "longitude" : -71.264331132108424,
      "heading" : 222.35609999236613,
      "headingUncertainty" : 13.931952723025454,
      "geoAnchorTransform" : [
        -0.31056025624275208,
        -1.5622880766841263e-08,
        -0.95055371522903442,
        0,
        7.0390825612776098e-08,
        1,
        -3.9433306397995693e-08,
        0,
        0.95055371522903442,
        -7.9156677657010732e-08,
        -0.31056025624275208,
        0,
        0.92881333827972412,
        -0.064300723373889923,
        -3.5704708099365234,
        1
      ],
      "horizontalUncertainty" : 11.913520768662483,
      "GARAnchorUUID" : "",
      "latitude" : 42.293780782059599
    },
    {
      "GARAnchorUUID" : "",
      "altitudeUncertainty" : 1.4682529316001782,
      "latitude" : 42.293777672903502,
      "headingUncertainty" : 13.912953874566934,
      "altitude" : 36.038941789418459,
      "longitude" : -71.264334675068767,
      "geoAnchorTransform" : [
        -0.037305474281311035,
        -2.7894829557340017e-08,
        -0.99930393695831299,
        0,
        7.6340526788953866e-08,
        1,
        -3.0764162772811687e-08,
        0,
        0.99930393695831299,
        -7.743506102997344e-08,
        -0.037305474281311035,
        0,
        1.358257532119751,
        -0.050592277199029922,
        -3.7344169616699219,
        1
      ],
      "heading" : 238.19558743625504,
      "horizontalUncertainty" : 11.922061323348366
    },
    {
      "heading" : 242.10069808217867,
      "latitude" : 42.293775262463271,
      "altitudeUncertainty" : 1.4515436755944127,
      "horizontalUncertainty" : 11.90051765733679,
      "altitude" : 36.037536867894232,
      "headingUncertainty" : 13.87442062237238,
      "GARAnchorUUID" : "",
      "geoAnchorTransform" : [
        0.033708415925502777,
        -1.5872876346634257e-08,
        -0.99943172931671143,
        0,
        8.2261848888265376e-08,
        1,
        -1.3107409380097579e-08,
        0,
        0.99943172931671143,
        -8.1773272597729374e-08,
        0.033708415925502777,
        0,
        1.8723593950271606,
        -0.051444798707962036,
        -3.7739865779876709,
        1
      ],
      "longitude" : -71.264339828565411
    },
    {
      "latitude" : 42.293773072874565,
      "headingUncertainty" : 13.865561170204597,
      "horizontalUncertainty" : 11.783922495464804,
      "altitudeUncertainty" : 1.4049530474165683,
      "altitude" : 36.032841459847987,
      "heading" : 241.88101299308835,
      "GARAnchorUUID" : "",
      "geoAnchorTransform" : [
        0.031674649566411972,
        -1.3768608475572819e-08,
        -0.99949824810028076,
        0,
        8.858724243054894e-08,
        1,
        -1.0968142838407857e-08,
        0,
        0.99949824810028076,
        -8.8195378111777245e-08,
        0.031674649566411972,
        0,
        2.3953080177307129,
        -0.064684942364692688,
        -3.8346660137176514,
        1
      ],
      "longitude" : -71.264344733282456
    },
    {
      "latitude" : 42.293771366287586,
      "GARAnchorUUID" : "",
      "geoAnchorTransform" : [
        0.03645792230963707,
        -7.1500196874296762e-09,
        -0.99933516979217529,
        0,
        8.8229022310315486e-08,
        1,
        -3.935989312253696e-09,
        0,
        0.99933516979217529,
        -8.8026872901991737e-08,
        0.03645792230963707,
        0,
        2.9001123905181885,
        -0.062871292233467102,
        -3.8425025939941406,
        1
      ],
      "altitude" : 36.043978793546557,
      "longitude" : -71.264349700359105,
      "heading" : 242.08193069507735,
      "horizontalUncertainty" : 11.67081535315878,
      "headingUncertainty" : 13.860204262831669,
      "altitudeUncertainty" : 1.3545470950631986
    },
    {
      "horizontalUncertainty" : 11.661042316455386,
      "altitude" : 36.055050117895007,
      "longitude" : -71.264355287077123,
      "altitudeUncertainty" : 1.3454321364966737,
      "headingUncertainty" : 13.84211489269987,
      "GARAnchorUUID" : "",
      "geoAnchorTransform" : [
        0.0077562090009450912,
        5.3469859651045226e-09,
        -0.99996989965438843,
        0,
        9.0028933641406184e-08,
        1,
        6.0454508066243307e-09,
        0,
        0.99996989965438843,
        -9.0073115188715747e-08,
        0.0077562090009450912,
        0,
        3.4147498607635498,
        -0.052652373909950256,
        -3.7857139110565186,
        1
      ],
      "latitude" : 42.293769587636383,
      "heading" : 240.31980450552345
    },
    {
      "geoAnchorTransform" : [
        0.02684541791677475,
        3.6966605332366953e-09,
        -0.99963957071304321,
        0,
        9.1478959518553893e-08,
        1,
        6.1546696628056452e-09,
        0,
        0.99963957071304321,
        -9.161121283796092e-08,
        0.02684541791677475,
        0,
        3.9541752338409424,
        -0.042947269976139069,
        -3.7553317546844482,
        1
      ],
      "altitudeUncertainty" : 1.3448958361267125,
      "longitude" : -71.264360965313017,
      "altitude" : 36.065131122246385,
      "heading" : 241.2885991292348,
      "latitude" : 42.293767366202225,
      "horizontalUncertainty" : 11.673904257807571,
      "headingUncertainty" : 13.811305511468969,
      "GARAnchorUUID" : ""
    },
    {
      "heading" : 238.89893399818328,
      "geoAnchorTransform" : [
        -0.012429527007043362,
        1.1942380417906406e-08,
        -0.99992275238037109,
        0,
        8.8534683584384766e-08,
        1,
        1.0842773789931925e-08,
        0,
        0.99992275238037109,
        -8.8393072417147778e-08,
        -0.012429527007043362,
        0,
        4.4851160049438477,
        -0.052441425621509552,
        -3.672764778137207,
        1
      ],
      "longitude" : -71.264366837926374,
      "horizontalUncertainty" : 11.691017286260355,
      "GARAnchorUUID" : "",
      "latitude" : 42.293765587100992,
      "altitude" : 36.055001712404191,
      "headingUncertainty" : 13.782218195579311,
      "altitudeUncertainty" : 1.3464218188485007
    },
    {
      "altitude" : 36.038864692673087,
      "altitudeUncertainty" : 1.3301778580899761,
      "longitude" : -71.26437107011138,
      "latitude" : 42.293763175689158,
      "heading" : 236.6604264465044,
      "headingUncertainty" : 13.730360734269924,
      "horizontalUncertainty" : 11.701024562063619,
      "GARAnchorUUID" : "",
      "geoAnchorTransform" : [
        -0.048242274671792984,
        2.9485367480930336e-09,
        -0.99883568286895752,
        0,
        8.2273587054260133e-08,
        1,
        -1.021717710436576e-09,
        0,
        0.99883568286895752,
        -8.2227082032204635e-08,
        -0.048242274671792984,
        0,
        4.9802594184875488,
        -0.06738579273223877,
        -3.6995117664337158,
        1
      ]
    },
    {
      "altitude" : 36.048821224831045,
      "GARAnchorUUID" : "",
      "headingUncertainty" : 13.722337016917029,
      "latitude" : 42.293761040679456,
      "heading" : 236.43786005133785,
      "longitude" : -71.264375265118105,
      "altitudeUncertainty" : 1.3328371759102506,
      "horizontalUncertainty" : 11.71708582820283,
      "geoAnchorTransform" : [
        -0.049879860132932663,
        1.9645660653822006e-09,
        -0.99875521659851074,
        0,
        8.1556493114476325e-08,
        1,
        -2.1060821975282806e-09,
        0,
        0.99875521659851074,
        -8.1560024511873053e-08,
        -0.049879860132932663,
        0,
        5.4370670318603516,
        -0.059818565845489502,
        -3.7078177928924561,
        1
      ]
    },
    {
      "longitude" : -71.264379906005544,
      "horizontalUncertainty" : 11.733913643624415,
      "latitude" : 42.293759082085579,
      "altitudeUncertainty" : 1.3362868300757378,
      "heading" : 234.55050785188979,
      "altitude" : 36.058499556966126,
      "headingUncertainty" : 13.709899177266802,
      "GARAnchorUUID" : "",
      "geoAnchorTransform" : [
        -0.081185102462768555,
        7.6183921393635501e-09,
        -0.99669903516769409,
        0,
        7.9670016361887974e-08,
        1,
        1.1541830824413069e-09,
        0,
        0.99669903516769409,
        -7.9313323908536404e-08,
        -0.081185102462768555,
        0,
        5.8911499977111816,
        -0.053698033094406128,
        -3.6908774375915527,
        1
      ]
    },
    {
      "longitude" : -71.264384131885109,
      "heading" : 237.66478300524523,
      "altitude" : 36.063567405566573,
      "latitude" : 42.293756903629571,
      "headingUncertainty" : 13.681196187870285,
      "altitudeUncertainty" : 1.3419835695355582,
      "horizontalUncertainty" : 11.749941310927735,
      "GARAnchorUUID" : "",
      "geoAnchorTransform" : [
        -0.025189615786075592,
        -3.0203964329622579e-10,
        -0.99968266487121582,
        0,
        8.067468115768861e-08,
        1,
        -2.33494490409214e-09,
        0,
        0.99968266487121582,
        -8.0707899030585395e-08,
        -0.025189615786075592,
        0,
        6.3221983909606934,
        -0.051249857991933823,
        -3.7142341136932373,
        1
      ]
    },
    {
      "GARAnchorUUID" : "",
      "geoAnchorTransform" : [
        -0.046448849141597748,
        5.5371045526442231e-09,
        -0.99892067909240723,
        0,
        7.6729506304218376e-08,
        1,
        1.975239305451737e-09,
        0,
        0.99892067909240723,
        -7.6554940164896834e-08,
        -0.046448849141597748,
        0,
        6.7847905158996582,
        -0.05526270717382431,
        -3.6926426887512207,
        1
      ],
      "altitude" : 36.060959354043007,
      "heading" : 236.34084533618898,
      "altitudeUncertainty" : 1.3452361896094989,
      "longitude" : -71.26438893344897,
      "horizontalUncertainty" : 11.772458777304729,
      "latitude" : 42.293754886661709,
      "headingUncertainty" : 13.641551263200224
    },
    {
      "latitude" : 42.293752991186594,
      "longitude" : -71.264393064153765,
      "altitude" : 36.065531861037016,
      "GARAnchorUUID" : "",
      "geoAnchorTransform" : [
        -0.070622220635414124,
        6.6593606184994769e-09,
        -0.99750316143035889,
        0,
        7.462126205837194e-08,
        1,
        1.3929191133854602e-09,
        0,
        0.99750316143035889,
        -7.4336576005862298e-08,
        -0.070622220635414124,
        0,
        7.1898913383483887,
        -0.050765227526426315,
        -3.6852824687957764,
        1
      ],
      "heading" : 234.85625538412717,
      "horizontalUncertainty" : 11.795250822505565,
      "altitudeUncertainty" : 1.3480489712822266,
      "headingUncertainty" : 13.624564386414372
    },
    {
      "horizontalUncertainty" : 11.819805246284401,
      "geoAnchorTransform" : [
        -0.037297643721103668,
        4.8304443778235395e-10,
        -0.99930417537689209,
        0,
        7.6032982576634822e-08,
        1,
        -2.3544450833412611e-09,
        0,
        0.99930417537689209,
        -7.6067898646670074e-08,
        -0.037297643721103668,
        0,
        7.6288237571716309,
        -0.033185902982950211,
        -3.7084712982177734,
        1
      ],
      "latitude" : 42.293750713166332,
      "longitude" : -71.264397342388349,
      "heading" : 236.66081725744783,
      "headingUncertainty" : 13.606884530271603,
      "GARAnchorUUID" : "",
      "altitude" : 36.082209312357008,
      "altitudeUncertainty" : 1.3501770253781182
    },
    {
      "horizontalUncertainty" : 11.81765205354999,
      "altitude" : 36.076354622840881,
      "longitude" : -71.264402005309378,
      "heading" : 235.78715463313239,
      "latitude" : 42.293749005775972,
      "headingUncertainty" : 13.589612325354981,
      "GARAnchorUUID" : "",
      "altitudeUncertainty" : 1.335920873908147,
      "geoAnchorTransform" : [
        -0.050845108926296234,
        7.9789179707745461e-09,
        -0.99870657920837402,
        0,
        7.6863614140165737e-08,
        1,
        4.0760510522375171e-09,
        0,
        0.99870657920837402,
        -7.6556943895411678e-08,
        -0.050845108926296234,
        0,
        8.0972661972045898,
        -0.039079483598470688,
        -3.6684050559997559,
        1
      ]
    },
    {
      "altitudeUncertainty" : 1.2883819555191989,
      "geoAnchorTransform" : [
        -0.064878977835178375,
        4.5941654924774866e-09,
        -0.99789315462112427,
        0,
        7.3946296197391348e-08,
        1,
        -2.0382402710072967e-10,
        0,
        0.99789315462112427,
        -7.3803725797461084e-08,
        -0.064878977835178375,
        0,
        8.5546159744262695,
        -0.058353550732135773,
        -3.6771047115325928,
        1
      ],
      "altitude" : 36.062917484901845,
      "longitude" : -71.264404489972463,
      "heading" : 234.85157745821832,
      "headingUncertainty" : 13.573958950275236,
      "latitude" : 42.293747338919154,
      "horizontalUncertainty" : 11.787111095952861,
      "GARAnchorUUID" : ""
    },
    {
      "longitude" : -71.264407339587521,
      "horizontalUncertainty" : 11.792616236904159,
      "heading" : 235.97632212155213,
      "GARAnchorUUID" : "",
      "altitudeUncertainty" : 1.2678364360119154,
      "latitude" : 42.293745323691503,
      "geoAnchorTransform" : [
        -0.0433964803814888,
        1.8329274209527568e-10,
        -0.99905794858932495,
        0,
        7.8072957876429427e-08,
        1,
        -3.2078206757546468e-09,
        0,
        0.99905794858932495,
        -7.8138619130641018e-08,
        -0.0433964803814888,
        0,
        9.0084829330444336,
        -0.049990206956863403,
        -3.7001504898071289,
        1
      ],
      "altitude" : 36.077515123412013,
      "headingUncertainty" : 13.578785405112727
    },
    {
      "altitude" : 36.089965902268887,
      "altitudeUncertainty" : 1.2708226615933551,
      "horizontalUncertainty" : 11.811203624551265,
      "GARAnchorUUID" : "",
      "latitude" : 42.293743579895256,
      "geoAnchorTransform" : [
        -0.056314945220947266,
        5.2494852909035217e-09,
        -0.99841302633285522,
        0,
        8.6048132175164938e-08,
        1,
        4.0433126291539168e-10,
        0,
        0.99841302633285522,
        -8.588880717752545e-08,
        -0.056314945220947266,
        0,
        9.4130325317382812,
        -0.03896699845790863,
        -3.6875154972076416,
        1
      ],
      "headingUncertainty" : 13.58719225346378,
      "heading" : 235.18435263529625,
      "longitude" : -71.264411173589565
    },
    {
      "altitudeUncertainty" : 2.4989576425037239,
      "geoAnchorTransform" : [
        -0.048510372638702393,
        -1.0825488061527722e-07,
        -0.99882268905639648,
        0,
        9.9541644260625617e-08,
        1,
        -1.1321697712673995e-07,
        0,
        0.99882268905639648,
        -1.0491665136669326e-07,
        -0.048510372638702393,
        0,
        9.9548368453979492,
        -0.034112527966499329,
        -3.7554652690887451,
        1
      ],
      "horizontalUncertainty" : 25.972717600151466,
      "headingUncertainty" : 14.872438895980899,
      "longitude" : -71.264157420761919,
      "GARAnchorUUID" : "",
      "latitude" : 42.293763987349216,
      "heading" : 244.52500404779312,
      "altitude" : 34.126822710037231
    },
    {
      "heading" : 246.59633179398159,
      "geoAnchorTransform" : [
        -0.059674546122550964,
        -2.8089523596008803e-08,
        -0.9982178807258606,
        0,
        8.8360430083866959e-08,
        1,
        -3.34219549813497e-08,
        0,
        0.9982178807258606,
        -9.0197396218627546e-08,
        -0.059674546122550964,
        0,
        10.437665939331055,
        -0.0473661869764328,
        -3.7617058753967285,
        1
      ],
      "horizontalUncertainty" : 29.121282014824512,
      "headingUncertainty" : 15.377467780384775,
      "altitude" : 33.50379110686481,
      "GARAnchorUUID" : "",
      "longitude" : -71.264082704603652,
      "latitude" : 42.293769697936888,
      "altitudeUncertainty" : 2.8117205922319233
    },
    {
      "longitude" : -71.26407373366591,
      "latitude" : 42.293769662213421,
      "heading" : 245.10956912861138,
      "altitude" : 33.41420638654381,
      "altitudeUncertainty" : 2.8767518930279716,
      "horizontalUncertainty" : 29.757371734741231,
      "geoAnchorTransform" : [
        -0.093283526599407196,
        2.1753616685771249e-09,
        -0.99563956260681152,
        0,
        8.4904755226489215e-08,
        1,
        -5.7700129119098165e-09,
        0,
        0.99563956260681152,
        -8.5072784372641763e-08,
        -0.093283526599407196,
        0,
        10.930411338806152,
        -0.026039019227027893,
        -3.750540018081665,
        1
      ],
      "GARAnchorUUID" : "",
      "headingUncertainty" : 15.529156571509125
    },
    {
      "headingUncertainty" : 15.602729857587102,
      "latitude" : 42.293767903334988,
      "longitude" : -71.264079918502389,
      "altitudeUncertainty" : 2.892001921465988,
      "GARAnchorUUID" : "",
      "geoAnchorTransform" : [
        -0.033540491014719009,
        -1.4952425964054328e-09,
        -0.99943733215332031,
        0,
        8.372486348662278e-08,
        1,
        -4.3058383525362842e-09,
        0,
        0.99943733215332031,
        -8.3822172314285126e-08,
        -0.033540491014719009,
        0,
        11.411077499389648,
        -0.023793919011950493,
        -3.7757956981658936,
        1
      ],
      "horizontalUncertainty" : 29.882323392019305,
      "altitude" : 33.42552112787962,
      "heading" : 248.45384991081522
    },
    {
      "horizontalUncertainty" : 29.900477246542568,
      "longitude" : -71.264089588695384,
      "heading" : 243.92427181195012,
      "latitude" : 42.293765490406649,
      "altitudeUncertainty" : 2.900152650667982,
      "headingUncertainty" : 15.669028713749295,
      "GARAnchorUUID" : "",
      "geoAnchorTransform" : [
        -0.10872318595647812,
        1.4292533823123676e-09,
        -0.9940720796585083,
        0,
        8.3433796760346013e-08,
        1,
        -7.687506631270935e-09,
        0,
        0.9940720796585083,
        -8.3775020698340086e-08,
        -0.10872318595647812,
        0,
        11.916529655456543,
        -0.02753741666674614,
        -3.8261275291442871,
        1
      ],
      "altitude" : 33.456414240412414
    },
    {
      "headingUncertainty" : 15.736555280306808,
      "altitudeUncertainty" : 2.9072293357445496,
      "latitude" : 42.293762787511639,
      "GARAnchorUUID" : "",
      "geoAnchorTransform" : [
        -0.14223478734493256,
        -3.4695728512446067e-09,
        -0.98983293771743774,
        0,
        8.2264655532071629e-08,
        1,
        -1.53262913471508e-08,
        0,
        0.98983293771743774,
        -8.3608199474838329e-08,
        -0.14223478734493256,
        0,
        12.363225936889648,
        -0.031211012974381447,
        -3.9246692657470703,
        1
      ],
      "horizontalUncertainty" : 29.88839024363266,
      "longitude" : -71.26409876793322,
      "altitude" : 33.489679554477334,
      "heading" : 241.76734581886407
    },
    {
      "latitude" : 42.29376041151334,
      "horizontalUncertainty" : 29.863411612467399,
      "GARAnchorUUID" : "",
      "geoAnchorTransform" : [
        -0.088394202291965485,
        -3.8998235751819266e-09,
        -0.99608558416366577,
        0,
        8.4558223534259014e-08,
        1,
        -1.1418978651533962e-08,
        0,
        0.99608558416366577,
        -8.5236600000371254e-08,
        -0.088394202291965485,
        0,
        12.83043384552002,
        -0.025690367445349693,
        -3.973909854888916,
        1
      ],
      "longitude" : -71.264108361349543,
      "heading" : 244.65376929714256,
      "altitude" : 33.530714242719114,
      "altitudeUncertainty" : 2.9110750947843744,
      "headingUncertainty" : 15.784850381817908
    },
    {
      "geoAnchorTransform" : [
        -0.14077188074588776,
        5.3227435792280176e-09,
        -0.99004203081130981,
        0,
        8.5448483844174916e-08,
        1,
        -6.7734498010452171e-09,
        0,
        0.99004203081130981,
        -8.555110042607339e-08,
        -0.14077188074588776,
        0,
        13.324077606201172,
        -0.015180169604718685,
        -4.0033016204833984,
        1
      ],
      "heading" : 241.40112836249955,
      "altitudeUncertainty" : 2.9138638232535987,
      "altitude" : 33.580170593224466,
      "GARAnchorUUID" : "",
      "headingUncertainty" : 15.840011184974342,
      "horizontalUncertainty" : 29.833920600724223,
      "longitude" : -71.264118488009515,
      "latitude" : 42.293758058832267
    },
    {
      "latitude" : 42.293755305749833,
      "GARAnchorUUID" : "",
      "headingUncertainty" : 15.909553350114912,
      "geoAnchorTransform" : [
        -0.12679585814476013,
        -6.5591138076470656e-10,
        -0.9919288158416748,
        0,
        8.4531492916539719e-08,
        1,
        -1.1466704030738128e-08,
        0,
        0.9919288158416748,
        -8.5303156538429903e-08,
        -0.12679585814476013,
        0,
        13.808849334716797,
        -0.023778581991791725,
        -4.0818295478820801,
        1
      ],
      "horizontalUncertainty" : 29.801097769211857,
      "altitude" : 33.612858486361802,
      "longitude" : -71.264128446236739,
      "altitudeUncertainty" : 2.9170190483717811,
      "heading" : 241.96505286321366
    },
    {
      "latitude" : 42.293749257587741,
      "longitude" : -71.2641861320255,
      "heading" : 229.41118204149643,
      "geoAnchorTransform" : [
        -0.30665645003318787,
        -1.1632729446375834e-08,
        -0.9518202543258667,
        0,
        9.1298318238841603e-08,
        1,
        -4.1635956904428895e-08,
        0,
        0.9518202543258667,
        -9.9667524011692876e-08,
        -0.30665645003318787,
        0,
        14.292808532714844,
        -0.016845328733325005,
        -4.1399545669555664,
        1
      ],
      "headingUncertainty" : 15.717690900879388,
      "horizontalUncertainty" : 28.142431092020139,
      "altitudeUncertainty" : 2.7599074451081971,
      "GARAnchorUUID" : "",
      "altitude" : 34.05639357957989
    },
    {
      "heading" : 218.85602045567029,
      "longitude" : -71.264325297520315,
      "horizontalUncertainty" : 22.827507737686314,
      "headingUncertainty" : 15.019681694657994,
      "latitude" : 42.293736859138846,
      "altitude" : 35.175876347348094,
      "altitudeUncertainty" : 2.2454820596190124,
      "GARAnchorUUID" : "",
      "geoAnchorTransform" : [
        -0.39801937341690063,
        -2.4518860275435372e-09,
        -0.91737699508666992,
        0,
        8.6738808136033185e-08,
        1,
        -4.0305799586803914e-08,
        0,
        0.91737699508666992,
        -9.5614680617472914e-08,
        -0.39801937341690063,
        0,
        14.767706871032715,
        -0.026608915999531746,
        -4.2462477684020996,
        1
      ]
    },
    {
      "longitude" : -71.264403997724884,
      "heading" : 231.9653695333954,
      "altitudeUncertainty" : 1.5279252798035057,
      "horizontalUncertainty" : 15.950245635934193,
      "headingUncertainty" : 13.818726399685595,
      "GARAnchorUUID" : "",
      "geoAnchorTransform" : [
        -0.13502487540245056,
        -2.9893649777790188e-09,
        -0.99084222316741943,
        0,
        7.6448010588592297e-08,
        1,
        -1.3434781287458009e-08,
        0,
        0.99084222316741943,
        -7.7561949751725479e-08,
        -0.13502487540245056,
        0,
        15.247254371643066,
        -0.002524043433368206,
        -4.253079891204834,
        1
      ],
      "latitude" : 42.293734612497417,
      "altitude" : 35.868180350400507
    },
    {
      "longitude" : -71.264424882250125,
      "heading" : 239.84134986946901,
      "altitude" : 36.01206761598587,
      "geoAnchorTransform" : [
        0.013196257874369621,
        -2.3967363649290974e-09,
        -0.99991291761398315,
        0,
        7.9206870395864826e-08,
        1,
        -1.3516198160701265e-09,
        0,
        0.99991291761398315,
        -7.9182136403233017e-08,
        0.013196257874369621,
        0,
        15.711714744567871,
        -0.0042992401868104935,
        -4.2356972694396973,
        1
      ],
      "latitude" : 42.293732460630892,
      "GARAnchorUUID" : "",
      "horizontalUncertainty" : 14.021163333371154,
      "altitudeUncertainty" : 1.3383753616028822,
      "headingUncertainty" : 13.57855176466291
    },
    {
      "altitudeUncertainty" : 1.2905768095276333,
      "headingUncertainty" : 13.5266131668004,
      "geoAnchorTransform" : [
        0.0067148283123970032,
        -1.5003875475372297e-08,
        -0.9999774694442749,
        0,
        8.0108641498100042e-08,
        1,
        -1.4466285058745143e-08,
        0,
        0.9999774694442749,
        -8.0009698422145448e-08,
        0.0067148283123970032,
        0,
        16.192800521850586,
        -0.007890721783041954,
        -4.3475685119628906,
        1
      ],
      "horizontalUncertainty" : 13.541203734532642,
      "heading" : 239.24693092573645,
      "GARAnchorUUID" : "",
      "altitude" : 36.043064245954156,
      "latitude" : 42.293729247114335,
      "longitude" : -71.26443277286937
    },
    {
      "GARAnchorUUID" : "",
      "latitude" : 42.293725926329223,
      "headingUncertainty" : 13.500206053688593,
      "altitude" : 36.031340029090643,
      "altitudeUncertainty" : 1.2784229410497983,
      "geoAnchorTransform" : [
        -0.14195145666599274,
        -9.4795522542767685e-09,
        -0.98987364768981934,
        0,
        8.4575688674703997e-08,
        1,
        -2.1704988029114247e-08,
        0,
        0.98987364768981934,
        -8.6800298504385864e-08,
        -0.14195145666599274,
        0,
        16.664508819580078,
        -0.026238264515995979,
        -4.4796047210693359,
        1
      ],
      "heading" : 230.57010303879125,
      "longitude" : -71.264437695269521,
      "horizontalUncertainty" : 13.413783586577447
    },
    {
      "heading" : 226.67269693490667,
      "altitude" : 36.040425681509078,
      "horizontalUncertainty" : 13.363989646920086,
      "GARAnchorUUID" : "",
      "geoAnchorTransform" : [
        -0.20705312490463257,
        -9.3153051938799081e-10,
        -0.97832971811294556,
        0,
        9.1688463044192758e-08,
        1,
        -2.0357056484954228e-08,
        0,
        0.97832971811294556,
        -9.3916540322425135e-08,
        -0.20705312490463257,
        0,
        17.119760513305664,
        -0.018297435715794563,
        -4.571345329284668,
        1
      ],
      "altitudeUncertainty" : 1.2767886092708749,
      "headingUncertainty" : 13.485296145340222,
