{
  "speechDataTime" : [
    0.0024379491806030273,
    0.0026220083236694336,
    7.2433220148086548
  ],
  "userId" : "NcsslHgGt7OcPalBU90raZOBcqP2",
  "PathID" : "108C8801-4272-49AA-BDC7-08D3DACDBEB62023-03-02T16:51:57-05:00",
  "geoSpatialTransformTimes" : [
    322.47693800926208,
    322.78026807308197,
    323.0962450504303,
    323.41210603713989,
    323.71569800376892,
    324.03139102458954,
    324.44821107387543,
    324.75065803527832,
    325.05265998840332,
    325.36977803707123,
    325.67037999629974,
    325.97202098369598,
    326.27307903766632,
    326.59140706062317,
    326.90718102455139,
    327.20863306522369,
    327.50952708721161,
    327.85845899581909,
    328.16060197353363,
    328.47765207290649,
    328.77957105636597,
    329.08020901679993,
    329.39777398109436,
    329.69837605953217,
    330.09455108642578,
    330.40010797977448,
    330.71671199798584,
    331.04624497890472,
    331.35216200351715,
    331.65350103378296,
    331.9698920249939,
    332.33553099632263,
    332.63863599300385,
    332.9406590461731,
    333.28640699386597,
    333.59177100658417,
    333.89195108413696,
    334.19270598888397,
    334.56824803352356,
    334.87771308422089,
    335.18014407157898,
    335.48098003864288,
    335.79688608646393,
    336.09779703617096,
    336.39956605434418,
    336.79888105392456,
    337.10075199604034,
    337.4018440246582,
    337.70302700996399,
    338.02009701728821,
    338.3203330039978,
    338.62112402915955,
    339.02507197856903,
    339.3409069776535,
    339.65801298618317,
    339.95825207233429,
    340.27570402622223,
    340.59346008300781,
    340.89432299137115,
    341.2509880065918,
    341.56269001960754,
    341.88083899021149,
    342.19672000408173,
    342.49787604808807,
    342.79847502708435,
    343.09887802600861,
    343.49272406101227,
    343.80140197277069,
    344.10303807258606,
    344.42020905017853,
    344.72027504444122,
    345.02053499221802,
    345.32231497764587
  ],
  "navigationDataTime" : [
    0.00079298019409179688,
    0.30350494384765625,
    0.60342192649841309,
    0.90342795848846436,
    1.2034509181976318,
    1.5034829378128052,
    1.8035039901733398,
    2.1036499738693237,
    2.502843976020813,
    2.7034770250320435,
    3.0029900074005127,
    3.3030070066452026,
    3.670030951499939,
    3.9035109281539917,
    4.2034639120101929,
    4.5025209188461304,
    4.8032679557800293,
    5.1034349203109741,
    5.4034370183944702,
    5.7026749849319458,
    6.0034940242767334,
    6.3025009632110596,
    6.6034309864044189,
    6.9034589529037476,
    7.2034709453582764,
    7.5034379959106445,
    7.8034799098968506,
    8.2029529809951782,
    8.403203010559082,
    8.703434944152832,
    9.0032979249954224,
    9.3030779361724854,
    9.6034640073776245,
    9.9035359621047974,
    10.203465938568115,
    10.503521919250488,
    10.802740931510925,
    11.103025913238525,
    11.511734008789062,
    11.703460931777954,
    12.003531932830811,
    12.303120017051697,
    12.623358011245728,
    12.903518915176392,
    13.203529000282288,
    13.503522992134094,
    13.803435921669006,
    14.103440999984741,
    14.403564929962158,
    14.703120946884155,
    15.002728939056396,
    15.303543925285339,
    15.602919936180115,
    15.974097967147827,
    16.203511953353882,
    16.503530979156494,
    16.803493976593018,
    17.103449940681458,
    17.402809977531433,
    17.70346999168396,
    18.003484964370728,
    18.303532958030701,
    18.602803945541382,
    18.903432965278625,
    19.305588006973267,
    19.503534913063049,
    19.803529024124146,
    20.103534936904907,
    20.432384014129639,
    20.703508973121643,
    21.003453016281128,
    21.303350925445557,
    21.602923989295959,
    21.903474926948547,
    22.203135967254639,
    22.503543972969055,
    22.803537011146545,
    23.103480935096741,
    23.403530955314636
  ],
  "geoLocationAlignmentAttempts" : [

  ],
  "PathType" : "0",
  "navigationData" : [
    [
      -0.19927215576171875,
      -0.91537445783615112,
      0.34982892870903015,
      0,
      0.96735113859176636,
      -0.12670280039310455,
      0.21949493885040283,
      0,
      -0.15659575164318085,
      0.38214665651321411,
      0.91073685884475708,
      0,
      -0.30792868137359619,
      -0.022424746304750443,
      0.33818799257278442,
      1.0000001192092896,
      0,
      1
    ],
    [
      -0.17282302677631378,
      -0.92939060926437378,
      0.32613691687583923,
      0,
      0.97461676597595215,
      -0.11351893097162247,
      0.19296441972255707,
      0,
      -0.14231660962104797,
      0.35120722651481628,
      0.92541837692260742,
      0,
      -0.31162789463996887,
      -0.023350268602371216,
      0.3510822057723999,
      1,
      0,
      1
    ],
    [
      -0.18049010634422302,
      -0.93144255876541138,
      0.31597182154655457,
      0,
      0.97293591499328613,
      -0.12194814532995224,
      0.19627584517002106,
      0,
      -0.14428751170635223,
      0.34284618496894836,
      0.92824435234069824,
      0,
      -0.30365860462188721,
      -0.023850029334425926,
      0.34894928336143494,
      1,
      0,
      1
    ],
    [
      -0.19992139935493469,
      -0.94982635974884033,
      0.24054384231567383,
      0,
      0.97611707448959351,
      -0.17177228629589081,
      0.13300223648548126,
      0,
      -0.08501027524471283,
      0.26138898730278015,
      0.96148276329040527,
      0,
      -0.29803889989852905,
      -0.036557689309120178,
      0.35297137498855591,
      1.0000001192092896,
      0,
      1
    ],
    [
      -0.2317005842924118,
      -0.96703505516052246,
      0.10563128441572189,
      0,
      0.96378827095031738,
      -0.24293540418148041,
      -0.10997393727302551,
      0,
      0.13201019167900085,
      0.076325200498104095,
      0.98830538988113403,
      0,
      -0.28720518946647644,
      -0.059395696967840195,
      0.37344050407409668,
      1,
      0,
      1
    ],
    [
      -0.1988164484500885,
      -0.97808796167373657,
      0.061773672699928284,
      0,
      0.96959900856018066,
      -0.20548267662525177,
      -0.1328701376914978,
      0,
      0.14265207946300507,
      0.033478926867246628,
      0.98920637369155884,
      0,
      -0.28479623794555664,
      -0.08228631317615509,
      0.39764761924743652,
      1,
      0,
      1
    ],
    [
      -0.11325547844171524,
      -0.99030047655105591,
      0.080487668514251709,
      0,
      0.98362666368484497,
      -0.12318376451730728,
      -0.13154569268226624,
      0,
      0.14018452167510986,
      0.064271539449691772,
      0.988037109375,
      0,
      -0.26753628253936768,
      -0.085757791996002197,
      0.40153169631958008,
      1.0000001192092896,
      0,
      1
    ],
    [
      -0.098063759505748749,
      -0.97819375991821289,
      0.1830856055021286,
      0,
      0.99245113134384155,
      -0.10974015295505524,
      -0.054748237133026123,
      0,
      0.073646165430545807,
      0.17633478343486786,
      0.98157119750976562,
      0,
      -0.22971737384796143,
      -0.075171343982219696,
      0.40140414237976074,
      0.99999988079071045,
      0,
      1
    ],
    [
      -0.63032978773117065,
      -0.75245881080627441,
      0.19102375209331512,
      0,
      0.62129318714141846,
      -0.63648068904876709,
      -0.45704168081283569,
      0,
      0.46548786759376526,
      -0.16940520703792572,
      0.86869031190872192,
      0,
      -0.22256450355052948,
      -0.07686663419008255,
      0.40066099166870117,
      1.0000001192092896,
      0,
      1
    ],
    [
      -0.70715844631195068,
      -0.62751179933547974,
      0.32581537961959839,
      0,
      0.47997421026229858,
      -0.76440531015396118,
      -0.43047541379928589,
      0,
      0.51918333768844604,
      -0.14803136885166168,
      0.84174531698226929,
      0,
      -0.23049947619438171,
      -0.093141205608844757,
      0.38823515176773071,
      1,
      0,
      1
    ],
    [
      -0.77619838714599609,
      -0.60924690961837769,
      0.16227796673774719,
      0,
      0.52955174446105957,
      -0.7696605920791626,
      -0.3566473126411438,
      0,
      0.34218510985374451,
      -0.19089452922344208,
      0.92003709077835083,
      0,
      -0.21974821388721466,
      -0.10125499963760376,
      0.37926226854324341,
      1,
      0,
      1
    ],
    [
      -0.75821387767791748,
      -0.64731389284133911,
      -0.078077837824821472,
      0,
      0.63084602355957031,
      -0.69806861877441406,
      -0.33872312307357788,
      0,
      0.16475646197795868,
      -0.30607980489730835,
      0.93764078617095947,
      0,
      -0.21882529556751251,
      -0.083851218223571777,
      0.36898767948150635,
      1,
      0,
      1
    ],
    [
      -0.69865989685058594,
      -0.71213614940643311,
      -0.06882140040397644,
      0,
      0.70380741357803345,
      -0.66681402921676636,
      -0.24497725069522858,
      0,
      0.12856604158878326,
      -0.21959280967712402,
      0.96708297729492188,
      0,
      -0.22624431550502777,
      -0.084908254444599152,
      0.35024234652519226,
      1,
      0,
      1
    ],
    [
      -0.66971719264984131,
      -0.74168747663497925,
      -0.03712942823767662,
      0,
      0.70261639356613159,
      -0.61666381359100342,
      -0.35504350066184998,
      0,
      0.24043488502502441,
      -0.26386648416519165,
      0.9341120719909668,
      0,
      -0.2176404595375061,
      -0.090071506798267365,
      0.34536823630332947,
      1.0000001192092896,
      0,
      1
    ],
    [
      -0.6046828031539917,
      -0.77958589792251587,
      -0.16310827434062958,
      0,
      0.75258272886276245,
      -0.49221807718276978,
      -0.43742468953132629,
      0,
      0.26072528958320618,
      -0.38725569844245911,
      0.88433879613876343,
      0,
      -0.21118639409542084,
      -0.072633311152458191,
      0.34618285298347473,
      1,
      0,
      1
    ],
    [
      -0.56246209144592285,
      -0.82577788829803467,
      -0.041558664292097092,
      0,
      0.76493465900421143,
      -0.50062364339828491,
      -0.40527856349945068,
      0,
      0.31386479735374451,
      -0.25974351167678833,
      0.91324800252914429,
      0,
      -0.21239557862281799,
      -0.081765547394752502,
      0.34117564558982849,
      1,
      0,
      1
    ],
    [
      -0.62188982963562012,
      -0.77470856904983521,
      -0.1143665611743927,
      0,
      0.71480756998062134,
      -0.50191766023635864,
      -0.48695877194404602,
      0,
      0.31984841823577881,
      -0.38458481431007385,
      0.86590498685836792,
      0,
      -0.20067191123962402,
      -0.096859648823738098,
      0.34890046715736389,
      1.0000001192092896,
      0,
      1
    ],
    [
      -0.59389764070510864,
      -0.79511988162994385,
      -0.12275896966457367,
      0,
      0.70353060960769653,
      -0.43923282623291016,
      -0.55867618322372437,
      0,
      0.39029470086097717,
      -0.41816124320030212,
      0.82025068998336792,
      0,
      -0.21817032992839813,
      -0.10661160945892334,
      0.35672402381896973,
      1,
      0,
      1
    ],
    [
      -0.58133065700531006,
      -0.81158947944641113,
      -0.058113660663366318,
      0,
      0.68832904100418091,
      -0.45244026184082031,
      -0.56701046228408813,
      0,
      0.43388670682907104,
      -0.36962190270423889,
      0.82165807485580444,
      0,
      -0.24947482347488403,
      -0.14492228627204895,
      0.38129860162734985,
      1.0000001192092896,
      0,
      1
    ],
    [
      -0.52181452512741089,
      -0.85285115242004395,
      -0.018827812746167183,
      0,
      0.76439929008483887,
      -0.45767012238502502,
      -0.45412749052047729,
      0,
      0.37868615984916687,
      -0.25136229395866394,
      0.89073771238327026,
      0,
      -0.27624562382698059,
      -0.16689881682395935,
      0.40212365984916687,
      1,
      0,
      1
    ],
    [
      -0.55845880508422852,
      -0.82953029870986938,
      -0.0017678644508123398,
      0,
      0.8050423264503479,
      -0.54145652055740356,
      -0.24234610795974731,
      0,
      0.20007620751857758,
      -0.1367635577917099,
      0.97018826007843018,
      0,
      -0.28334915637969971,
      -0.19603085517883301,
      0.42712345719337463,
      1.0000001192092896,
      0,
      1
    ],
    [
      -0.62276709079742432,
      -0.77848368883132935,
      -0.078256510198116302,
      0,
      0.77924621105194092,
      -0.60815930366516113,
      -0.1513848751783371,
      0,
      0.070258259773254395,
      -0.1552586555480957,
      0.98537206649780273,
      0,
      -0.28599384427070618,
      -0.21545521914958954,
      0.44978299736976624,
      0.99999988079071045,
      0,
      1
    ],
    [
      -0.65842336416244507,
      -0.73562848567962646,
      -0.15915210545063019,
      0,
      0.74544703960418701,
      -0.6665579080581665,
      -0.0030208153184503317,
      0,
      -0.10386192798614502,
      -0.12062843888998032,
      0.98724943399429321,
      0,
      -0.27294990420341492,
      -0.21765336394309998,
      0.4613497257232666,
      1.0000001192092896,
      0,
      1
    ],
    [
      -0.61163437366485596,
      -0.74209421873092651,
      -0.27422529458999634,
      0,
      0.75558954477310181,
      -0.65067422389984131,
      0.075546763837337494,
      0,
      -0.23449411988258362,
      -0.16099479794502258,
      0.95869338512420654,
      0,
      -0.25678753852844238,
      -0.2084229588508606,
      0.47807508707046509,
      1.0000001192092896,
      0,
      1
    ],
    [
      -0.57225716114044189,
      -0.75974249839782715,
      -0.30872803926467896,
      0,
      0.77822965383529663,
      -0.62182420492172241,
      0.087710604071617126,
      0,
      -0.25861203670501709,
      -0.190068319439888,
      0.9470975399017334,
      0,
      -0.23313029110431671,
      -0.19757084548473358,
      0.48477941751480103,
      1,
      0,
      1
    ],
    [
      -0.62434977293014526,
      -0.69982951879501343,
      -0.34702444076538086,
      0,
      0.7340322732925415,
      -0.67756915092468262,
      0.045789137482643127,
      0,
      -0.26717764139175415,
      -0.22613869607448578,
      0.93673765659332275,
      0,
      -0.22202689945697784,
      -0.19813080132007599,
      0.48651152849197388,
      1.0000001192092896,
      0,
      1
    ],
    [
      -0.62962329387664795,
      -0.70362621545791626,
      -0.32937002182006836,
      0,
      0.74717217683792114,
      -0.66457515954971313,
      -0.0085755512118339539,
      0,
      -0.21285712718963623,
      -0.25149551033973694,
      0.94416195154190063,
      0,
      -0.22888240218162537,
      -0.19557236135005951,
      0.49803978204727173,
      1,
      0,
      1
    ],
    [
      -0.65631228685379028,
      -0.69485986232757568,
      -0.29397940635681152,
      0,
      0.73693168163299561,
      -0.67394471168518066,
      -0.052249740809202194,
      0,
      -0.16181959211826324,
      -0.25093492865562439,
      0.95438241958618164,
      0,
      -0.24242949485778809,
      -0.19197157025337219,
      0.48363971710205078,
      1,
      0,
      1
    ],
    [
      -0.65689235925674438,
      -0.70197850465774536,
      -0.27517020702362061,
      0,
      0.73886281251907349,
      -0.67204242944717407,
      -0.049402587115764618,
      0,
      -0.15024648606777191,
      -0.23576520383358002,
      0.9601253867149353,
      0,
      -0.24420873820781708,
      -0.18851311504840851,
      0.45834451913833618,
      1.0000001192092896,
      0,
      1
    ],
    [
      -0.67094689607620239,
      -0.70959329605102539,
      -0.2151915580034256,
      0,
      0.73901748657226562,
      -0.66366982460021973,
      -0.11573844403028488,
      0,
      -0.06068890169262886,
      -0.23668472468852997,
      0.96968907117843628,
      0,
      -0.26768454909324646,
      -0.18797728419303894,
      0.4210841953754425,
      0.99999988079071045,
      0,
      1
    ],
    [
      -0.64592134952545166,
      -0.72814840078353882,
      -0.22931522130966187,
      0,
      0.75787067413330078,
      -0.64772653579711914,
      -0.077988311648368835,
      0,
      -0.091746464371681213,
      -0.22416561841964722,
      0.9702225923538208,
      0,
      -0.27970319986343384,
      -0.1795346736907959,
      0.39038971066474915,
      1,
      0,
      1
    ],
    [
      -0.61118078231811523,
      -0.74594712257385254,
      -0.26461467146873474,
      0,
      0.77511131763458252,
      -0.63175517320632935,
      -0.0093617802485823631,
      0,
      -0.16018830239772797,
      -0.21082757413387299,
      0.96430873870849609,
      0,
      -0.28318142890930176,
      -0.17240361869335175,
      0.36698153614997864,
      1,
      0,
      1
    ],
    [
      -0.59694868326187134,
      -0.76189321279525757,
      -0.25133800506591797,
      0,
      0.7898668646812439,
      -0.61302226781845093,
      -0.017715195193886757,
      0,
      -0.1405787318944931,
      -0.20909863710403442,
      0.96773719787597656,
      0,
      -0.28159460425376892,
      -0.17586149275302887,
      0.35434761643409729,
      1,
      0,
      1
    ],
    [
      -0.59179109334945679,
      -0.76280707120895386,
      -0.26059269905090332,
      0,
      0.79257702827453613,
      -0.60957318544387817,
      -0.015554293990135193,
      0,
      -0.14698541164398193,
      -0.21574468910694122,
      0.96532344818115234,
      0,
      -0.28248119354248047,
      -0.17537841200828552,
      0.34807759523391724,
      1.0000001192092896,
      0,
      1
    ],
    [
      -0.58917796611785889,
      -0.75992131233215332,
      -0.2745702862739563,
      0,
      0.79528021812438965,
      -0.60545808076858521,
      -0.030816216021776199,
      0,
      -0.14282287657260895,
      -0.23651659488677979,
      0.96107298135757446,
      0,
      -0.28396224975585938,
      -0.1729423999786377,
      0.34718960523605347,
      1,
      0,
      1
    ],
    [
      -0.60599368810653687,
      -0.73381656408309937,
      -0.30705824494361877,
      0,
      0.76624548435211182,
      -0.64215636253356934,
      0.022422637790441513,
      0,
      -0.21363352239131927,
      -0.22169403731822968,
      0.95142644643783569,
      0,
      -0.28464561700820923,
      -0.16571436822414398,
      0.35309526324272156,
      1,
      0,
      1
    ],
    [
      -0.63790732622146606,
      -0.72747808694839478,
      -0.25268515944480896,
      0,
      0.76023262739181519,
      -0.64725089073181152,
      -0.055789317935705185,
      0,
      -0.12296517938375473,
      -0.22768794000148773,
      0.96593868732452393,
      0,
      -0.29015970230102539,
      -0.16354188323020935,
      0.35335522890090942,
      1,
      0,
      1
    ],
    [
      -0.61806493997573853,
      -0.74210172891616821,
      -0.25938534736633301,
      0,
      0.78182780742645264,
      -0.61472111940383911,
      -0.10422667115926743,
      0,
      -0.082102879881858826,
      -0.26721358299255371,
      0.96013331413269043,
      0,
      -0.28714299201965332,
      -0.16211859881877899,
      0.371085524559021,
      1,
      0,
      1
    ],
    [
      -0.61128520965576172,
      -0.75572168827056885,
      -0.23497854173183441,
      0,
      0.78956747055053711,
      -0.60260987281799316,
      -0.1159493550658226,
      0,
      -0.053974930197000504,
      -0.25640958547592163,
      0.96505981683731079,
      0,
      -0.27848684787750244,
      -0.16868202388286591,
      0.41002196073532104,
      1,
      0,
      1
    ],
    [
      -0.62167626619338989,
      -0.75485873222351074,
      -0.20906208455562592,
      0,
      0.78273981809616089,
      -0.60857266187667847,
      -0.13022197782993317,
      0,
      -0.028930256143212318,
      -0.24459715187549591,
      0.96919316053390503,
      0,
      -0.28366148471832275,
      -0.17023491859436035,
      0.41893184185028076,
      1.0000001192092896,
      0,
      1
    ],
    [
      -0.62787246704101562,
      -0.75724697113037109,
      -0.17986962199211121,
      0,
      0.77820795774459839,
      -0.61464458703994751,
      -0.12885782122612,
      0,
      -0.012978693470358849,
      -0.22088223695755005,
      0.97521400451660156,
      0,
      -0.29593989253044128,
      -0.17245078086853027,
      0.43835064768791199,
      1,
      0,
      1
    ],
    [
      -0.64202272891998291,
      -0.75185090303421021,
      -0.15008954703807831,
      0,
      0.76667845249176025,
      -0.63042843341827393,
      -0.1215064749121666,
      0,
      -0.0032659322023391724,
      -0.1930803507566452,
      0.98117733001708984,
      0,
      -0.31607040762901306,
      -0.1764858067035675,
      0.46178185939788818,
      1,
      0,
      1
    ],
    [
      -0.63819575309753418,
      -0.75636792182922363,
      -0.14357426762580872,
      0,
      0.76987153291702271,
      -0.62652349472045898,
      -0.12151527404785156,
      0,
      0.0019576090853661299,
      -0.18808427453041077,
      0.98215079307556152,
      0,
      -0.32714211940765381,
      -0.17317728698253632,
      0.46366554498672485,
      1,
      0,
      1
    ],
    [
      -0.63026589155197144,
      -0.76208263635635376,
      -0.14830717444419861,
      0,
      0.77612346410751343,
      -0.61355257034301758,
      -0.14555245637893677,
      0,
      0.019928745925426483,
      -0.20684143900871277,
      0.97817140817642212,
      0,
      -0.33168092370033264,
      -0.16903837025165558,
      0.45966720581054688,
      1.0000001192092896,
      0,
      1
    ],
    [
      -0.63649511337280273,
      -0.76576489210128784,
      -0.092077039182186127,
      0,
      0.77097547054290771,
      -0.62833505868911743,
      -0.10388354957103729,
      0,
      0.021695110946893692,
      -0.13711050152778625,
      0.99031811952590942,
      0,
      -0.33463367819786072,
      -0.17307016253471375,
      0.45270100235939026,
      1,
      0,
      1
    ],
    [
      -0.63259100914001465,
      -0.76470524072647095,
      -0.12269593775272369,
      0,
      0.77380859851837158,
      -0.61743229627609253,
      -0.14141203463077545,
      0,
      0.032382108271121979,
      -0.18439920246601105,
      0.98231768608093262,
      0,
      -0.34062880277633667,
      -0.17297331988811493,
      0.4555855393409729,
      0.99999988079071045,
      0,
      1
    ],
    [
      -0.60581189393997192,
      -0.78231537342071533,
      -0.14482569694519043,
      0,
      0.79537820816040039,
      -0.59114599227905273,
      -0.13386435806751251,
      0,
      0.019111007452011108,
      -0.1962878555059433,
      0.98035991191864014,
      0,
      -0.34246888756752014,
      -0.17743021249771118,
      0.45414650440216064,
      1,
      0,
      1
    ],
    [
      -0.6359218955039978,
      -0.76378560066223145,
      -0.11061045527458191,
      0,
      0.76943290233612061,
      -0.61635875701904297,
      -0.16755510866641998,
      0,
      0.059800513088703156,
      -0.19165931642055511,
      0.97963798046112061,
      0,
      -0.35489305853843689,
      -0.18471123278141022,
      0.45628708600997925,
      1.0000001192092896,
      0,
      1
    ],
    [
      -0.64649438858032227,
      -0.75863146781921387,
      -0.080766797065734863,
      0,
      0.75753271579742432,
      -0.62576597929000854,
      -0.18590593338012695,
      0,
      0.090492941439151764,
      -0.18137066066265106,
      0.97924244403839111,
      0,
      -0.36725181341171265,
      -0.18786755204200745,
      0.45804131031036377,
      1,
      0,
      1
    ],
    [
      -0.64409196376800537,
      -0.76006990671157837,
      -0.086250565946102142,
      0,
      0.76144903898239136,
      -0.62628531455993652,
      -0.16721808910369873,
      0,
      0.073079988360404968,
      -0.17337922751903534,
      0.98213982582092285,
      0,
      -0.364766925573349,
      -0.18425339460372925,
      0.44614666700363159,
      1,
      0,
      1
    ],
    [
      -0.6322096586227417,
      -0.76870948076248169,
      -0.096935316920280457,
      0,
      0.77288323640823364,
      -0.61690431833267212,
      -0.14859461784362793,
      0,
      0.054426264017820358,
      -0.16886265575885773,
      0.98413562774658203,
      0,
      -0.36462408304214478,
      -0.18181385099887848,
      0.43331673741340637,
      1,
      0,
      1
    ],
    [
      -0.64936250448226929,
      -0.75563591718673706,
      -0.085688553750514984,
      0,
      0.75847578048706055,
      -0.63535487651824951,
      -0.14504636824131012,
      0,
      0.055159613490104675,
      -0.1591804027557373,
      0.98570722341537476,
      0,
      -0.37168920040130615,
      -0.19118432700634003,
      0.4163442850112915,
      1,
      0,
      1
    ],
    [
      -0.66895467042922974,
      -0.7411225438117981,
      -0.056893158704042435,
      0,
      0.73864823579788208,
      -0.65426290035247803,
      -0.16229180991649628,
      0,
      0.083055019378662109,
      -0.15058994293212891,
      0.98510110378265381,
      0,
      -0.38048243522644043,
      -0.19578553736209869,
      0.39597967267036438,
      1,
      0,
      1
    ],
    [
      -0.66552078723907471,
      -0.74604761600494385,
      -0.022248124703764915,
      0,
      0.72894489765167236,
      -0.64328134059906006,
      -0.23415467143058777,
      0,
      0.16037876904010773,
      -0.17205247282981873,
      0.97194468975067139,
      0,
      -0.39002281427383423,
      -0.19238774478435516,
      0.35396641492843628,
      1,
      0,
      1
    ],
    [
      -0.65848833322525024,
      -0.75227397680282593,
      -0.021836258471012115,
      0,
      0.73696458339691162,
      -0.63866263628005981,
      -0.221343994140625,
      0,
      0.1525653749704361,
      -0.16184502840042114,
      0.97495114803314209,
      0,
      -0.38846614956855774,
      -0.19092093408107758,
      0.3280443549156189,
      1,
      0,
      1
    ],
    [
      -0.64069467782974243,
      -0.76756531000137329,
      -0.018804345279932022,
      0,
      0.752799391746521,
      -0.62317562103271484,
      -0.21200284361839294,
      0,
      0.15100763738155365,
      -0.14998503029346466,
      0.97708797454833984,
      0,
      -0.3828967809677124,
      -0.18600232899188995,
      0.29214635491371155,
      1,
      0,
      1
    ],
    [
      -0.63023084402084351,
      -0.77635061740875244,
      0.0094252973794937134,
      0,
      0.75348806381225586,
      -0.61450916528701782,
      -0.23373955488204956,
      0,
      0.18725574016571045,
      -0.14020805060863495,
      0.97225356101989746,
      0,
      -0.38322225213050842,
      -0.1801283061504364,
      0.25700670480728149,
      1.0000001192092896,
      0,
      1
    ],
    [
      -0.6395532488822937,
      -0.76641875505447388,
      0.059782147407531738,
      0,
      0.73778653144836426,
      -0.63378465175628662,
      -0.23235319554805756,
      0,
      0.21596884727478027,
      -0.1044958084821701,
      0.97079253196716309,
      0,
      -0.36192861199378967,
      -0.18412154912948608,
      0.20951569080352783,
      1,
      0,
      1
    ],
    [
      -0.65057206153869629,
      -0.75401824712753296,
      0.090621717274188995,
      0,
      0.70623922348022461,
      -0.64454865455627441,
      -0.29288738965988159,
      0,
      0.27925249934196472,
      -0.12654374539852142,
      0.95184266567230225,
      0,
      -0.29456129670143127,
      -0.19721342623233795,
      0.084523141384124756,
      1,
      0,
      1
    ],
    [
      -0.69266760349273682,
      -0.71756654977798462,
      0.072867460548877716,
      0,
      0.66357165575027466,
      -0.67359828948974609,
      -0.32548084855079651,
      0,
      0.28263756632804871,
      -0.17709732055664062,
      0.94273656606674194,
      0,
      -0.22478403151035309,
      -0.18353788554668427,
      -0.029156753793358803,
      0.99999988079071045,
      0,
      1
    ],
    [
      -0.67376250028610229,
      -0.7328304648399353,
      0.09488765150308609,
      0,
      0.64460676908493042,
      -0.64565914869308472,
      -0.40939736366271973,
      0,
      0.36128389835357666,
      -0.21467137336730957,
      0.90740835666656494,
      0,
      -0.2374161034822464,
      -0.17735102772712708,
      -0.09144766628742218,
      1,
      0,
      1
    ],
    [
      -0.67136472463607788,
      -0.69914805889129639,
      0.24588891863822937,
      0,
      0.4944976270198822,
      -0.66970419883728027,
      -0.55404722690582275,
      0,
      0.55203390121459961,
      -0.25037628412246704,
      0.79534286260604858,
      0,
      -0.27747911214828491,
      -0.18334206938743591,
      -0.10331875085830688,
      1,
      0,
      1
    ],
    [
      -0.60756897926330566,
      -0.68285131454467773,
      0.40567731857299805,
      0,
      0.30530664324760437,
      -0.67229843139648438,
      -0.67439061403274536,
      0,
      0.73324459791183472,
      -0.28588289022445679,
      0.61694669723510742,
      0,
      -0.3060859739780426,
      -0.17836540937423706,
      -0.084708549082279205,
      1,
      0,
      1
    ],
    [
      -0.57547855377197266,
      -0.661967933177948,
      0.4802321195602417,
      0,
      0.18666352331638336,
      -0.67803150415420532,
      -0.71093600988388062,
      0,
      0.79622924327850342,
      -0.31948664784431458,
      0.51375782489776611,
      0,
      -0.31396239995956421,
      -0.17566703259944916,
      -0.072210818529129028,
      1,
      0,
      1
    ],
    [
      -0.56463903188705444,
      -0.61681193113327026,
      0.54838460683822632,
      0,
      0.117226742208004,
      -0.71763604879379272,
      -0.68648117780685425,
      0,
      0.81697028875350952,
      -0.32332876324653625,
      0.47751221060752869,
      0,
      -0.31625679135322571,
      -0.18406268954277039,
      -0.074749484658241272,
      1,
      0,
      1
    ],
    [
      -0.5585981011390686,
      -0.60769873857498169,
      0.56450879573822021,
      0,
      0.084986798465251923,
      -0.7189440131187439,
      -0.68985259532928467,
      0,
      0.8250727653503418,
      -0.33737459778785706,
      0.45324718952178955,
      0,
      -0.3169192373752594,
      -0.1851281076669693,
      -0.069921813905239105,
      0.99999988079071045,
      0,
      1
    ],
    [
      -0.55499660968780518,
      -0.60303342342376709,
      0.57300043106079102,
      0,
      0.054380662739276886,
      -0.71365272998809814,
      -0.69838583469390869,
      0,
      0.83007305860519409,
      -0.35644164681434631,
      0.42886811494827271,
      0,
      -0.31394284963607788,
      -0.18561436235904694,
      -0.062902085483074188,
      1.0000001192092896,
      0,
      1
    ],
    [
      -0.53176414966583252,
      -0.59280252456665039,
      0.6048240065574646,
      0,
      0.042979232966899872,
      -0.73213827610015869,
      -0.6797986626625061,
      0,
      0.84580105543136597,
      -0.33549776673316956,
      0.41480311751365662,
      0,
      -0.32084676623344421,
      -0.18873496353626251,
      -0.046962928026914597,
      1,
      0,
      1
    ],
    [
      0.065053962171077728,
      -0.93214023113250732,
      0.35620567202568054,
      0,
      0.043332211673259735,
      -0.35398626327514648,
      -0.93424612283706665,
      0,
      0.9969402551651001,
      0.076211623847484589,
      0.017363466322422028,
      0,
      -0.38766127824783325,
      -0.094864897429943085,
      -0.060645446181297302,
      1,
      0,
      1
    ],
    [
      0.78602564334869385,
      -0.53069722652435303,
      0.31705516576766968,
      0,
      0.41484975814819336,
      0.072577230632305145,
      -0.906990647315979,
      0,
      0.45832642912864685,
      0.8444482684135437,
      0.27720722556114197,
      0,
      -0.43334722518920898,
      -0.03693891316652298,
      -0.057773757725954056,
      1,
      0,
      1
    ],
    [
      0.72517228126525879,
      -0.51899105310440063,
      0.45251873135566711,
      0,
      0.39153933525085449,
      -0.2297976016998291,
      -0.89100492000579834,
      0,
      0.56641131639480591,
      0.82331109046936035,
      0.036562554538249969,
      0,
      -0.44172570109367371,
      -0.060159709304571152,
      -0.060553453862667084,
      1,
      0,
      1
    ],
    [
      0.77948099374771118,
      -0.45475044846534729,
      0.43082642555236816,
      0,
      0.41187718510627747,
      -0.14613378047943115,
      -0.89944547414779663,
      0,
      0.47198143601417542,
      0.87854820489883423,
      0.073392823338508606,
      0,
      -0.45978003740310669,
      -0.078095123171806335,
      -0.057985905557870865,
      1.0000001192092896,
      0,
      1
    ],
    [
      0.78829580545425415,
      -0.49764284491539001,
      0.3618578314781189,
      0,
      0.298473060131073,
      -0.20500175654888153,
      -0.93214160203933716,
      0,
      0.53805506229400635,
      0.84280824661254883,
      -0.013069046661257744,
      0,
      -0.48696902394294739,
      -0.081939317286014557,
      -0.052806910127401352,
      1,
      0,
      1
    ],
    [
      0.62032568454742432,
      -0.74585264921188354,
      0.2426927387714386,
      0,
      0.048580769449472427,
      -0.27229082584381104,
      -0.96098768711090088,
      0,
      0.78283822536468506,
      0.60791563987731934,
      -0.13267487287521362,
      0,
      -0.52333033084869385,
      -0.072750173509120941,
      -0.053205356001853943,
      0.99999988079071045,
      0,
      1
    ],
    [
      0.25318551063537598,
      -0.96340817213058472,
      0.087986938655376434,
      0,
      -0.14985178411006927,
      -0.12890815734863281,
      -0.98026883602142334,
      0,
      0.95574116706848145,
      0.23500490188598633,
      -0.17700612545013428,
      0,
      -0.57202279567718506,
      0.0094640366733074188,
      -0.048058904707431793,
      1,
      0,
      1
    ],
    [
      0.50459563732147217,
      -0.86155825853347778,
      0.055683225393295288,
      0,
      -0.035405639559030533,
      -0.085092075169086456,
      -0.99574381113052368,
      0,
      0.8626294732093811,
      0.50047653913497925,
      -0.073441110551357269,
      0,
      -0.65266317129135132,
      0.0819835364818573,
      -0.012796437367796898,
      1.0000001192092896,
      0,
      1
    ],
    [
      0.57564055919647217,
      -0.81204289197921753,
      0.096042953431606293,
      0,
      0.065925352275371552,
      -0.070983834564685822,
      -0.99529647827148438,
      0,
      0.81504088640213013,
      0.57926476001739502,
      0.012673033401370049,
      0,
      -0.72304809093475342,
      0.072710327804088593,
      -0.024713847786188126,
      1,
      0,
      1
    ],
    [
      0.48502010107040405,
      -0.85787111520767212,
      0.1697431355714798,
      0,
      0.026268724352121353,
      -0.17972266674041748,
      -0.98336648941040039,
      0,
      0.87410831451416016,
      0.48141154646873474,
      -0.064633950591087341,
      0,
      -0.68568426370620728,
      0.032762106508016586,
      -0.075291164219379425,
      1.0000001192092896,
      0,
      1
    ],
    [
      0.55931657552719116,
      -0.80338221788406372,
      0.20430862903594971,
      0,
      0.10178001970052719,
      -0.1780456155538559,
      -0.97874444723129272,
      0,
      0.82268190383911133,
      0.56822246313095093,
      -0.017815640196204185,
      0,
      -0.64347898960113525,
      0.027858518064022064,
      -0.09284694492816925,
      1,
      0,
      1
    ]
  ],
  "PathData" : [

  ],
  "PathDate" : "0",
  "pathDataTime" : [

  ],
  "speechData" : [
    "Cloud Anchor Resolved",
    "Cloud Anchor Resolved",
    "Continue straight and proceed 11 feet. Correction for phone \/ body offset will be updated as you start walking."
  ],
  "geoSpatialTransforms" : [
    {
      "altitude" : 31.300021911039948,
      "positionAccuracy" : 0.99624434993176481,
      "heading" : 85.354675904785097,
      "latitude" : 42.293866999708754,
      "altitudeAccuracy" : 0.67255383448001349,
      "longitude" : -71.263930058678255,
      "headingAccuracy" : 2.5561977555107527
    },
    {
      "headingAccuracy" : 2.6108081206184206,
      "altitude" : 31.289700723253191,
      "longitude" : -71.263929992533946,
      "altitudeAccuracy" : 0.67886496720711476,
      "heading" : 81.758262839885433,
      "latitude" : 42.293866945208578,
      "positionAccuracy" : 1.0075166402437488
    },
    {
      "headingAccuracy" : 2.63689130379987,
      "heading" : 71.122248048360703,
      "latitude" : 42.293866788372739,
      "altitude" : 31.266095628030598,
      "altitudeAccuracy" : 0.68140081653638718,
      "positionAccuracy" : 1.0136642422714053,
      "longitude" : -71.263930240774599
    },
    {
      "positionAccuracy" : 1.0270492529168023,
      "headingAccuracy" : 2.6993174241381515,
      "heading" : 66.660961091153354,
      "altitude" : 31.243402421474457,
      "longitude" : -71.26393053953656,
      "latitude" : 42.293866702178576,
      "altitudeAccuracy" : 0.68810139617479671
    },
    {
      "altitude" : 31.237887177616358,
      "longitude" : -71.263930540039098,
      "headingAccuracy" : 2.7098261210763179,
      "latitude" : 42.293866580467139,
      "heading" : 68.163376478921933,
      "altitudeAccuracy" : 0.6877612994846195,
      "positionAccuracy" : 1.0289742305904639
    },
    {
      "headingAccuracy" : 2.7337080526565916,
      "positionAccuracy" : 1.0313414720425713,
      "altitude" : 31.248616689816117,
      "heading" : 72.356683177823996,
      "latitude" : 42.293866226033444,
      "longitude" : -71.263930405284867,
      "altitudeAccuracy" : 0.6895086533551692
    },
    {
      "latitude" : 42.293843604177539,
      "heading" : 40.397490774194701,
      "positionAccuracy" : 11.808096177973232,
      "altitude" : 31.02962926402688,
      "longitude" : -71.263825998857726,
      "altitudeAccuracy" : 0.67421928337108017,
      "headingAccuracy" : 9.4794759774542694
    },
    {
      "altitudeAccuracy" : 0.68085168380264693,
      "longitude" : -71.26377574215563,
      "headingAccuracy" : 12.775416573610599,
      "latitude" : 42.293832856723597,
      "heading" : 34.620498659322784,
      "altitude" : 30.904110216535628,
      "positionAccuracy" : 14.377728609645533
    },
    {
      "latitude" : 42.29383055645426,
      "heading" : 46.255133370777308,
      "headingAccuracy" : 13.470557267267834,
      "altitudeAccuracy" : 0.67844222108296393,
      "positionAccuracy" : 14.867594813912611,
      "longitude" : -71.263764923480082,
      "altitude" : 30.892270808108151
    },
    {
      "longitude" : -71.263769402395454,
      "headingAccuracy" : 13.762012928281163,
      "altitudeAccuracy" : 0.94954449616698133,
      "positionAccuracy" : 21.163485955338636,
      "altitude" : 30.970698826946318,
      "heading" : 51.275590949242051,
      "latitude" : 42.293828255487618
    },
    {
      "headingAccuracy" : 13.893357745478879,
      "latitude" : 42.29382630009048,
      "positionAccuracy" : 26.85017749632792,
      "altitudeAccuracy" : 1.3351486178121914,
      "altitude" : 31.158706052228808,
      "longitude" : -71.263786722022886,
      "heading" : 50.912826182083606
    },
    {
      "longitude" : -71.263797080095401,
      "altitudeAccuracy" : 1.5361453844404402,
      "positionAccuracy" : 29.023947147281664,
      "latitude" : 42.293825476101979,
      "altitude" : 31.276353814639151,
      "headingAccuracy" : 13.973451504928946,
      "heading" : 41.289530155741055
    },
    {
