{
  "pathDataTime" : [

  ],
  "PathID" : "108C8801-4272-49AA-BDC7-08D3DACDBEB62023-03-02T16:26:40-05:00",
  "speechDataTime" : [
    0.0055179595947265625,
    0.41231000423431396,
    1.2394859790802002,
    4.61456298828125,
    9.3505749702453613,
    11.142701983451843,
    12.934561967849731,
    15.046540975570679,
    16.966408014297485,
    27.056336998939514,
    35.461681962013245
  ],
  "geoSpatialTransformTimes" : [
    28.688348054885864,
    28.991091012954712,
    29.293650984764099,
    29.594403982162476,
    29.911370992660522,
    30.212188005447388,
    30.512225985527039,
    30.899262070655823,
    31.208970069885254,
    31.515681028366089,
    31.817445039749146,
    32.133038997650146,
    32.433405041694641,
    32.735648989677429,
    33.126688003540039,
    33.448862075805664,
    33.75512707233429,
    34.055631041526794,
    34.387084007263184,
    34.69202709197998,
    35.009819984436035,
    35.395281076431274,
    35.731444001197815,
    36.044777035713196,
    36.345378994941711,
    36.662014007568359,
    36.96491801738739,
    37.26518702507019,
    37.629168033599854,
    37.971315026283264,
    38.284620046615601,
    38.585517048835754,
    38.888375043869019,
    39.203706026077271,
    39.50389301776886,
    39.851502060890198,
    40.157351016998291,
    40.475022077560425,
    40.787393093109131,
    41.093196988105774,
    41.4097740650177,
    41.710699081420898,
    42.073026061058044,
    42.37912905216217,
    42.679823994636536,
    42.981275081634521,
    43.29644501209259,
    43.59893798828125,
    43.923251032829285,
    44.310261011123657,
    44.619683027267456,
    44.9375079870224,
    45.246033072471619,
    45.555142998695374,
    45.855623006820679,
    46.15732204914093,
    46.553819060325623,
    46.858060002326965,
    47.159909009933472,
    47.506949067115784,
    47.811865091323853,
    48.112609028816223,
    48.41382908821106,
    48.786949038505554,
    49.097918033599854,
    49.398500084877014,
    49.716045022010803,
    50.017428040504456,
    50.317731976509094,
    50.619758009910583,
    51.050229072570801,
    51.389489054679871,
    51.704638004302979,
    52.005689024925232,
    52.306203007698059,
    52.607568979263306,
    52.908653020858765,
    53.330221056938171,
    53.69356107711792,
    53.995030999183655,
    54.295369982719421,
    54.631783008575439,
    54.931805014610291,
    55.24833607673645,
    55.563960075378418,
    55.867384076118469,
    56.167508006095886,
    56.468011021614075,
    56.769743084907532,
    57.070568084716797,
    57.37079906463623,
    57.79498302936554,
    58.107266068458557,
    58.408169031143188,
    58.724798083305359,
    59.025264024734497,
    59.327036023139954,
    59.628519058227539,
    60.04030704498291,
    60.345481038093567,
    60.647685050964355,
    60.964326977729797,
    61.264623999595642,
    61.565484046936035,
    61.866656064987183,
    62.168702006340027,
    62.485993027687073,
    62.824076056480408,
    63.137181043624878,
    63.454867005348206,
    63.762363076210022,
    64.072492003440857,
    64.373682022094727,
    64.675783038139343,
    64.976837992668152,
    65.293928980827332,
    65.635962009429932,
    65.945039987564087,
    66.245594024658203
  ],
  "PathType" : "0",
  "savedRouteGeospatialLocations" : [
    {
      "latitude" : 42.293708696378992,
      "horizontalUncertainty" : 43.207147961573014,
      "headingUncertainty" : 18.220364026080258,
      "altitude" : 35.460950192064047,
      "longitude" : -71.263915370125176,
      "geoAnchorTransform" : [
        -0.071436822414398193,
        1.8019180814121682e-08,
        0.99744510650634766,
        0,
        2.7657947043735476e-09,
        1,
        -1.7867250790004618e-08,
        0,
        -0.99744510650634766,
        1.4823487992643436e-09,
        -0.071436822414398193,
        0,
        -8.4296731948852539,
        0.053796228021383286,
        -8.7889852523803711,
        1
      ],
      "altitudeUncertainty" : 8.2907825148407674,
      "GARAnchorUUID" : "",
      "heading" : 169.50612210674427
    },
    {
      "latitude" : 42.293709186607323,
      "headingUncertainty" : 18.446637538280701,
      "altitudeUncertainty" : 8.282133152858508,
      "horizontalUncertainty" : 43.193579601816339,
      "altitude" : 35.467868054285645,
      "heading" : 144.08921740517539,
      "GARAnchorUUID" : "",
      "longitude" : -71.2639136454723,
      "geoAnchorTransform" : [
        0.36362698674201965,
        -8.5238616165383974e-09,
        0.93154466152191162,
        0,
        3.5087004413014711e-09,
        1,
        7.7806294740412341e-09,
        0,
        -0.93154466152191162,
        4.3926431936291976e-10,
        0.36362698674201965,
        0,
        -8.4248123168945312,
        0.059486526995897293,
        -8.6260509490966797,
        1
      ]
    },
    {
      "GARAnchorUUID" : "",
      "longitude" : -71.263914323064085,
      "altitudeUncertainty" : 8.273449574495837,
      "horizontalUncertainty" : 43.180073542231135,
      "heading" : 151.91161016245781,
      "latitude" : 42.293709281988939,
      "altitude" : 35.477357605472207,
      "headingUncertainty" : 18.670279359942846,
      "geoAnchorTransform" : [
        0.23349931836128235,
        -2.7610680408685084e-09,
        0.97235697507858276,
        0,
        5.4276627636795638e-09,
        1,
        1.5361769634125721e-09,
        0,
        -0.97235697507858276,
        4.918929263908467e-09,
        0.23349931836128235,
        0,
        -8.4124593734741211,
        0.067743994295597076,
        -8.6658487319946289,
        1
      ]
    },
    {
      "altitude" : 35.491666652262211,
      "longitude" : -71.263915350171018,
      "geoAnchorTransform" : [
        -0.019884109497070312,
        9.0859844092960884e-09,
        0.99980229139328003,
        0,
        9.0355838366917851e-09,
        1,
        -8.9080813836517336e-09,
        0,
        -0.99980229139328003,
        8.8566682876489722e-09,
        -0.019884109497070312,
        0,
        -8.3892126083374023,
        0.080841682851314545,
        -8.7325725555419922,
        1
      ],
      "latitude" : 42.293709410942895,
      "horizontalUncertainty" : 43.166559712396307,
      "altitudeUncertainty" : 8.264690215044153,
      "headingUncertainty" : 18.891207348428591,
      "GARAnchorUUID" : "",
      "heading" : 166.55645303323371
    },
    {
      "GARAnchorUUID" : "",
      "altitudeUncertainty" : 8.255604063108521,
      "longitude" : -71.263915970447002,
      "latitude" : 42.293709556748951,
      "altitude" : 35.489269043318927,
      "horizontalUncertainty" : 43.15258401881858,
      "headingUncertainty" : 19.117135773039426,
      "geoAnchorTransform" : [
        -0.1298692375421524,
        1.5448391010863816e-08,
        0.9915311336517334,
        0,
        1.1521673393133369e-08,
        1,
        -1.4071248166658279e-08,
        0,
        -0.9915311336517334,
        9.5966754543042043e-09,
        -0.1298692375421524,
        0,
        -8.3730001449584961,
        0.077198289334774017,
        -8.765965461730957,
        1
      ],
      "heading" : 172.88151548767041
    },
    {
      "latitude" : 42.293709650607418,
      "altitude" : 35.490212457254529,
      "heading" : 173.2886151423227,
      "longitude" : -71.263916217998158,
      "headingUncertainty" : 19.326360058509017,
      "geoAnchorTransform" : [
        -0.13687281310558319,
        1.6403328473302281e-08,
        0.99058860540390015,
        0,
        1.2034468532817755e-08,
        1,
        -1.4896331279601327e-08,
        0,
        -0.99058860540390015,
        9.8823056404739873e-09,
        -0.13687281310558319,
        0,
        -8.3693084716796875,
        0.0769495889544487,
        -8.7718353271484375,
        1
      ],
      "GARAnchorUUID" : "",
      "horizontalUncertainty" : 43.139497863034613,
      "altitudeUncertainty" : 8.2470741488987134
    },
    {
      "geoAnchorTransform" : [
        -0.13159817457199097,
        1.5939566111455861e-08,
        0.99130314588546753,
        0,
        1.202023547364206e-08,
        1,
        -1.4483687138522328e-08,
        0,
        -0.99130314588546753,
        1.0009670425858985e-08,
        -0.13159817457199097,
        0,
        -8.3689231872558594,
        0.071844354271888733,
        -8.7699108123779297,
        1
      ],
      "longitude" : -71.263916369774748,
      "headingUncertainty" : 19.54065070151788,
      "horizontalUncertainty" : 43.125922228059096,
      "altitude" : 35.48635396361351,
      "GARAnchorUUID" : "",
      "latitude" : 42.293709735868674,
      "heading" : 172.98594380410003,
      "altitudeUncertainty" : 8.23819759541467
    },
    {
      "longitude" : -71.263916492097962,
      "altitude" : 35.488734064623713,
      "horizontalUncertainty" : 43.111851056204159,
      "latitude" : 42.293709804032112,
      "GARAnchorUUID" : "",
      "headingUncertainty" : 19.759905699296429,
      "geoAnchorTransform" : [
        -0.1263052374124527,
        1.507370583908596e-08,
        0.99199140071868896,
        0,
        1.1550024936468617e-08,
        1,
        -1.3724793745950592e-08,
        0,
        -0.99199140071868896,
        9.7240127061581916e-09,
        -0.1263052374124527,
        0,
        -8.3713951110839844,
        0.072942070662975311,
        -8.7657346725463867,
        1
      ],
      "altitudeUncertainty" : 8.2289648387424332,
      "heading" : 172.68253257654666
    },
    {
      "longitude" : -71.263916639625577,
      "altitudeUncertainty" : 8.2202753175754335,
      "heading" : 172.77971259590501,
      "GARAnchorUUID" : "",
      "altitude" : 35.482141373679042,
      "headingUncertainty" : 19.96302229903884,
      "geoAnchorTransform" : [
        -0.12794829905033112,
        1.4840484396927422e-08,
        0.99178081750869751,
        0,
        1.0556977514397659e-08,
        1,
        -1.360152968032935e-08,
        0,
        -0.99178081750869751,
        8.7299154571951476e-09,
        -0.12794829905033112,
        0,
        -8.37725830078125,
        0.065157592296600342,
        -8.7655858993530273,
        1
      ],
      "horizontalUncertainty" : 43.098634098126062,
      "latitude" : 42.293709828569334
    },
    {
      "heading" : 162.890606853213,
      "latitude" : 42.29370988569125,
      "altitude" : 35.478541628457606,
      "horizontalUncertainty" : 43.084471903666532,
      "altitudeUncertainty" : 8.2109375459163925,
      "headingUncertainty" : 20.178012253191696,
      "longitude" : -71.263916439708893,
      "geoAnchorTransform" : [
        0.044324371963739395,
        8.4691027524286255e-09,
        0.99901717901229858,
        0,
        8.8580032198137815e-09,
        1,
        -8.8704457112953605e-09,
        0,
        -0.99901717901229858,
        9.2424743414198929e-09,
        0.044324371963739395,
        0,
        -8.3876161575317383,
        0.060285355895757675,
        -8.7360115051269531,
        1
      ],
      "GARAnchorUUID" : ""
    },
    {
      "longitude" : -71.263915156355836,
      "geoAnchorTransform" : [
        0.1829831600189209,
        -6.938989827176556e-09,
        0.9831160306930542,
        0,
        -2.838426382822945e-09,
        1,
        7.5864630133537503e-09,
        0,
        -0.9831160306930542,
        -4.1786978322022605e-09,
        0.1829831600189209,
        0,
        -8.4618673324584961,
        0.047246705740690231,
        -8.6311969757080078,
        1
      ],
      "altitudeUncertainty" : 8.2018597476638728,
      "latitude" : 42.293709553590432,
      "horizontalUncertainty" : 43.07076597661316,
      "headingUncertainty" : 20.384054566874518,
      "altitude" : 35.466756008565426,
      "heading" : 154.88973980994442,
      "GARAnchorUUID" : ""
    },
    {
      "altitude" : 35.450279302895069,
      "headingUncertainty" : 20.578634496054619,
      "altitudeUncertainty" : 8.1893015293136049,
      "GARAnchorUUID" : "",
      "heading" : 153.76427586786536,
      "geoAnchorTransform" : [
        0.20230920612812042,
        -1.151121598041982e-08,
        0.97932171821594238,
        0,
        -2.2596493565174569e-08,
        1,
        1.6422280424421842e-08,
        0,
        -0.97932171821594238,
        -2.5451615925931037e-08,
        0.20230920612812042,
        0,
        -8.5881109237670898,
        0.029164310544729233,
        -8.5742893218994141,
        1
      ],
      "latitude" : 42.293708679236445,
      "longitude" : -71.263914331587799,
      "horizontalUncertainty" : 43.052902647041556
    },
    {
      "altitude" : 35.452076146379113,
      "altitudeUncertainty" : 8.1543054589956263,
      "heading" : 140.83419979962201,
      "horizontalUncertainty" : 43.008123238639165,
      "geoAnchorTransform" : [
        0.41643518209457397,
        8.4137763423086653e-09,
        0.90916544198989868,
        0,
        -7.1510534382923652e-08,
        1,
        2.3500373202978153e-08,
        0,
        -0.90916544198989868,
        -7.4801285165904119e-08,
        0.41643518209457397,
        0,
        -8.9028501510620117,
        0.02716774120926857,
        -8.5271358489990234,
        1
      ],
      "longitude" : -71.263913402786031,
      "latitude" : 42.293706266526513,
      "GARAnchorUUID" : "",
      "headingUncertainty" : 20.708701598455612
    },
    {
      "GARAnchorUUID" : "",
      "longitude" : -71.263916373201425,
      "latitude" : 42.29370613829613,
      "heading" : 131.13618040648879,
      "altitudeUncertainty" : 7.8777439382874928,
      "horizontalUncertainty" : 42.535585068341199,
      "headingUncertainty" : 20.214373011604486,
      "altitude" : 35.466996452771127,
      "geoAnchorTransform" : [
        0.56494814157485962,
        2.8959005859974241e-08,
        0.82512640953063965,
        0,
        -1.1750918815778277e-07,
        1,
        4.535982256470561e-08,
        0,
        -0.82512640953063965,
        -1.2258588810709625e-07,
        0.56494814157485962,
        0,
        -9.2491092681884766,
        0.01689261756837368,
        -8.3751926422119141,
        1
      ]
    },
    {
      "headingUncertainty" : 19.339383609178956,
      "latitude" : 42.293707137805328,
      "altitude" : 35.513196496292949,
      "horizontalUncertainty" : 41.801852267341218,
      "longitude" : -71.263921174021817,
      "geoAnchorTransform" : [
        0.66834264993667603,
        5.0352468861092348e-08,
        0.74385356903076172,
        0,
        -1.6215184928114468e-07,
        1,
        7.7999935399475362e-08,
        0,
        -0.74385356903076172,
        -1.7274791730415018e-07,
        0.66834264993667603,
        0,
        -9.6460294723510742,
        0.02518044039607048,
        -8.1285743713378906,
        1
      ],
      "heading" : 123.73522323894093,
      "altitudeUncertainty" : 7.4405298930189101,
      "GARAnchorUUID" : ""
    },
    {
      "GARAnchorUUID" : "",
      "heading" : 117.58883836678139,
      "geoAnchorTransform" : [
        0.74582606554031372,
        7.5428637558161427e-08,
        0.66614073514938354,
        0,
        -2.0329494532234094e-07,
        1,
        1.1438128666441116e-07,
        0,
        -0.66614073514938354,
        -2.2073159300362022e-07,
        0.74582606554031372,
        0,
        -10.090183258056641,
        0.039228636771440506,
        -7.8148140907287598,
        1
      ],
      "headingUncertainty" : 18.405066899147801,
      "latitude" : 42.293707868194261,
      "horizontalUncertainty" : 41.050600736995335,
      "altitudeUncertainty" : 6.9730729612882048,
      "altitude" : 35.564895016141236,
      "longitude" : -71.263925082303174
    },
    {
      "altitudeUncertainty" : 6.4672933944496638,
      "latitude" : 42.293709124060548,
      "heading" : 117.57440033932313,
      "longitude" : -71.263927974294504,
      "altitude" : 35.614590094424784,
      "horizontalUncertainty" : 40.277163205308497,
      "headingUncertainty" : 17.377782915277511,
      "geoAnchorTransform" : [
        0.74772703647613525,
        6.4811551681032142e-08,
        0.66400623321533203,
        0,
        -2.2478680250515026e-07,
        1,
        1.5552204502000677e-07,
        0,
        -0.66400623321533203,
        -2.6554786813903775e-07,
        0.74772703647613525,
        0,
        -10.495862007141113,
        0.051164541393518448,
        -7.4027814865112305,
        1
      ],
      "GARAnchorUUID" : ""
    },
    {
      "heading" : 109.456599745106,
      "horizontalUncertainty" : 39.50260177533427,
      "geoAnchorTransform" : [
        0.83542764186859131,
        8.7672802351335122e-08,
        0.54960048198699951,
        0,
        -2.2657262377379084e-07,
        1,
        1.8488381670067611e-07,
        0,
        -0.54960048198699951,
        -2.7898147436644649e-07,
        0.83542764186859131,
        0,
        -10.871170043945312,
        0.047292508184909821,
        -6.9671483039855957,
        1
      ],
      "longitude" : -71.263930405921414,
      "latitude" : 42.293710532397967,
      "altitudeUncertainty" : 5.9298502293613486,
      "headingUncertainty" : 16.266551322402176,
      "altitude" : 35.648165717720985,
      "GARAnchorUUID" : ""
    },
    {
      "horizontalUncertainty" : 38.609309514118834,
      "altitudeUncertainty" : 5.2552651284411702,
      "latitude" : 42.293712281638946,
      "longitude" : -71.26393363938179,
      "headingUncertainty" : 14.845892207860675,
      "geoAnchorTransform" : [
        0.81749826669692993,
        5.6372243761870777e-08,
        0.57593107223510742,
        0,
        -1.9801110795469867e-07,
        1,
        1.8318424110930209e-07,
        0,
        -0.57593107223510742,
        -2.6379353812444606e-07,
        0.81749826669692993,
        0,
        -11.254395484924316,
        0.045576859265565872,
        -6.5133399963378906,
        1
      ],
      "GARAnchorUUID" : "",
      "altitude" : 35.687121614813805,
      "heading" : 111.4438744203953
    },
    {
      "altitudeUncertainty" : 4.3900522368068859,
      "heading" : 105.02430833015072,
      "GARAnchorUUID" : "",
      "longitude" : -71.263937328726868,
      "latitude" : 42.293714401780377,
      "altitude" : 35.739672424271703,
      "geoAnchorTransform" : [
        0.87807917594909668,
        4.0823518787647117e-08,
        0.4785153865814209,
        0,
        -1.1464772597946649e-07,
        1,
        1.2506653490618191e-07,
        0,
        -0.4785153865814209,
        -1.6467902241856791e-07,
        0.87807917594909668,
        0,
        -11.629673957824707,
        0.054094713181257248,
        -6.0227279663085938,
        1
      ],
      "headingUncertainty" : 12.935940961485601,
      "horizontalUncertainty" : 37.607010720126738
    },
    {
      "altitude" : 35.76709184423089,
      "latitude" : 42.293714268533783,
      "GARAnchorUUID" : "",
      "altitudeUncertainty" : 3.8398353973963131,
      "headingUncertainty" : 11.637352277384091,
      "longitude" : -71.26393539290099,
      "heading" : 109.64953379489339,
      "horizontalUncertainty" : 37.079891977910549,
      "geoAnchorTransform" : [
        0.83656179904937744,
        3.399157399996966e-09,
        0.54787254333496094,
        0,
        -3.3398773524595526e-08,
        1,
        4.4793232234496827e-08,
        0,
        -0.54787254333496094,
        -5.5770577489511197e-08,
        0.83656179904937744,
        0,
        -11.990897178649902,
        0.060989700257778168,
        -5.5189404487609863,
        1
      ]
    },
    {
      "heading" : 105.64621455743324,
      "latitude" : 42.293712489779466,
      "altitude" : 35.778626009821892,
      "horizontalUncertainty" : 37.081196221135563,
      "GARAnchorUUID" : "",
      "headingUncertainty" : 11.87913618737794,
      "longitude" : -71.263929073216218,
      "geoAnchorTransform" : [
        0.87277001142501831,
        1.5167527678272563e-08,
        0.48813164234161377,
        0,
        -8.2714876725731301e-08,
        1,
        1.1682000433665962e-07,
        0,
        -0.48813164234161377,
        -1.4233275180686178e-07,
        0.87277001142501831,
        0,
        -12.305263519287109,
        0.072523735463619232,
        -5.0586795806884766,
        1
      ],
      "altitudeUncertainty" : 3.846127045955142
    },
    {
      "longitude" : -71.263923282145299,
      "altitudeUncertainty" : 3.8528431180808766,
      "headingUncertainty" : 12.137548281178729,
      "latitude" : 42.293710852258577,
      "geoAnchorTransform" : [
        0.87570416927337646,
        2.3871036702871606e-08,
        0.48284804821014404,
        0,
        -1.2803891991097771e-07,
        1,
        1.8277629010299279e-07,
        0,
        -0.48284804821014404,
        -2.2188129378264421e-07,
        0.87570416927337646,
        0,
        -12.594146728515625,
        0.088676445186138153,
        -4.6371159553527832,
        1
      ],
      "GARAnchorUUID" : "",
      "heading" : 105.29992907005436,
      "altitude" : 35.794779648073018,
      "horizontalUncertainty" : 37.082591349587915
    },
    {
      "headingUncertainty" : 12.387538126179475,
      "altitude" : 35.803480826318264,
      "GARAnchorUUID" : "",
      "horizontalUncertainty" : 37.083943580588986,
      "geoAnchorTransform" : [
        0.8545982837677002,
        1.5487975346673011e-08,
        0.51928967237472534,
        0,
        -1.5391933061437157e-07,
        1,
        2.2348072548084019e-07,
        0,
        -0.51928967237472534,
        -2.7091496690445638e-07,
        0.8545982837677002,
        0,
        -12.759203910827637,
        0.097375579178333282,
        -4.3768520355224609,
        1
      ],
      "heading" : 107.7129437415952,
      "altitudeUncertainty" : 3.8593345824107743,
      "latitude" : 42.293709957568325,
      "longitude" : -71.263919744623138
    },
    {
      "heading" : 97.355243865878535,
      "horizontalUncertainty" : 37.085298380970144,
      "GARAnchorUUID" : "",
      "longitude" : -71.263918322173609,
      "altitude" : 35.792549026198685,
      "altitudeUncertainty" : 3.865816757162583,
      "headingUncertainty" : 12.637407946231409,
      "latitude" : 42.293709586775194,
      "geoAnchorTransform" : [
        0.93403655290603638,
        6.7994946562066616e-08,
        0.35717743635177612,
        0,
        -1.6448626638521091e-07,
        1,
        2.3977224827831378e-07,
        0,
        -0.35717743635177612,
        -2.827068499300367e-07,
        0.93403655290603638,
        0,
        -12.826753616333008,
        0.086441166698932648,
        -4.2724943161010742,
        1
      ]
    },
    {
      "altitude" : 35.77345540560782,
      "altitudeUncertainty" : 3.8716029561900229,
      "headingUncertainty" : 12.877804812053951,
      "heading" : 92.508227361446146,
      "horizontalUncertainty" : 37.086026327269991,
      "geoAnchorTransform" : [
        0.9608757495880127,
        8.8376054918626323e-08,
        0.27697983384132385,
        0,
        -1.6499025434768555e-07,
        1,
        2.5330029984615976e-07,
        0,
        -0.27697983384132385,
        -2.8908905846947164e-07,
        0.9608757495880127,
        0,
        -12.830842018127441,
        0.06733209639787674,
        -4.1848206520080566,
        1
      ],
      "latitude" : 42.293709738320729,
      "longitude" : -71.263917286956556,
      "GARAnchorUUID" : ""
    },
    {
      "altitude" : 35.785048554651439,
      "altitudeUncertainty" : 3.851590915875156,
      "geoAnchorTransform" : [
        0.80010861158370972,
        -3.1485036799949739e-08,
        0.59985512495040894,
        0,
        -1.7028057186507795e-07,
        1,
        2.7961417004007671e-07,
        0,
        -0.59985512495040894,
        -3.2586538623036176e-07,
        0.80010861158370972,
        0,
        -12.886208534240723,
        0.079060226678848267,
        -3.9828553199768066,
        1
      ],
      "headingUncertainty" : 13.07540457589799,
      "heading" : 113.29264739289823,
      "horizontalUncertainty" : 37.016005458779063,
      "latitude" : 42.293710228137208,
      "GARAnchorUUID" : "",
      "longitude" : -71.263915581482195
    },
    {
      "headingUncertainty" : 13.242317911696549,
      "latitude" : 42.293710733317312,
      "heading" : 121.86905016829593,
      "horizontalUncertainty" : 36.828321428353789,
      "GARAnchorUUID" : "",
      "geoAnchorTransform" : [
        0.70186340808868408,
        -8.7102577595032926e-08,
        0.71231156587600708,
        0,
        -1.8857289774132369e-07,
        1,
        3.0808845963292697e-07,
        0,
        -0.71231156587600708,
        -3.5055867897426651e-07,
        0.70186340808868408,
        0,
        -13.061116218566895,
        0.11909015476703644,
        -3.7068014144897461,
        1
      ],
      "altitudeUncertainty" : 3.790504328700552,
      "longitude" : -71.263914030469238,
      "altitude" : 35.824578846804798
    },
    {
      "altitudeUncertainty" : 3.7320295779243016,
      "longitude" : -71.263912419518306,
      "GARAnchorUUID" : "",
      "geoAnchorTransform" : [
        0.47361040115356445,
        -1.9036050957765838e-07,
        0.88073444366455078,
        0,
        -2.1569957198153134e-07,
        1,
        3.3212970151907939e-07,
        0,
        -0.88073444366455078,
        -3.4727412412394187e-07,
        0.47361040115356445,
        0,
        -13.297085762023926,
        0.12852463126182556,
        -3.4514777660369873,
        1
      ],
      "headingUncertainty" : 13.384537889978326,
      "heading" : 138.18901006774982,
      "altitude" : 35.833522412925959,
      "latitude" : 42.293710563735068,
      "horizontalUncertainty" : 36.651273571301445
    },
    {
      "geoAnchorTransform" : [
        0.19274240732192993,
        -2.9222459829725267e-07,
        0.98124939203262329,
        0,
        -2.5478010456936317e-07,
        1,
        3.4785401226145041e-07,
        0,
        -0.98124939203262329,
        -3.170490288084693e-07,
        0.19274240732192993,
        0,
        -13.622574806213379,
        0.11722128838300705,
        -3.2348189353942871,
        1
      ],
      "heading" : 155.35692540385594,
      "headingUncertainty" : 13.51229505836238,
      "altitudeUncertainty" : 3.6719025969775201,
      "GARAnchorUUID" : "",
      "longitude" : -71.263911014411249,
      "latitude" : 42.293709525293146,
      "altitude" : 35.821843049488962,
      "horizontalUncertainty" : 36.473041537034341
    },
    {
      "heading" : 165.1242220381869,
      "latitude" : 42.293707797556777,
      "geoAnchorTransform" : [
        0.023665467277169228,
        -3.6167895700600639e-07,
        0.99971991777420044,
        0,
        -3.0502781100949505e-07,
        1,
        3.6900092936775764e-07,
        0,
        -0.99971991777420044,
        -3.1367497399514832e-07,
        0.023665467277169228,
        0,
        -14.038288116455078,
        0.13195578753948212,
        -2.9695682525634766,
        1
      ],
      "GARAnchorUUID" : "",
      "horizontalUncertainty" : 36.293770267686746,
      "altitude" : 35.836170328781009,
      "headingUncertainty" : 13.623129385854821,
      "longitude" : -71.263908782844055,
      "altitudeUncertainty" : 3.6102074591012339
    },
    {
      "headingUncertainty" : 13.716500250682857,
      "geoAnchorTransform" : [
        -0.14022624492645264,
        -4.3311877107043983e-07,
        0.99011951684951782,
        0,
        -3.6005002357342164e-07,
        1,
        3.8644861888315063e-07,
        0,
        -0.99011951684951782,
        -3.0230231118366646e-07,
        -0.14022624492645264,
        0,
        -14.50927734375,
        0.14250607788562775,
        -2.7125899791717529,
        1
      ],
      "altitudeUncertainty" : 3.5474720364793,
      "horizontalUncertainty" : 36.116455383088955,
      "GARAnchorUUID" : "",
      "heading" : 174.54591584934232,
      "latitude" : 42.293705567488885,
      "longitude" : -71.263906493544241,
      "altitude" : 35.846237428486347
    },
    {
      "latitude" : 42.29370232880207,
      "longitude" : -71.263904241142555,
      "horizontalUncertainty" : 35.947016895307485,
      "geoAnchorTransform" : [
        -0.21128001809120178,
        -4.7865171381999971e-07,
        0.97742557525634766,
        0,
        -4.2782158971022e-07,
        1,
        3.9722877431813686e-07,
        0,
        -0.97742557525634766,
        -3.3423725653847214e-07,
        -0.21128001809120178,
        0,
        -15.088634490966797,
        0.14264081418514252,
        -2.4849669933319092,
        1
      ],
      "altitude" : 35.845944748260081,
      "altitudeUncertainty" : 3.484903708192467,
      "headingUncertainty" : 13.79714734454107,
      "GARAnchorUUID" : "",
      "heading" : 178.67295720861151
    },
    {
      "horizontalUncertainty" : 35.786957792310204,
      "altitude" : 35.841042327694595,
      "geoAnchorTransform" : [
        -0.38626861572265625,
        -5.4857565601196256e-07,
        0.92238634824752808,
        0,
        -4.8950391828839201e-07,
        1,
        3.8974525295998319e-07,
        0,
        -0.92238634824752808,
        -3.0096535397206026e-07,
        -0.38626861572265625,
        0,
        -15.65989875793457,
        0.13816012442111969,
        -2.3643796443939209,
        1
      ],
      "heading" : 189.17856418935264,
      "GARAnchorUUID" : "",
      "longitude" : -71.263903266518184,
      "altitudeUncertainty" : 3.4231603274905886,
      "headingUncertainty" : 13.869639692468976,
      "latitude" : 42.293698940829437
    },
    {
      "headingUncertainty" : 13.932155265050929,
      "horizontalUncertainty" : 35.631460716302968,
      "altitude" : 35.842523325234652,
      "GARAnchorUUID" : "",
      "latitude" : 42.293695134166605,
      "altitudeUncertainty" : 3.3611199161361704,
      "heading" : 188.65169131241746,
      "geoAnchorTransform" : [
        -0.37814506888389587,
        -5.432754619505431e-07,
        0.92574632167816162,
        0,
        -5.4857758868820383e-07,
        1,
        3.6277060644351877e-07,
        0,
        -0.92574632167816162,
        -3.7066379832140228e-07,
        -0.37814506888389587,
        0,
        -16.251285552978516,
        0.13988940417766571,
        -2.3631758689880371,
        1
      ],
      "longitude" : -71.263903629344924
    },
    {
      "latitude" : 42.293691964946426,
      "GARAnchorUUID" : "",
      "heading" : 193.58086697852983,
      "altitude" : 35.856733131222427,
      "horizontalUncertainty" : 35.497401109823436,
      "geoAnchorTransform" : [
        -0.45663031935691833,
        -5.6081898947013542e-07,
        0.88965654373168945,
        0,
        -5.8948143077941495e-07,
        1,
        3.2781628078737413e-07,
        0,
        -0.88965654373168945,
        -3.7474518421731773e-07,
        -0.45663031935691833,
        0,
        -16.732158660888672,
        0.15423694252967834,
        -2.4367916584014893,
        1
      ],
      "longitude" : -71.263904899213969,
      "headingUncertainty" : 13.97412716703279,
      "altitudeUncertainty" : 3.3063645082620141
    },
    {
      "heading" : 198.52675176346995,
      "altitude" : 35.839237341657281,
      "altitudeUncertainty" : 3.2341422642816529,
      "longitude" : -71.263907885525668,
      "geoAnchorTransform" : [
        -0.53210830688476562,
        -5.6443695939378813e-07,
        0.8466762900352478,
        0,
        -6.3891093304846436e-07,
        1,
        2.6511563078202016e-07,
        0,
        -0.8466762900352478,
        -3.9988049138628412e-07,
        -0.53210830688476562,
        0,
        -17.379961013793945,
        0.13651879131793976,
        -2.6525242328643799,
        1
      ],
      "headingUncertainty" : 14.012874374436064,
      "horizontalUncertainty" : 35.325754627942906,
      "latitude" : 42.293687421679699,
      "GARAnchorUUID" : ""
    },
    {
      "longitude" : -71.263911550699234,
      "headingUncertainty" : 14.035116193200038,
      "heading" : 206.93737988717427,
      "GARAnchorUUID" : "",
      "latitude" : 42.293683764464852,
      "geoAnchorTransform" : [
        -0.65066325664520264,
        -5.8692512538982555e-07,
        0.75936639308929443,
        0,
        -6.6728017600325984e-07,
        1,
        2.0115510324103525e-07,
        0,
        -0.75936639308929443,
        -3.7582591971840884e-07,
        -0.65066325664520264,
        0,
        -17.895341873168945,
        0.13391123712062836,
        -2.9194464683532715,
        1
      ],
      "horizontalUncertainty" : 35.180515521265093,
      "altitude" : 35.836707606911659,
      "altitudeUncertainty" : 3.1704800020933357
    },
    {
      "longitude" : -71.263916888779107,
      "geoAnchorTransform" : [
        -0.72888773679733276,
        -5.8791152923731715e-07,
        0.68463325500488281,
        0,
        -6.9062980401213281e-07,
        1,
        1.2345289235327073e-07,
        0,
        -0.68463325500488281,
        -3.8284483139250369e-07,
        -0.72888773679733276,
        0,
        -18.382400512695312,
        0.13362613320350647,
        -3.3130035400390625,
        1
      ],
      "altitudeUncertainty" : 3.1065330740311867,
      "horizontalUncertainty" : 35.035587554856967,
      "heading" : 213.10288336056882,
      "altitude" : 35.835571481846273,
      "headingUncertainty" : 14.07996838146706,
      "GARAnchorUUID" : "",
      "latitude" : 42.293680101217653
    },
    {
      "geoAnchorTransform" : [
        -0.96350795030593872,
        -6.7345462184675853e-07,
        0.26767981052398682,
        0,
        -6.8587075929826824e-07,
        1,
        4.7118799528789168e-08,
        0,
        -0.26767981052398682,
        -1.381944088052478e-07,
        -0.96350795030593872,
        0,
        -18.656654357910156,
        0.14246797561645508,
        -3.7479574680328369,
        1
      ],
      "heading" : 240.74855835620389,
      "latitude" : 42.293678392961965,
      "horizontalUncertainty" : 34.870293161922255,
      "GARAnchorUUID" : "",
      "longitude" : -71.26392352317572,
      "altitude" : 35.842884422279894,
      "altitudeUncertainty" : 3.042509989830696,
      "headingUncertainty" : 14.140641231122194
    },
    {
      "heading" : 254.10568670691288,
      "headingUncertainty" : 14.186070785428477,
      "GARAnchorUUID" : "",
      "geoAnchorTransform" : [
        -0.99931246042251587,
        -6.4642046027074684e-07,
        0.037075512111186981,
        0,
        -6.4855453274503816e-07,
        1,
        -4.5534132908642277e-08,
        0,
        -0.037075512111186981,
        -6.9548320880130632e-08,
        -0.99931246042251587,
        0,
        -18.774097442626953,
        0.14752845466136932,
        -4.3190164566040039,
        1
      ],
      "altitude" : 35.845123648643494,
      "altitudeUncertainty" : 2.9586594488207369,
      "longitude" : -71.263933236074465,
      "latitude" : 42.293678831834733,
      "horizontalUncertainty" : 34.594261875263186
    },
    {
      "altitudeUncertainty" : 2.8745105525529029,
      "heading" : 269.19913585798673,
      "horizontalUncertainty" : 34.321438329937315,
      "GARAnchorUUID" : "",
      "longitude" : -71.263943931223011,
      "headingUncertainty" : 14.223947820092848,
      "geoAnchorTransform" : [
        -0.97427505254745483,
        -6.158419409985072e-07,
        -0.22536218166351318,
        0,
        -5.9924769857389037e-07,
        1,
        -1.4203750708929874e-07,
        0,
        0.22536218166351318,
        -3.3358389384119391e-09,
        -0.97427505254745483,
        0,
        -18.820041656494141,
        0.14536269009113312,
        -4.9582066535949707,
        1
      ],
      "latitude" : 42.293679761923173,
      "altitude" : 35.840807978063822
    },
    {
      "horizontalUncertainty" : 34.051833478931982,
      "latitude" : 42.29368189388736,
      "heading" : 270.11613633923673,
      "altitudeUncertainty" : 2.7884714791726135,
      "GARAnchorUUID" : "",
      "altitude" : 35.851274195127189,
      "geoAnchorTransform" : [
        -0.97026318311691284,
        -5.6861915709305322e-07,
        -0.24205243587493896,
        0,
        -5.2749817314179381e-07,
        1,
        -2.3468926713121618e-07,
        0,
        0.24205243587493896,
        -1.0002812445009113e-07,
        -0.97026318311691284,
        0,
        -18.720909118652344,
        0.15741237998008728,
        -5.631807804107666,
        1
      ],
      "longitude" : -71.26395542956854,
      "headingUncertainty" : 14.246610763507793
    },
    {
      "geoAnchorTransform" : [
        -0.95013988018035889,
        -5.2982738907303428e-07,
        -0.31182402372360229,
        0,
        -4.5370174461822899e-07,
        1,
        -3.1667624966758012e-07,
        0,
        0.31182402372360229,
        -1.5941164122068585e-07,
        -0.95013988018035889,
        0,
        -18.594400405883789,
        0.14609169960021973,
        -6.3038463592529297,
        1
      ],
      "horizontalUncertainty" : 33.786932848225014,
      "altitudeUncertainty" : 2.7007885448995284,
      "heading" : 274.19480219889692,
      "headingUncertainty" : 14.252085308142044,
      "altitude" : 35.838268001563847,
      "latitude" : 42.293684280964207,
      "GARAnchorUUID" : "",
      "longitude" : -71.263966957559333
    },
    {
      "headingUncertainty" : 14.245242007425611,
      "geoAnchorTransform" : [
        -0.97448855638504028,
        -4.6709482148798998e-07,
        -0.22443729639053345,
        0,
        -3.9195219869725406e-07,
        1,
        -3.7935723185000825e-07,
        0,
        0.22443729639053345,
        -2.8171058374937274e-07,
        -0.97448855638504028,
        0,
        -18.471685409545898,
        0.1543513685464859,
        -6.884678840637207,
        1
      ],
      "latitude" : 42.293686388124918,
      "longitude" : -71.263976828573732,
      "horizontalUncertainty" : 33.569610147358269,
      "altitudeUncertainty" : 2.6261485619581122,
      "heading" : 268.91150995358163,
      "GARAnchorUUID" : "",
      "altitude" : 35.845293555408716
    },
    {
      "geoAnchorTransform" : [
        -0.98307430744171143,
        -3.8895427678653505e-07,
        -0.18320742249488831,
        0,
        -3.125173861917574e-07,
        1,
        -4.460871423361823e-07,
        0,
        0.18320742249488831,
        -3.8128126789160888e-07,
        -0.98307430744171143,
        0,
        -18.318010330200195,
        0.15996238589286804,
        -7.6578726768493652,
        1
      ],
      "horizontalUncertainty" : 33.271162175062386,
      "heading" : 266.35858399657405,
      "altitude" : 35.849790429696441,
      "GARAnchorUUID" : "",
      "longitude" : -71.263990075921015,
      "latitude" : 42.293689283849098,
      "headingUncertainty" : 14.220298489884218,
      "altitudeUncertainty" : 2.5187834750764035
    },
    {
      "latitude" : 42.29369179028344,
      "horizontalUncertainty" : 33.020447907625986,
      "altitude" : 35.852364006452262,
      "altitudeUncertainty" : 2.4237921612178495,
      "headingUncertainty" : 14.183360703378151,
      "longitude" : -71.264001465514269,
      "heading" : 265.80024712745592,
      "geoAnchorTransform" : [
        -0.9843859076499939,
        -3.3068130278479657e-07,
        -0.17602384090423584,
        0,
        -2.4834605483192718e-07,
        1,
        -4.8978006361721782e-07,
        0,
        0.17602384090423584,
        -4.3841774299835379e-07,
        -0.9843859076499939,
        0,
        -18.183700561523438,
        0.16324111819267273,
        -8.3274211883544922,
        1
      ],
      "GARAnchorUUID" : ""
    },
    {
      "altitude" : 35.859084157273173,
      "headingUncertainty" : 14.134812423320444,
      "altitudeUncertainty" : 2.3264804043433589,
      "GARAnchorUUID" : "",
