{
  "garAnchors" : [
    [
      {
        "identifier" : "4892BCDF-209C-4187-B070-EA950FC5EF09",
        "hasValidTransform" : false,
        "transform" : [
          1,
          0,
          0,
          0,
          0,
          1,
          0,
          0,
          0,
          0,
          1,
          0,
          0,
          0,
          0,
          1
        ],
        "cloudIdentifier" : ""
      },
      {
        "transform" : [
          1,
          0,
          0,
          0,
          0,
          1,
          0,
          0,
          0,
          0,
          1,
          0,
          0,
          0,
          0,
          1
        ],
        "hasValidTransform" : false,
        "cloudIdentifier" : "",
        "identifier" : "D8F161F4-E69B-4CC3-B631-4F4FA41241E4"
      },
      {
        "transform" : [
          -0.19786471128463745,
          -0.015032901428639889,
          -0.98011404275894165,
          0,
          -0.018263168632984161,
          0.99976539611816406,
          -0.011647356674075127,
          0,
          0.98005920648574829,
          0.015595386736094952,
          -0.19809283316135406,
          0,
          7.7569789886474609,
          0.29926660656929016,
          -6.6012787818908691,
          1
        ],
        "cloudIdentifier" : "ua-71685cb18796a4e9223485d2741b8a15",
        "hasValidTransform" : true,
        "identifier" : "97CABBC7-F19E-4A10-BDAA-25502DC82EBE"
      }
    ],
    [
      {
        "transform" : [
          1,
          0,
          0,
          0,
          0,
          1,
          0,
          0,
          0,
          0,
          1,
          0,
          0,
          0,
          0,
          1
        ],
        "cloudIdentifier" : "",
        "hasValidTransform" : false,
        "identifier" : "4892BCDF-209C-4187-B070-EA950FC5EF09"
      },
      {
        "cloudIdentifier" : "ua-9cabdafaceb2f930b77408c0fa697a56",
        "identifier" : "D8F161F4-E69B-4CC3-B631-4F4FA41241E4",
        "hasValidTransform" : true,
        "transform" : [
          -0.8308255672454834,
          -0.0029402466025203466,
          0.55652511119842529,
          0,
          -0.01156236045062542,
          0.99986141920089722,
          -0.011978734284639359,
          0,
          -0.55641275644302368,
          -0.016386982053518295,
          -0.83074444532394409,
          0,
          -1.0798705816268921,
          0.32533323764801025,
          -0.22723257541656494,
          1
        ]
      },
      {
        "cloudIdentifier" : "ua-71685cb18796a4e9223485d2741b8a15",
        "identifier" : "97CABBC7-F19E-4A10-BDAA-25502DC82EBE",
        "hasValidTransform" : true,
        "transform" : [
          -0.19786471128463745,
          -0.015032901428639889,
          -0.98011404275894165,
          0,
          -0.018263168632984161,
          0.99976539611816406,
          -0.011647356674075127,
          0,
          0.98005920648574829,
          0.015595386736094952,
          -0.19809283316135406,
          0,
          7.7569789886474609,
          0.29926660656929016,
          -6.6012787818908691,
          1
        ]
      }
    ],
    [
      {
        "cloudIdentifier" : "",
        "transform" : [
          1,
          0,
          0,
          0,
          0,
          1,
          0,
          0,
          0,
          0,
          1,
          0,
          0,
          0,
          0,
          1
        ],
        "identifier" : "4892BCDF-209C-4187-B070-EA950FC5EF09",
        "hasValidTransform" : false
      },
      {
        "identifier" : "D8F161F4-E69B-4CC3-B631-4F4FA41241E4",
        "hasValidTransform" : true,
        "transform" : [
          -0.8308255672454834,
          -0.0029402466025203466,
          0.55652511119842529,
          0,
          -0.01156236045062542,
          0.99986141920089722,
          -0.011978734284639359,
          0,
          -0.55641275644302368,
          -0.016386982053518295,
          -0.83074444532394409,
          0,
          -1.0798705816268921,
          0.32533323764801025,
          -0.22723257541656494,
          1
        ],
        "cloudIdentifier" : "ua-9cabdafaceb2f930b77408c0fa697a56"
      },
      {
        "transform" : [
          -0.19786471128463745,
          -0.015032901428639889,
          -0.98011404275894165,
          0,
          -0.018263168632984161,
          0.99976539611816406,
          -0.011647356674075127,
          0,
          0.98005920648574829,
          0.015595386736094952,
          -0.19809283316135406,
          0,
          7.7569789886474609,
          0.29926660656929016,
          -6.6012787818908691,
          1
        ],
        "identifier" : "97CABBC7-F19E-4A10-BDAA-25502DC82EBE",
        "cloudIdentifier" : "ua-71685cb18796a4e9223485d2741b8a15",
        "hasValidTransform" : true
      }
    ],
    [
      {
        "identifier" : "4892BCDF-209C-4187-B070-EA950FC5EF09",
        "hasValidTransform" : false,
        "cloudIdentifier" : "",
        "transform" : [
          1,
          0,
          0,
          0,
          0,
          1,
          0,
          0,
          0,
          0,
          1,
          0,
          0,
          0,
          0,
          1
        ]
      },
      {
        "transform" : [
          -0.8308255672454834,
          -0.0029402466025203466,
          0.55652511119842529,
          0,
          -0.01156236045062542,
          0.99986141920089722,
          -0.011978734284639359,
          0,
          -0.55641275644302368,
          -0.016386982053518295,
          -0.83074444532394409,
          0,
          -1.0798705816268921,
          0.32533323764801025,
          -0.22723257541656494,
          1
        ],
        "hasValidTransform" : true,
        "cloudIdentifier" : "ua-9cabdafaceb2f930b77408c0fa697a56",
        "identifier" : "D8F161F4-E69B-4CC3-B631-4F4FA41241E4"
      },
      {
        "identifier" : "97CABBC7-F19E-4A10-BDAA-25502DC82EBE",
        "hasValidTransform" : true,
        "transform" : [
          -0.20712268352508545,
          -0.0079845227301120758,
          -0.9782823920249939,
          0,
          -0.018852343782782555,
          0.99981361627578735,
          -0.0041688228957355022,
          0,
          0.97813332080841064,
          0.0175794567912817,
          -0.20723460614681244,
          0,
          7.8032217025756836,
          0.33431252837181091,
          -6.6896390914916992,
          1
        ],
        "cloudIdentifier" : "ua-71685cb18796a4e9223485d2741b8a15"
      }
    ],
    [
      {
        "transform" : [
          1,
          0,
          0,
          0,
          0,
          1,
          0,
          0,
          0,
          0,
          1,
          0,
          0,
          0,
          0,
          1
        ],
        "cloudIdentifier" : "",
        "identifier" : "4892BCDF-209C-4187-B070-EA950FC5EF09",
        "hasValidTransform" : false
      },
      {
        "transform" : [
          -0.8053857684135437,
          -0.0031729887705296278,
          0.59274250268936157,
          0,
          -0.010826987214386463,
          0.99989759922027588,
          -0.0093585960566997528,
          0,
          -0.5926520824432373,
          -0.013954895548522472,
          -0.80533766746520996,
          0,
          -0.8002239465713501,
          0.31535065174102783,
          0.035154774785041809,
          1
        ],
        "hasValidTransform" : true,
        "cloudIdentifier" : "ua-9cabdafaceb2f930b77408c0fa697a56",
        "identifier" : "D8F161F4-E69B-4CC3-B631-4F4FA41241E4"
      },
      {
        "hasValidTransform" : true,
        "transform" : [
          -0.20712268352508545,
          -0.0079845227301120758,
          -0.9782823920249939,
          0,
          -0.018852343782782555,
          0.99981361627578735,
          -0.0041688228957355022,
          0,
          0.97813332080841064,
          0.0175794567912817,
          -0.20723460614681244,
          0,
          7.8032217025756836,
          0.33431252837181091,
          -6.6896390914916992,
          1
        ],
        "cloudIdentifier" : "ua-71685cb18796a4e9223485d2741b8a15",
        "identifier" : "97CABBC7-F19E-4A10-BDAA-25502DC82EBE"
      }
    ],
    [
      {
        "hasValidTransform" : false,
        "cloudIdentifier" : "",
        "transform" : [
          1,
          0,
          0,
          0,
          0,
          1,
          0,
          0,
          0,
          0,
          1,
          0,
          0,
          0,
          0,
          1
        ],
        "identifier" : "4892BCDF-209C-4187-B070-EA950FC5EF09"
      },
      {
        "identifier" : "D8F161F4-E69B-4CC3-B631-4F4FA41241E4",
        "cloudIdentifier" : "ua-9cabdafaceb2f930b77408c0fa697a56",
        "transform" : [
          -0.8053857684135437,
          -0.0031729887705296278,
          0.59274250268936157,
          0,
          -0.010826987214386463,
          0.99989759922027588,
          -0.0093585960566997528,
          0,
          -0.5926520824432373,
          -0.013954895548522472,
          -0.80533766746520996,
          0,
          -0.8002239465713501,
          0.31535065174102783,
          0.035154774785041809,
          1
        ],
        "hasValidTransform" : true
      },
      {
        "transform" : [
          -0.20712268352508545,
          -0.0079845227301120758,
          -0.9782823920249939,
          0,
          -0.018852343782782555,
          0.99981361627578735,
          -0.0041688228957355022,
          0,
          0.97813332080841064,
          0.0175794567912817,
          -0.20723460614681244,
          0,
          7.8032217025756836,
          0.33431252837181091,
          -6.6896390914916992,
          1
        ],
        "hasValidTransform" : true,
        "identifier" : "97CABBC7-F19E-4A10-BDAA-25502DC82EBE",
        "cloudIdentifier" : "ua-71685cb18796a4e9223485d2741b8a15"
      }
    ],
    [
      {
        "hasValidTransform" : false,
        "transform" : [
          1,
          0,
          0,
          0,
          0,
          1,
          0,
          0,
          0,
          0,
          1,
          0,
          0,
          0,
          0,
          1
        ],
        "identifier" : "4892BCDF-209C-4187-B070-EA950FC5EF09",
        "cloudIdentifier" : ""
      },
      {
        "identifier" : "D8F161F4-E69B-4CC3-B631-4F4FA41241E4",
        "hasValidTransform" : true,
        "cloudIdentifier" : "ua-9cabdafaceb2f930b77408c0fa697a56",
        "transform" : [
          -0.8053857684135437,
          -0.0031729887705296278,
          0.59274250268936157,
          0,
          -0.010826987214386463,
          0.99989759922027588,
          -0.0093585960566997528,
          0,
          -0.5926520824432373,
          -0.013954895548522472,
          -0.80533766746520996,
          0,
          -0.8002239465713501,
          0.31535065174102783,
          0.035154774785041809,
          1
        ]
      },
      {
        "identifier" : "97CABBC7-F19E-4A10-BDAA-25502DC82EBE",
        "hasValidTransform" : true,
        "transform" : [
          -0.20225429534912109,
          -0.0058711324818432331,
          -0.97931545972824097,
          0,
          -0.020126223564147949,
          0.99979573488235474,
          -0.0018373224884271622,
          0,
          0.9791262149810791,
          0.019338315352797508,
          -0.20233115553855896,
          0,
          7.779566764831543,
          0.36388719081878662,
          -6.6922798156738281,
          1
        ],
        "cloudIdentifier" : "ua-71685cb18796a4e9223485d2741b8a15"
      }
    ],
    [
      {
        "identifier" : "4892BCDF-209C-4187-B070-EA950FC5EF09",
        "hasValidTransform" : false,
        "cloudIdentifier" : "",
        "transform" : [
          1,
          0,
          0,
          0,
          0,
          1,
          0,
          0,
          0,
          0,
          1,
          0,
          0,
          0,
          0,
          1
        ]
      },
      {
        "cloudIdentifier" : "ua-9cabdafaceb2f930b77408c0fa697a56",
        "identifier" : "D8F161F4-E69B-4CC3-B631-4F4FA41241E4",
        "transform" : [
          -0.8053857684135437,
          -0.0031729887705296278,
          0.59274250268936157,
          0,
          -0.010826987214386463,
          0.99989759922027588,
          -0.0093585960566997528,
          0,
          -0.5926520824432373,
          -0.013954895548522472,
          -0.80533766746520996,
          0,
          -0.8002239465713501,
          0.31535065174102783,
          0.035154774785041809,
          1
        ],
        "hasValidTransform" : true
      },
      {
        "cloudIdentifier" : "ua-71685cb18796a4e9223485d2741b8a15",
        "transform" : [
          -0.20225429534912109,
          -0.0058711324818432331,
          -0.97931545972824097,
          0,
          -0.020126223564147949,
          0.99979573488235474,
          -0.0018373224884271622,
          0,
          0.9791262149810791,
          0.019338315352797508,
          -0.20233115553855896,
          0,
          7.779566764831543,
          0.36388719081878662,
          -6.6922798156738281,
          1
        ],
        "hasValidTransform" : true,
        "identifier" : "97CABBC7-F19E-4A10-BDAA-25502DC82EBE"
      }
    ],
    [
      {
        "transform" : [
          1,
          0,
          0,
          0,
          0,
          1,
          0,
          0,
          0,
          0,
          1,
          0,
          0,
          0,
          0,
          1
        ],
        "hasValidTransform" : false,
        "identifier" : "4892BCDF-209C-4187-B070-EA950FC5EF09",
        "cloudIdentifier" : ""
      },
      {
        "identifier" : "D8F161F4-E69B-4CC3-B631-4F4FA41241E4",
        "cloudIdentifier" : "ua-9cabdafaceb2f930b77408c0fa697a56",
        "transform" : [
          -0.8053857684135437,
          -0.0031729887705296278,
          0.59274250268936157,
          0,
          -0.010826987214386463,
          0.99989759922027588,
          -0.0093585960566997528,
          0,
          -0.5926520824432373,
          -0.013954895548522472,
          -0.80533766746520996,
          0,
          -0.8002239465713501,
          0.31535065174102783,
          0.035154774785041809,
          1
        ],
        "hasValidTransform" : true
      },
      {
        "hasValidTransform" : true,
        "identifier" : "97CABBC7-F19E-4A10-BDAA-25502DC82EBE",
        "cloudIdentifier" : "ua-71685cb18796a4e9223485d2741b8a15",
        "transform" : [
          -0.20225429534912109,
          -0.0058711324818432331,
          -0.97931545972824097,
          0,
          -0.020126223564147949,
          0.99979573488235474,
          -0.0018373224884271622,
          0,
          0.9791262149810791,
          0.019338315352797508,
          -0.20233115553855896,
          0,
          7.779566764831543,
          0.36388719081878662,
          -6.6922798156738281,
          1
        ]
      }
    ],
    [
      {
        "hasValidTransform" : false,
        "cloudIdentifier" : "",
        "transform" : [
          1,
          0,
          0,
          0,
          0,
          1,
          0,
          0,
          0,
          0,
          1,
          0,
          0,
          0,
          0,
          1
        ],
        "identifier" : "4892BCDF-209C-4187-B070-EA950FC5EF09"
      },
      {
        "transform" : [
          -0.8053857684135437,
          -0.0031729887705296278,
          0.59274250268936157,
          0,
          -0.010826987214386463,
          0.99989759922027588,
          -0.0093585960566997528,
          0,
          -0.5926520824432373,
          -0.013954895548522472,
          -0.80533766746520996,
          0,
          -0.8002239465713501,
          0.31535065174102783,
          0.035154774785041809,
          1
        ],
        "cloudIdentifier" : "ua-9cabdafaceb2f930b77408c0fa697a56",
        "identifier" : "D8F161F4-E69B-4CC3-B631-4F4FA41241E4",
        "hasValidTransform" : true
      },
      {
        "transform" : [
          -0.2030913233757019,
          -0.00097278848988935351,
          -0.97915929555892944,
          0,
          -0.020521428436040878,
          0.99978411197662354,
          0.0032631517387926579,
          0,
          0.97894471883773804,
          0.020756464451551437,
          -0.20306743681430817,
          0,
          7.8181405067443848,
          0.3968987762928009,
          -6.6835751533508301,
          1
        ],
        "cloudIdentifier" : "ua-71685cb18796a4e9223485d2741b8a15",
        "identifier" : "97CABBC7-F19E-4A10-BDAA-25502DC82EBE",
        "hasValidTransform" : true
      }
    ],
    [
      {
        "transform" : [
          1,
          0,
          0,
          0,
          0,
          1,
          0,
          0,
          0,
          0,
          1,
          0,
          0,
          0,
          0,
          1
        ],
        "identifier" : "4892BCDF-209C-4187-B070-EA950FC5EF09",
        "cloudIdentifier" : "",
        "hasValidTransform" : false
      },
      {
        "cloudIdentifier" : "ua-9cabdafaceb2f930b77408c0fa697a56",
        "identifier" : "D8F161F4-E69B-4CC3-B631-4F4FA41241E4",
        "transform" : [
          -0.8053857684135437,
          -0.0031729887705296278,
          0.59274250268936157,
          0,
          -0.010826987214386463,
          0.99989759922027588,
          -0.0093585960566997528,
          0,
          -0.5926520824432373,
          -0.013954895548522472,
          -0.80533766746520996,
          0,
          -0.8002239465713501,
          0.31535065174102783,
          0.035154774785041809,
          1
        ],
        "hasValidTransform" : true
      },
      {
        "identifier" : "97CABBC7-F19E-4A10-BDAA-25502DC82EBE",
        "transform" : [
          -0.2030913233757019,
          -0.00097278848988935351,
          -0.97915929555892944,
          0,
          -0.020521428436040878,
          0.99978411197662354,
          0.0032631517387926579,
          0,
          0.97894471883773804,
          0.020756464451551437,
          -0.20306743681430817,
          0,
          7.8181405067443848,
          0.3968987762928009,
          -6.6835751533508301,
          1
        ],
        "cloudIdentifier" : "ua-71685cb18796a4e9223485d2741b8a15",
        "hasValidTransform" : true
      }
    ],
    [
      {
        "transform" : [
          1,
          0,
          0,
          0,
          0,
          1,
          0,
          0,
          0,
          0,
          1,
          0,
          0,
          0,
          0,
          1
        ],
        "hasValidTransform" : false,
        "cloudIdentifier" : "",
        "identifier" : "4892BCDF-209C-4187-B070-EA950FC5EF09"
      },
      {
        "transform" : [
          -0.8053857684135437,
          -0.0031729887705296278,
          0.59274250268936157,
          0,
          -0.010826987214386463,
          0.99989759922027588,
          -0.0093585960566997528,
          0,
          -0.5926520824432373,
          -0.013954895548522472,
          -0.80533766746520996,
          0,
          -0.8002239465713501,
          0.31535065174102783,
          0.035154774785041809,
          1
        ],
        "cloudIdentifier" : "ua-9cabdafaceb2f930b77408c0fa697a56",
        "hasValidTransform" : true,
        "identifier" : "D8F161F4-E69B-4CC3-B631-4F4FA41241E4"
      },
      {
        "transform" : [
          -0.2030913233757019,
          -0.00097278848988935351,
          -0.97915929555892944,
          0,
          -0.020521428436040878,
          0.99978411197662354,
          0.0032631517387926579,
          0,
          0.97894471883773804,
          0.020756464451551437,
          -0.20306743681430817,
          0,
          7.8181405067443848,
          0.3968987762928009,
          -6.6835751533508301,
          1
        ],
        "hasValidTransform" : true,
        "identifier" : "97CABBC7-F19E-4A10-BDAA-25502DC82EBE",
        "cloudIdentifier" : "ua-71685cb18796a4e9223485d2741b8a15"
      }
    ],
    [
      {
        "hasValidTransform" : false,
        "transform" : [
          1,
          0,
          0,
          0,
          0,
          1,
          0,
          0,
          0,
          0,
          1,
          0,
          0,
          0,
          0,
          1
        ],
        "cloudIdentifier" : "",
        "identifier" : "4892BCDF-209C-4187-B070-EA950FC5EF09"
      },
      {
        "identifier" : "D8F161F4-E69B-4CC3-B631-4F4FA41241E4",
        "transform" : [
          -0.8053857684135437,
          -0.0031729887705296278,
          0.59274250268936157,
          0,
          -0.010826987214386463,
          0.99989759922027588,
          -0.0093585960566997528,
          0,
          -0.5926520824432373,
          -0.013954895548522472,
          -0.80533766746520996,
          0,
          -0.8002239465713501,
          0.31535065174102783,
          0.035154774785041809,
          1
        ],
        "hasValidTransform" : true,
        "cloudIdentifier" : "ua-9cabdafaceb2f930b77408c0fa697a56"
      },
      {
        "hasValidTransform" : true,
        "transform" : [
          -0.19883418083190918,
          -0.00028717666282318532,
          -0.98003309965133667,
          0,
          -0.019275708124041557,
          0.99980765581130981,
          0.0036177844740450382,
          0,
          0.97984355688095093,
          0.019610172137618065,
          -0.19880147278308868,
          0,
          7.886563777923584,
          0.38471388816833496,
          -6.6588931083679199,
          1
        ],
        "cloudIdentifier" : "ua-71685cb18796a4e9223485d2741b8a15",
        "identifier" : "97CABBC7-F19E-4A10-BDAA-25502DC82EBE"
      }
    ],
    [
      {
        "cloudIdentifier" : "",
        "hasValidTransform" : false,
        "identifier" : "4892BCDF-209C-4187-B070-EA950FC5EF09",
        "transform" : [
          1,
          0,
          0,
          0,
          0,
          1,
          0,
          0,
          0,
          0,
          1,
          0,
          0,
          0,
          0,
          1
        ]
      },
      {
        "cloudIdentifier" : "ua-9cabdafaceb2f930b77408c0fa697a56",
        "transform" : [
          -0.8053857684135437,
          -0.0031729887705296278,
          0.59274250268936157,
          0,
          -0.010826987214386463,
          0.99989759922027588,
          -0.0093585960566997528,
          0,
          -0.5926520824432373,
          -0.013954895548522472,
          -0.80533766746520996,
          0,
          -0.8002239465713501,
          0.31535065174102783,
          0.035154774785041809,
          1
        ],
        "hasValidTransform" : true,
        "identifier" : "D8F161F4-E69B-4CC3-B631-4F4FA41241E4"
      },
      {
        "hasValidTransform" : true,
        "transform" : [
          -0.19883418083190918,
          -0.00028717666282318532,
          -0.98003309965133667,
          0,
          -0.019275708124041557,
          0.99980765581130981,
          0.0036177844740450382,
          0,
          0.97984355688095093,
          0.019610172137618065,
          -0.19880147278308868,
          0,
          7.886563777923584,
          0.38471388816833496,
          -6.6588931083679199,
          1
        ],
        "cloudIdentifier" : "ua-71685cb18796a4e9223485d2741b8a15",
        "identifier" : "97CABBC7-F19E-4A10-BDAA-25502DC82EBE"
      }
    ],
    [
      {
        "identifier" : "4892BCDF-209C-4187-B070-EA950FC5EF09",
        "transform" : [
          1,
          0,
          0,
          0,
          0,
          1,
          0,
          0,
          0,
          0,
          1,
          0,
          0,
          0,
          0,
          1
        ],
        "cloudIdentifier" : "",
        "hasValidTransform" : false
      },
      {
        "hasValidTransform" : true,
        "transform" : [
          -0.8053857684135437,
          -0.0031729887705296278,
          0.59274250268936157,
          0,
          -0.010826987214386463,
          0.99989759922027588,
          -0.0093585960566997528,
          0,
          -0.5926520824432373,
          -0.013954895548522472,
          -0.80533766746520996,
          0,
          -0.8002239465713501,
          0.31535065174102783,
          0.035154774785041809,
          1
        ],
        "cloudIdentifier" : "ua-9cabdafaceb2f930b77408c0fa697a56",
        "identifier" : "D8F161F4-E69B-4CC3-B631-4F4FA41241E4"
      },
      {
        "transform" : [
          -0.19883418083190918,
          -0.00028717666282318532,
          -0.98003309965133667,
          0,
          -0.019275708124041557,
          0.99980765581130981,
          0.0036177844740450382,
          0,
          0.97984355688095093,
          0.019610172137618065,
          -0.19880147278308868,
          0,
          7.886563777923584,
          0.38471388816833496,
          -6.6588931083679199,
          1
        ],
        "identifier" : "97CABBC7-F19E-4A10-BDAA-25502DC82EBE",
        "hasValidTransform" : true,
        "cloudIdentifier" : "ua-71685cb18796a4e9223485d2741b8a15"
      }
    ],
    [
      {
        "identifier" : "4892BCDF-209C-4187-B070-EA950FC5EF09",
        "cloudIdentifier" : "",
        "hasValidTransform" : false,
        "transform" : [
          1,
          0,
          0,
          0,
          0,
          1,
          0,
          0,
          0,
          0,
          1,
          0,
          0,
          0,
          0,
          1
        ]
      },
      {
        "transform" : [
          -0.8053857684135437,
          -0.0031729887705296278,
          0.59274250268936157,
          0,
          -0.010826987214386463,
          0.99989759922027588,
          -0.0093585960566997528,
          0,
          -0.5926520824432373,
          -0.013954895548522472,
          -0.80533766746520996,
          0,
          -0.8002239465713501,
          0.31535065174102783,
          0.035154774785041809,
          1
        ],
        "hasValidTransform" : true,
        "cloudIdentifier" : "ua-9cabdafaceb2f930b77408c0fa697a56",
        "identifier" : "D8F161F4-E69B-4CC3-B631-4F4FA41241E4"
      },
      {
        "transform" : [
          -0.19883418083190918,
          -0.00028717666282318532,
          -0.98003309965133667,
          0,
          -0.019275708124041557,
          0.99980765581130981,
          0.0036177844740450382,
          0,
          0.97984355688095093,
          0.019610172137618065,
          -0.19880147278308868,
          0,
          7.886563777923584,
          0.38471388816833496,
          -6.6588931083679199,
          1
        ],
        "cloudIdentifier" : "ua-71685cb18796a4e9223485d2741b8a15",
        "hasValidTransform" : true,
        "identifier" : "97CABBC7-F19E-4A10-BDAA-25502DC82EBE"
      }
    ],
    [
      {
        "identifier" : "4892BCDF-209C-4187-B070-EA950FC5EF09",
        "hasValidTransform" : false,
        "transform" : [
          1,
          0,
          0,
          0,
          0,
          1,
          0,
          0,
          0,
          0,
          1,
          0,
          0,
          0,
          0,
          1
        ],
        "cloudIdentifier" : ""
      },
      {
        "transform" : [
          -0.8053857684135437,
          -0.0031729887705296278,
          0.59274250268936157,
          0,
          -0.010826987214386463,
          0.99989759922027588,
          -0.0093585960566997528,
          0,
          -0.5926520824432373,
          -0.013954895548522472,
          -0.80533766746520996,
          0,
          -0.8002239465713501,
          0.31535065174102783,
          0.035154774785041809,
          1
        ],
        "hasValidTransform" : true,
        "cloudIdentifier" : "ua-9cabdafaceb2f930b77408c0fa697a56",
        "identifier" : "D8F161F4-E69B-4CC3-B631-4F4FA41241E4"
      },
      {
        "hasValidTransform" : true,
        "cloudIdentifier" : "ua-71685cb18796a4e9223485d2741b8a15",
        "transform" : [
          -0.19883418083190918,
          -0.00028717666282318532,
          -0.98003309965133667,
          0,
          -0.019275708124041557,
          0.99980765581130981,
          0.0036177844740450382,
          0,
          0.97984355688095093,
          0.019610172137618065,
          -0.19880147278308868,
          0,
          7.886563777923584,
          0.38471388816833496,
          -6.6588931083679199,
          1
        ],
        "identifier" : "97CABBC7-F19E-4A10-BDAA-25502DC82EBE"
      }
    ],
    [
      {
        "hasValidTransform" : false,
        "identifier" : "4892BCDF-209C-4187-B070-EA950FC5EF09",
        "transform" : [
          1,
          0,
          0,
          0,
          0,
          1,
          0,
          0,
          0,
          0,
          1,
          0,
          0,
          0,
          0,
          1
        ],
        "cloudIdentifier" : ""
      },
      {
        "transform" : [
          -0.8053857684135437,
          -0.0031729887705296278,
          0.59274250268936157,
          0,
          -0.010826987214386463,
          0.99989759922027588,
          -0.0093585960566997528,
          0,
          -0.5926520824432373,
          -0.013954895548522472,
          -0.80533766746520996,
          0,
          -0.8002239465713501,
          0.31535065174102783,
          0.035154774785041809,
          1
        ],
        "cloudIdentifier" : "ua-9cabdafaceb2f930b77408c0fa697a56",
        "hasValidTransform" : true,
        "identifier" : "D8F161F4-E69B-4CC3-B631-4F4FA41241E4"
      },
      {
        "transform" : [
          -0.19883418083190918,
          -0.00028717666282318532,
          -0.98003309965133667,
          0,
          -0.019275708124041557,
          0.99980765581130981,
          0.0036177844740450382,
          0,
          0.97984355688095093,
          0.019610172137618065,
          -0.19880147278308868,
          0,
          7.886563777923584,
          0.38471388816833496,
          -6.6588931083679199,
          1
        ],
        "identifier" : "97CABBC7-F19E-4A10-BDAA-25502DC82EBE",
        "cloudIdentifier" : "ua-71685cb18796a4e9223485d2741b8a15",
        "hasValidTransform" : true
      }
    ],
    [
      {
        "cloudIdentifier" : "",
        "transform" : [
          1,
          0,
          0,
          0,
          0,
          1,
          0,
          0,
          0,
          0,
          1,
          0,
          0,
          0,
          0,
          1
        ],
        "hasValidTransform" : false,
        "identifier" : "4892BCDF-209C-4187-B070-EA950FC5EF09"
      },
      {
        "transform" : [
          -0.8053857684135437,
          -0.0031729887705296278,
          0.59274250268936157,
          0,
          -0.010826987214386463,
          0.99989759922027588,
          -0.0093585960566997528,
          0,
          -0.5926520824432373,
          -0.013954895548522472,
          -0.80533766746520996,
          0,
          -0.8002239465713501,
          0.31535065174102783,
          0.035154774785041809,
          1
        ],
        "cloudIdentifier" : "ua-9cabdafaceb2f930b77408c0fa697a56",
        "hasValidTransform" : true,
        "identifier" : "D8F161F4-E69B-4CC3-B631-4F4FA41241E4"
      },
      {
        "identifier" : "97CABBC7-F19E-4A10-BDAA-25502DC82EBE",
        "cloudIdentifier" : "ua-71685cb18796a4e9223485d2741b8a15",
        "transform" : [
          -0.19883418083190918,
          -0.00028717666282318532,
          -0.98003309965133667,
          0,
          -0.019275708124041557,
          0.99980765581130981,
          0.0036177844740450382,
          0,
          0.97984355688095093,
          0.019610172137618065,
          -0.19880147278308868,
          0,
          7.886563777923584,
          0.38471388816833496,
          -6.6588931083679199,
          1
        ],
        "hasValidTransform" : true
      }
    ],
    [
      {
        "identifier" : "4892BCDF-209C-4187-B070-EA950FC5EF09",
        "cloudIdentifier" : "",
        "transform" : [
          1,
          0,
          0,
          0,
          0,
          1,
          0,
          0,
          0,
          0,
          1,
          0,
          0,
          0,
          0,
          1
        ],
        "hasValidTransform" : false
      },
      {
        "transform" : [
          -0.8053857684135437,
          -0.0031729887705296278,
          0.59274250268936157,
          0,
          -0.010826987214386463,
          0.99989759922027588,
          -0.0093585960566997528,
          0,
          -0.5926520824432373,
          -0.013954895548522472,
          -0.80533766746520996,
          0,
          -0.8002239465713501,
          0.31535065174102783,
          0.035154774785041809,
          1
        ],
        "identifier" : "D8F161F4-E69B-4CC3-B631-4F4FA41241E4",
        "hasValidTransform" : true,
        "cloudIdentifier" : "ua-9cabdafaceb2f930b77408c0fa697a56"
      },
      {
        "transform" : [
          -0.19883418083190918,
          -0.00028717666282318532,
          -0.98003309965133667,
          0,
          -0.019275708124041557,
          0.99980765581130981,
          0.0036177844740450382,
          0,
          0.97984355688095093,
          0.019610172137618065,
          -0.19880147278308868,
          0,
          7.886563777923584,
          0.38471388816833496,
          -6.6588931083679199,
          1
        ],
        "identifier" : "97CABBC7-F19E-4A10-BDAA-25502DC82EBE",
        "hasValidTransform" : true,
        "cloudIdentifier" : "ua-71685cb18796a4e9223485d2741b8a15"
      }
    ],
    [
      {
        "transform" : [
          1,
          0,
          0,
          0,
          0,
          1,
          0,
          0,
          0,
          0,
          1,
          0,
          0,
          0,
          0,
          1
        ],
        "cloudIdentifier" : "",
        "identifier" : "4892BCDF-209C-4187-B070-EA950FC5EF09",
        "hasValidTransform" : false
      },
      {
        "cloudIdentifier" : "ua-9cabdafaceb2f930b77408c0fa697a56",
        "transform" : [
          -0.8053857684135437,
          -0.0031729887705296278,
          0.59274250268936157,
          0,
          -0.010826987214386463,
          0.99989759922027588,
          -0.0093585960566997528,
          0,
          -0.5926520824432373,
          -0.013954895548522472,
          -0.80533766746520996,
          0,
          -0.8002239465713501,
          0.31535065174102783,
          0.035154774785041809,
          1
        ],
        "hasValidTransform" : true,
        "identifier" : "D8F161F4-E69B-4CC3-B631-4F4FA41241E4"
      },
      {
        "identifier" : "97CABBC7-F19E-4A10-BDAA-25502DC82EBE",
        "cloudIdentifier" : "ua-71685cb18796a4e9223485d2741b8a15",
        "transform" : [
          -0.19883418083190918,
          -0.00028717666282318532,
          -0.98003309965133667,
          0,
          -0.019275708124041557,
          0.99980765581130981,
          0.0036177844740450382,
          0,
          0.97984355688095093,
          0.019610172137618065,
          -0.19880147278308868,
          0,
          7.886563777923584,
          0.38471388816833496,
          -6.6588931083679199,
          1
        ],
        "hasValidTransform" : true
      }
    ],
    [
      {
        "cloudIdentifier" : "",
        "hasValidTransform" : false,
        "identifier" : "4892BCDF-209C-4187-B070-EA950FC5EF09",
        "transform" : [
          1,
          0,
          0,
          0,
          0,
          1,
          0,
          0,
          0,
          0,
          1,
          0,
          0,
          0,
          0,
          1
        ]
      },
      {
        "identifier" : "D8F161F4-E69B-4CC3-B631-4F4FA41241E4",
        "transform" : [
          -0.8053857684135437,
          -0.0031729887705296278,
          0.59274250268936157,
          0,
          -0.010826987214386463,
          0.99989759922027588,
          -0.0093585960566997528,
          0,
          -0.5926520824432373,
          -0.013954895548522472,
          -0.80533766746520996,
          0,
          -0.8002239465713501,
          0.31535065174102783,
          0.035154774785041809,
          1
        ],
        "cloudIdentifier" : "ua-9cabdafaceb2f930b77408c0fa697a56",
        "hasValidTransform" : true
      },
      {
        "cloudIdentifier" : "ua-71685cb18796a4e9223485d2741b8a15",
        "transform" : [
          -0.19883418083190918,
          -0.00028717666282318532,
          -0.98003309965133667,
          0,
          -0.019275708124041557,
          0.99980765581130981,
          0.0036177844740450382,
          0,
          0.97984355688095093,
          0.019610172137618065,
          -0.19880147278308868,
          0,
          7.886563777923584,
          0.38471388816833496,
          -6.6588931083679199,
          1
        ],
        "hasValidTransform" : true,
        "identifier" : "97CABBC7-F19E-4A10-BDAA-25502DC82EBE"
      }
    ],
    [
      {
        "transform" : [
          1,
          0,
          0,
          0,
          0,
          1,
          0,
          0,
          0,
          0,
          1,
          0,
          0,
          0,
          0,
          1
        ],
        "hasValidTransform" : false,
        "cloudIdentifier" : "",
        "identifier" : "4892BCDF-209C-4187-B070-EA950FC5EF09"
      },
      {
        "identifier" : "D8F161F4-E69B-4CC3-B631-4F4FA41241E4",
        "cloudIdentifier" : "ua-9cabdafaceb2f930b77408c0fa697a56",
        "transform" : [
          -0.8053857684135437,
          -0.0031729887705296278,
          0.59274250268936157,
          0,
          -0.010826987214386463,
          0.99989759922027588,
          -0.0093585960566997528,
          0,
          -0.5926520824432373,
          -0.013954895548522472,
          -0.80533766746520996,
          0,
          -0.8002239465713501,
          0.31535065174102783,
          0.035154774785041809,
          1
        ],
        "hasValidTransform" : true
      },
      {
        "transform" : [
          -0.19883418083190918,
          -0.00028717666282318532,
          -0.98003309965133667,
          0,
          -0.019275708124041557,
          0.99980765581130981,
          0.0036177844740450382,
          0,
          0.97984355688095093,
          0.019610172137618065,
          -0.19880147278308868,
          0,
          7.886563777923584,
          0.38471388816833496,
          -6.6588931083679199,
          1
        ],
        "cloudIdentifier" : "ua-71685cb18796a4e9223485d2741b8a15",
        "identifier" : "97CABBC7-F19E-4A10-BDAA-25502DC82EBE",
        "hasValidTransform" : true
      }
    ],
    [
      {
        "transform" : [
          1,
          0,
          0,
          0,
          0,
          1,
          0,
          0,
          0,
          0,
          1,
          0,
          0,
          0,
          0,
          1
        ],
        "identifier" : "4892BCDF-209C-4187-B070-EA950FC5EF09",
        "cloudIdentifier" : "",
        "hasValidTransform" : false
      },
      {
        "identifier" : "D8F161F4-E69B-4CC3-B631-4F4FA41241E4",
        "cloudIdentifier" : "ua-9cabdafaceb2f930b77408c0fa697a56",
        "hasValidTransform" : true,
        "transform" : [
          -0.8053857684135437,
          -0.0031729887705296278,
          0.59274250268936157,
          0,
          -0.010826987214386463,
          0.99989759922027588,
          -0.0093585960566997528,
          0,
          -0.5926520824432373,
          -0.013954895548522472,
          -0.80533766746520996,
          0,
          -0.8002239465713501,
          0.31535065174102783,
          0.035154774785041809,
          1
        ]
      },
      {
