{
  "routeId" : "355509EA-ECDD-407E-8BC9-98CE68B966D6",
  "userId" : "NcsslHgGt7OcPalBU90raZOBcqP2",
  "stateSequenceTime" : [
    217.9041919708252,
    229.968052983284,
    234.58572995662689,
    256.46974992752075
  ],
  "settingsHistory" : [
    {
      "defaultColor" : 0,
      "disableARWorldMap" : true,
      "soundFeedback" : true,
      "adjustOffset" : true,
      "visualizeCloudAnchors" : true,
      "localizationThreshold" : 0,
      "filterGeoSpatial" : true,
      "timerLength" : 5,
      "hapticFeedback" : false,
      "relativeTimeStamp" : 0.18535900115966797,
      "voiceFeedback" : true,
      "sendLogs" : true,
      "defaultUnit" : 0
    },
    {
      "voiceFeedback" : true,
      "filterGeoSpatial" : true,
      "relativeTimeStamp" : 4.6711909770965576,
      "soundFeedback" : true,
      "disableARWorldMap" : true,
      "defaultColor" : 0,
      "defaultUnit" : 0,
      "sendLogs" : true,
      "localizationThreshold" : 3,
      "adjustOffset" : true,
      "timerLength" : 5,
      "visualizeCloudAnchors" : true,
      "hapticFeedback" : false
    },
    {
      "timerLength" : 5,
      "relativeTimeStamp" : 101.52012896537781,
      "sendLogs" : true,
      "visualizeCloudAnchors" : true,
      "soundFeedback" : true,
      "filterGeoSpatial" : true,
      "localizationThreshold" : 3,
      "adjustOffset" : true,
      "hapticFeedback" : false,
      "voiceFeedback" : true,
      "defaultUnit" : 0,
      "disableARWorldMap" : true,
      "defaultColor" : 0
    },
    {
      "timerLength" : 5,
      "soundFeedback" : true,
      "relativeTimeStamp" : 223.18402397632599,
      "defaultUnit" : 0,
      "adjustOffset" : true,
      "localizationThreshold" : 0,
      "hapticFeedback" : false,
      "visualizeCloudAnchors" : true,
      "filterGeoSpatial" : true,
      "defaultColor" : 0,
      "disableARWorldMap" : true,
      "sendLogs" : true,
      "voiceFeedback" : true
    }
  ],
  "keypointData" : [
    [
      -0.059113748371601105,
      -0.036075279116630554,
      -0.76363146305084229,
      1.5645208358764648
    ],
    [
      0.16942653059959412,
      -0.071357257664203644,
      -3.0825786590576172,
      1.6972147226333618
    ],
    [
      1.3582576513290405,
      -0.050592362880706787,
      -3.734417200088501,
      3.0144896507263184
    ],
    [
      9.4130325317382812,
      -0.038967080414295197,
      -3.6875157356262207,
      2.9396007061004639
    ],
    [
      15.711714744567871,
      -0.0042993221431970596,
      -4.2356972694396973,
      -3.1017789840698242
    ],
    [
      28.704351425170898,
      -0.0047224108129739761,
      -7.0701937675476074,
      2.0431292057037354
    ],
    [
      37.409919738769531,
      0.022955168038606644,
      -10.767256736755371,
      -2.9946472644805908
    ],
    [
      39.025062561035156,
      -0.0016798153519630432,
      -9.0607023239135742,
      -1.6938422918319702
    ],
    [
      43.066814422607422,
      0.035931803286075592,
      -1.1175460815429688,
      -1.7217774391174316
    ]
  ],
  "stateSequence" : [
    "mainScreen(announceArrival=false)",
    "startingResumeProcedure(route=355509EA-ECDD-407E-8BC9-98CE68B966D6, mapexists=true, navigateStartToEnd=true)",
    "navigatingRoute",
    "endScreen"
  ],
  "hasMap" : true,
  "cloudAnchorsForAlignment" : [
    {
      "anchorTransform" : [
        -0.12679585814476013,
        -6.5591138076470656e-10,
        -0.9919288158416748,
        0,
        8.4531492916539719e-08,
        1,
        -1.1466704030738128e-08,
        0,
        0.9919288158416748,
        -8.5303156538429903e-08,
        -0.12679585814476013,
        0,
        13.808849334716797,
        -0.023778581991791725,
        -4.0818295478820801,
        1
      ],
      "cloudAnchorID" : "ua-5996096efa5857f3685e7f386f751a9f",
      "anchorIdentifier" : "6A361693-BB48-4898-B177-8B7261280355"
    },
    {
      "anchorTransform" : [
        0.055665526539087296,
        3.0139467810386122e-08,
        -0.99844944477081299,
        0,
        1.3007788624008754e-08,
        1,
        3.0911483150930508e-08,
        0,
        0.99844944477081299,
        -1.4708323448076044e-08,
        0.055665526539087296,
        0,
        0.26534837484359741,
        0.019256575033068657,
        0.48741734027862549,
        1
      ],
      "anchorIdentifier" : "E89D2616-42E4-40F5-8E83-5F47965A723A",
      "cloudAnchorID" : "ua-05d1e9062d67771be0cc7e4f659d86ec"
    },
    {
      "cloudAnchorID" : "ua-4e21b119edfacf03c453f2b898c3cf1c",
      "anchorIdentifier" : "0716FD88-A954-45FD-AB84-798453D3A483",
      "anchorTransform" : [
        0.88699012994766235,
        -2.0801167011086363e-08,
        -0.4617883563041687,
        0,
        5.3160974289312435e-08,
        1,
        5.70653035936175e-08,
        0,
        0.4617883563041687,
        -7.5165480950545316e-08,
        0.88699012994766235,
        0,
        38.495731353759766,
        0.00070558860898017883,
        -9.8647661209106445,
        1
      ]
    }
  ],
  "trackingErrorData" : [
    "Normal"
  ],
  "garAnchorCameraWorldTransformsAndGeoSpatialData" : [
    {
      "geospatialTransform" : {
        "headingAccuracy" : 16.728754134148769,
        "altitudeAccuracy" : 19.705932934296769,
        "longitude" : -71.264455100128387,
        "heading" : 167.94134353403095,
        "positionAccuracy" : 103.62517887137788,
        "latitude" : 42.293475981361674,
        "altitude" : 29.724956567399204
      },
      "cameraWorldTransform" : [
        -0.010800469666719437,
        -0.93818759918212891,
        0.34595835208892822,
        0,
        0.99991214275360107,
        -0.0074790995568037033,
        0.010934040881693363,
        0,
        -0.007670725230127573,
        0.34604606032371521,
        0.93818604946136475,
        0,
        -0.031427312642335892,
        -0.021336751058697701,
        0.095010712742805481,
        0.9999997615814209
      ]
    },
    {
      "geospatialTransform" : {
        "altitude" : 29.813474383205175,
        "positionAccuracy" : 78.200043423104717,
        "heading" : 171.39018653851733,
        "longitude" : -71.264341130551202,
        "altitudeAccuracy" : 13.132067710049999,
        "headingAccuracy" : 17.181216764412319,
        "latitude" : 42.293555992084627
      },
      "cameraWorldTransform" : [
        -0.023775966838002205,
        -0.93418586254119873,
        0.35599339008331299,
        0,
        0.99757188558578491,
        0.0011459417873993516,
        0.069632641971111298,
        0,
        -0.065457783639431,
        0.35678461194038391,
        0.93189042806625366,
        0,
        -0.078706502914428711,
        -0.038017828017473221,
        -0.14940528571605682,
        0.9999997615814209
      ]
    },
    {
      "geospatialTransform" : {
        "altitudeAccuracy" : 9.9120351883265769,
        "heading" : 171.61985677631975,
        "longitude" : -71.264337277685328,
        "altitude" : 29.745055603794754,
        "headingAccuracy" : 17.254986472439001,
        "positionAccuracy" : 68.108744229181767,
        "latitude" : 42.293585056529174
      },
      "cameraWorldTransform" : [
        -0.0052069146186113358,
        -0.94659519195556641,
        0.32238203287124634,
        0,
        0.99737393856048584,
        0.018371822312474251,
        0.070053279399871826,
        0,
        -0.072234846651554108,
        0.32190024852752686,
        0.94401377439498901,
        0,
        -0.047839630395174026,
        -0.047397628426551819,
        -1.1696062088012695,
        0.9999997615814209
      ]
    },
    {
      "cameraWorldTransform" : [
        -0.034724589437246323,
        -0.95242184400558472,
        0.30279821157455444,
        0,
        0.98878723382949829,
        0.011289766989648342,
        0.14890396595001221,
        0,
        -0.14523790776729584,
        0.30457359552383423,
        0.94135051965713501,
        0,
        0.0087885260581970215,
        -0.054520171135663986,
        -2.2575547695159912,
        0.9999997615814209
      ],
      "geospatialTransform" : {
        "heading" : 176.34900296833391,
        "altitudeAccuracy" : 8.6237989390734491,
        "longitude" : -71.2643405443783,
        "altitude" : 29.599917661398649,
        "latitude" : 42.293582393941328,
        "headingAccuracy" : 17.231876204936309,
        "positionAccuracy" : 61.515430151202189
      }
    },
    {
      "cameraWorldTransform" : [
        -0.14853408932685852,
        -0.95776444673538208,
        0.24622082710266113,
        0,
        0.88470029830932617,
        -0.017447192221879959,
        0.46583324670791626,
        0,
        -0.44186273217201233,
        0.28702378273010254,
        0.84992605447769165,
        0,
        0.25352689623832703,
        -0.046030830591917038,
        -3.2267351150512695,
        0.99999964237213135
      ],
      "geospatialTransform" : {
        "positionAccuracy" : 58.295341859359297,
        "altitude" : 29.809857836924493,
        "latitude" : 42.293569940467648,
        "heading" : 195.27549316058861,
        "altitudeAccuracy" : 7.5320692077025502,
        "longitude" : -71.264355919727663,
        "headingAccuracy" : 17.140243720982983
      }
    },
    {
      "geospatialTransform" : {
        "headingAccuracy" : 17.204543228718805,
        "altitude" : 29.787628148682415,
        "heading" : 240.49932795333777,
        "longitude" : -71.264373547302867,
        "altitudeAccuracy" : 6.5751430510810511,
        "latitude" : 42.293567961155055,
        "positionAccuracy" : 57.386286098772445
      },
      "cameraWorldTransform" : [
        -0.30564701557159424,
        -0.9517173171043396,
        0.028531186282634735,
        0,
        0.27712699770927429,
        -0.060252435505390167,
        0.95894229412078857,
        0,
        -0.91092276573181152,
        0.301004558801651,
        0.28216254711151123,
        0,
        1.019187331199646,
        -0.014856043271720409,
        -3.6614246368408203,
        0.99999988079071045
      ]
    },
    {
      "cameraWorldTransform" : [
        -0.28124842047691345,
        -0.95887184143066406,
        -0.038259845227003098,
        0,
        0.002976653166115284,
        -0.040740668773651123,
        0.99916523694992065,
        0,
        -0.95963025093078613,
        0.28089979290962219,
        0.014312475919723511,
        0,
        2.0203855037689209,
        -0.020237792283296585,
        -3.8670716285705566,
        0.9999997615814209
      ],
      "geospatialTransform" : {
        "latitude" : 42.293560040562127,
        "longitude" : -71.264395865870441,
        "positionAccuracy" : 56.232138811083601,
        "altitudeAccuracy" : 5.9728630430871563,
        "altitude" : 29.777782114222646,
        "heading" : 256.31662049271887,
        "headingAccuracy" : 17.165094705094354
      }
    },
    {
      "geospatialTransform" : {
        "positionAccuracy" : 56.027583543149312,
        "latitude" : 42.29355549079586,
        "heading" : 254.09897880092419,
        "longitude" : -71.264410100699621,
        "altitude" : 29.801711549982429,
        "headingAccuracy" : 16.968442545095964,
        "altitudeAccuracy" : 5.9427579961465113
      },
      "cameraWorldTransform" : [
        -0.27883791923522949,
        -0.95928341150283813,
        -0.044996172189712524,
        0,
        0.026987131685018539,
        -0.054663214832544327,
        0.99814003705978394,
        0,
        -0.95995885133743286,
        0.27710497379302979,
        0.041130490601062775,
        0,
        3.1889486312866211,
        -0.020612781867384911,
        -3.9082040786743164,
        0.9999997615814209
      ]
    },
    {
      "cameraWorldTransform" : [
        -0.31620252132415771,
        -0.94757282733917236,
        -0.046059776097536087,
        0,
        -0.0097704101353883743,
        -0.045295588672161102,
        0.99892574548721313,
        0,
        -0.94864124059677124,
        0.31631284952163696,
        0.0050644059665501118,
        0,
        4.3011298179626465,
        -0.040128655731678009,
        -3.8922078609466553,
        0.9999997615814209
      ],
      "geospatialTransform" : {
        "heading" : 255.50785660366398,
        "latitude" : 42.293553488436309,
        "longitude" : -71.264421563854356,
        "headingAccuracy" : 16.811887242545861,
        "altitude" : 29.786827612668276,
        "altitudeAccuracy" : 6.0174987524145207,
        "positionAccuracy" : 56.149503774620293
      }
    },
    {
      "geospatialTransform" : {
        "altitudeAccuracy" : 6.1030872880045743,
        "longitude" : -71.26443211110967,
        "heading" : 256.69632212335921,
        "latitude" : 42.293551172379146,
        "altitude" : 29.787090886384249,
        "positionAccuracy" : 56.273448397917562,
        "headingAccuracy" : 16.674032475113599
      },
      "cameraWorldTransform" : [
        -0.34956762194633484,
        -0.93622380495071411,
        -0.035878725349903107,
        0,
        -0.038279157131910324,
        -0.023990990594029427,
        0.99897897243499756,
        0,
        -0.93612873554229736,
        0.35058411955833435,
        -0.027451388537883759,
        0,
        5.3411445617675781,
        -0.044839769601821899,
        -3.9087791442871094,
        0.9999997615814209
      ]
    },
    {
      "geospatialTransform" : {
        "latitude" : 42.293549708721329,
        "positionAccuracy" : 56.373240799210663,
        "longitude" : -71.264440443505208,
        "heading" : 256.5008429285993,
        "altitude" : 29.832092792727053,
        "altitudeAccuracy" : 6.1674673452817403,
        "headingAccuracy" : 16.492796291245952
      },
      "cameraWorldTransform" : [
        -0.31185773015022278,
        -0.94930273294448853,
        -0.03960958868265152,
        0,
        -0.045922625809907913,
        -0.026579992845654488,
        0.99859118461608887,
        0,
        -0.94901823997497559,
        0.31323736906051636,
        -0.03530530259013176,
        0,
        6.1580367088317871,
        -0.007449079304933548,
        -3.8724880218505859,
        0.99999964237213135
      ]
    },
    {
      "geospatialTransform" : {
        "latitude" : 42.29354537163826,
        "altitudeAccuracy" : 6.2152538998658935,
        "altitude" : 29.812215906567872,
        "headingAccuracy" : 16.330304199609184,
        "longitude" : -71.264443120141252,
        "positionAccuracy" : 56.459857843921192,
        "heading" : 239.3553444751449
      },
      "cameraWorldTransform" : [
        -0.39451491832733154,
        -0.91844403743743896,
        0.028610408306121826,
        0,
        0.231833815574646,
        -0.069358378648757935,
        0.97027957439422607,
        0,
        -0.88916313648223877,
        0.38942262530326843,
        0.24028928577899933,
        0,
        6.5901341438293457,
        -0.033279582858085632,
        -4.2668256759643555,
        0.99999988079071045
      ]
    },
    {
      "cameraWorldTransform" : [
        -0.33916017413139343,
        -0.94049942493438721,
        -0.020762916654348373,
        0,
        -0.028622100129723549,
        -0.011744293384253979,
        0.99952131509780884,
        0,
        -0.9402930736541748,
        0.3395920991897583,
        -0.022935874760150909,
        0,
        7.2691664695739746,
        -0.017440197989344597,
        -4.1568269729614258,
        0.9999997615814209
      ],
      "geospatialTransform" : {
        "altitude" : 29.830706148408353,
        "longitude" : -71.264450633634908,
        "heading" : 254.80852575044713,
        "altitudeAccuracy" : 6.268102386921651,
        "latitude" : 42.293544721106642,
        "positionAccuracy" : 56.53024163044428,
        "headingAccuracy" : 16.249861261143835
      }
    },
    {
      "geospatialTransform" : {
        "longitude" : -71.264450945490253,
        "headingAccuracy" : 16.70969834946159,
        "altitudeAccuracy" : 4.4891440909664375,
        "latitude" : 42.293565063970306,
        "altitude" : 29.82266853377223,
        "heading" : 267.3209861008562,
        "positionAccuracy" : 53.500819683477395
      },
      "cameraWorldTransform" : [
        -0.3322729766368866,
        -0.93847811222076416,
        -0.094092957675457001,
        0,
        -0.24571658670902252,
        -0.010184801183640957,
        0.96928822994232178,
        0,
        -0.910614013671875,
        0.3451884388923645,
        -0.2272154837846756,
        0,
        8.0391569137573242,
        -0.023892909288406372,
        -3.8589670658111572,
        0.99999988079071045
      ]
    },
    {
      "cameraWorldTransform" : [
        -0.28117981553077698,
        -0.95161342620849609,
        0.1239740177989006,
        0,
        0.40517476201057434,
        -0.00061483372701331973,
        0.91423887014389038,
        0,
        -0.869925856590271,
        0.30729669332504272,
        0.38574269413948059,
        0,
        8.691314697265625,
        0.004833487793803215,
        -3.7262189388275146,
        0.9999997615814209
      ],
      "geospatialTransform" : {
        "latitude" : 42.293584789175426,
        "altitudeAccuracy" : 3.3285310790336102,
        "altitude" : 30.036917070858181,
        "positionAccuracy" : 49.583134756302698,
        "heading" : 229.62432014288933,
        "longitude" : -71.264457728783952,
        "headingAccuracy" : 16.908591057576892
      }
    },
    {
      "geospatialTransform" : {
        "heading" : 87.695730581314493,
        "altitude" : 30.203839500434697,
        "headingAccuracy" : 16.800372395882864,
        "positionAccuracy" : 46.933118624769463,
        "longitude" : -71.264450915147634,
        "latitude" : 42.293599507030351,
        "altitudeAccuracy" : 3.0924397531464733
      },
      "cameraWorldTransform" : [
        0.22030806541442871,
        -0.97249585390090942,
        0.075604252517223358,
        0,
        0.24652159214019775,
        -0.01948121003806591,
        -0.96894139051437378,
        0,
        0.94376444816589355,
        0.23210367560386658,
        0.23544935882091522,
        0,
        8.021697998046875,
        0.03692840039730072,
        -3.4972922801971436,
        0.9999997615814209
      ]
    },
    {
      "geospatialTransform" : {
        "longitude" : -71.264451984680562,
        "altitudeAccuracy" : 2.7806395082448976,
        "headingAccuracy" : 16.81992129313447,
        "altitude" : 30.425330114550889,
        "positionAccuracy" : 44.116179803256863,
        "heading" : 73.321343438254061,
        "latitude" : 42.293609365814255
      },
      "cameraWorldTransform" : [
        0.25535345077514648,
        -0.96597212553024292,
        0.041137989610433578,
        0,
        0.0043669911101460457,
        -0.041395820677280426,
        -0.99913316965103149,
        0,
        0.96683770418167114,
        0.25531172752380371,
        -0.0063521787524223328,
        0,
        7.9968137741088867,
        0.066293790936470032,
        -3.5124506950378418,
        0.9999997615814209
      ]
    },
    {
      "geospatialTransform" : {
        "latitude" : 42.29361476112085,
        "altitude" : 30.534882072359324,
        "heading" : 81.934211089037092,
        "headingAccuracy" : 16.84578037263017,
        "longitude" : -71.264452123298796,
        "altitudeAccuracy" : 2.5466578425633384,
        "positionAccuracy" : 42.427904725294873
      },
      "cameraWorldTransform" : [
        0.27027523517608643,
        -0.96038275957107544,
        0.067941315472126007,
        0,
        0.15056987106800079,
        -0.027536271139979362,
        -0.98821568489074707,
        0,
        0.95093619823455811,
        0.27732017636299133,
        0.13716234266757965,
        0,
        7.9349637031555176,
        0.056562643498182297,
        -3.5411257743835449,
        0.9999997615814209
      ]
    },
    {
      "geospatialTransform" : {
        "heading" : 80.907541810985236,
        "longitude" : -71.264449329708228,
        "positionAccuracy" : 41.371602733777443,
        "altitude" : 30.582849810831249,
        "latitude" : 42.293618287362712,
        "altitudeAccuracy" : 2.4385272032415957,
        "headingAccuracy" : 16.866146543047829
      },
      "cameraWorldTransform" : [
        0.26984521746635437,
        -0.96059685945510864,
        0.06661185622215271,
        0,
        0.13359750807285309,
        -0.031159203499555588,
        -0.99054574966430664,
        0,
        0.95359063148498535,
        0.27619317173957825,
        0.11992519348859787,
        0,
        7.6472158432006836,
        0.04413142055273056,
        -3.571824312210083,
        0.99999988079071045
      ]
    }
  ],
  "garAnchors" : [
    [
      {
        "cloudIdentifier" : "ua-05d1e9062d67771be0cc7e4f659d86ec",
        "identifier" : "E89D2616-42E4-40F5-8E83-5F47965A723A",
        "transform" : [
          0.10620938986539841,
          -0.0019601972308009863,
          -0.99434185028076172,
          0,
          -0.00093849154654890299,
          0.99999743700027466,
          -0.0020715901628136635,
          0,
          0.9943433403968811,
          0.0011532037751749158,
          0.10620727390050888,
          0,
          0.28797465562820435,
          0.028243506327271461,
          0.5539209246635437,
          1
        ],
        "hasValidTransform" : true
      },
      {
        "transform" : [
          1,
          0,
          0,
          0,
          0,
          1,
          0,
          0,
          0,
          0,
          1,
          0,
          0,
          0,
          0,
          1
        ],
        "hasValidTransform" : false,
        "cloudIdentifier" : "",
        "identifier" : "0716FD88-A954-45FD-AB84-798453D3A483"
      },
      {
        "identifier" : "6A361693-BB48-4898-B177-8B7261280355",
        "transform" : [
          -0.12349133938550949,
          -0.0096883568912744522,
          -0.99229836463928223,
          0,
          -0.0074535533785820007,
          0.99993318319320679,
          -0.008835306391119957,
          0,
          0.99231767654418945,
          0.0063050645403563976,
          -0.12355530261993408,
          0,
          13.795625686645508,
          0.062513723969459534,
          -4.1775832176208496,
          1
        ],
        "cloudIdentifier" : "ua-5996096efa5857f3685e7f386f751a9f",
        "hasValidTransform" : true
      }
    ],
    [
      {
        "transform" : [
          0.10620938986539841,
          -0.0019601972308009863,
          -0.99434185028076172,
          0,
          -0.00093849154654890299,
          0.99999743700027466,
          -0.0020715901628136635,
          0,
          0.9943433403968811,
          0.0011532037751749158,
          0.10620727390050888,
          0,
          0.28797465562820435,
          0.028243506327271461,
          0.5539209246635437,
          1
        ],
        "hasValidTransform" : true,
        "cloudIdentifier" : "ua-05d1e9062d67771be0cc7e4f659d86ec",
        "identifier" : "E89D2616-42E4-40F5-8E83-5F47965A723A"
      },
      {
        "transform" : [
          1,
          0,
          0,
          0,
          0,
          1,
          0,
          0,
          0,
          0,
          1,
          0,
          0,
          0,
          0,
          1
        ],
        "identifier" : "0716FD88-A954-45FD-AB84-798453D3A483",
        "cloudIdentifier" : "",
        "hasValidTransform" : false
      },
      {
        "identifier" : "6A361693-BB48-4898-B177-8B7261280355",
        "hasValidTransform" : true,
        "transform" : [
          -0.12349133938550949,
          -0.0096883568912744522,
          -0.99229836463928223,
          0,
          -0.0074535533785820007,
          0.99993318319320679,
          -0.008835306391119957,
          0,
          0.99231767654418945,
          0.0063050645403563976,
          -0.12355530261993408,
          0,
          13.795625686645508,
          0.062513723969459534,
          -4.1775832176208496,
          1
        ],
        "cloudIdentifier" : "ua-5996096efa5857f3685e7f386f751a9f"
      }
    ],
    [
      {
        "transform" : [
          0.10620938986539841,
          -0.0019601972308009863,
          -0.99434185028076172,
          0,
          -0.00093849154654890299,
          0.99999743700027466,
          -0.0020715901628136635,
          0,
          0.9943433403968811,
          0.0011532037751749158,
          0.10620727390050888,
          0,
          0.28797465562820435,
          0.028243506327271461,
          0.5539209246635437,
          1
        ],
        "hasValidTransform" : true,
        "identifier" : "E89D2616-42E4-40F5-8E83-5F47965A723A",
        "cloudIdentifier" : "ua-05d1e9062d67771be0cc7e4f659d86ec"
      },
      {
        "identifier" : "0716FD88-A954-45FD-AB84-798453D3A483",
        "cloudIdentifier" : "",
        "hasValidTransform" : false,
        "transform" : [
          1,
          0,
          0,
          0,
          0,
          1,
          0,
          0,
          0,
          0,
          1,
          0,
          0,
          0,
          0,
          1
        ]
      },
      {
        "hasValidTransform" : true,
        "transform" : [
          -0.12349133938550949,
          -0.0096883568912744522,
          -0.99229836463928223,
          0,
          -0.0074535533785820007,
          0.99993318319320679,
          -0.008835306391119957,
          0,
          0.99231767654418945,
          0.0063050645403563976,
          -0.12355530261993408,
          0,
          13.795625686645508,
          0.062513723969459534,
          -4.1775832176208496,
          1
        ],
        "cloudIdentifier" : "ua-5996096efa5857f3685e7f386f751a9f",
        "identifier" : "6A361693-BB48-4898-B177-8B7261280355"
      }
    ],
    [
      {
        "identifier" : "E89D2616-42E4-40F5-8E83-5F47965A723A",
        "hasValidTransform" : true,
        "transform" : [
          0.076610028743743896,
          0.0041669169440865517,
          -0.99705243110656738,
          0,
          -0.0074049201793968678,
          0.9999660849571228,
          0.0036101252771914005,
          0,
          0.99703365564346313,
          0.0071065216325223446,
          0.076638288795948029,
          0,
          0.23408405482769012,
          -0.02132846973836422,
          0.2909930944442749,
          1
        ],
        "cloudIdentifier" : "ua-05d1e9062d67771be0cc7e4f659d86ec"
      },
      {
        "hasValidTransform" : false,
        "cloudIdentifier" : "",
        "transform" : [
          1,
          0,
          0,
          0,
          0,
          1,
          0,
          0,
          0,
          0,
          1,
          0,
          0,
          0,
          0,
          1
        ],
        "identifier" : "0716FD88-A954-45FD-AB84-798453D3A483"
      },
      {
        "transform" : [
          -0.1250825822353363,
          -0.0090192118659615517,
          -0.99210536479949951,
          0,
          -0.0060997512191534042,
          0.99994677305221558,
          -0.0083214538171887398,
          0,
          0.99212759733200073,
          0.0050107268616557121,
          -0.12513093650341034,
          0,
          13.833608627319336,
          0.048222959041595459,
          -4.212519645690918,
          1
        ],
        "hasValidTransform" : true,
        "cloudIdentifier" : "ua-5996096efa5857f3685e7f386f751a9f",
        "identifier" : "6A361693-BB48-4898-B177-8B7261280355"
      }
    ],
    [
      {
        "hasValidTransform" : true,
        "transform" : [
          0.076610028743743896,
          0.0041669169440865517,
          -0.99705243110656738,
          0,
          -0.0074049201793968678,
          0.9999660849571228,
          0.0036101252771914005,
          0,
          0.99703365564346313,
          0.0071065216325223446,
          0.076638288795948029,
          0,
          0.23408405482769012,
          -0.02132846973836422,
          0.2909930944442749,
          1
        ],
        "identifier" : "E89D2616-42E4-40F5-8E83-5F47965A723A",
        "cloudIdentifier" : "ua-05d1e9062d67771be0cc7e4f659d86ec"
      },
      {
        "transform" : [
          1,
          0,
          0,
          0,
          0,
          1,
          0,
          0,
          0,
          0,
          1,
          0,
          0,
          0,
          0,
          1
        ],
        "cloudIdentifier" : "",
        "hasValidTransform" : false,
        "identifier" : "0716FD88-A954-45FD-AB84-798453D3A483"
      },
      {
        "cloudIdentifier" : "ua-5996096efa5857f3685e7f386f751a9f",
        "identifier" : "6A361693-BB48-4898-B177-8B7261280355",
        "transform" : [
          -0.1250825822353363,
          -0.0090192118659615517,
          -0.99210536479949951,
          0,
          -0.0060997512191534042,
          0.99994677305221558,
          -0.0083214538171887398,
          0,
          0.99212759733200073,
          0.0050107268616557121,
          -0.12513093650341034,
          0,
          13.833608627319336,
          0.048222959041595459,
          -4.212519645690918,
          1
        ],
        "hasValidTransform" : true
      }
    ],
    [
      {
        "transform" : [
          0.076610028743743896,
          0.0041669169440865517,
          -0.99705243110656738,
          0,
          -0.0074049201793968678,
          0.9999660849571228,
          0.0036101252771914005,
          0,
          0.99703365564346313,
          0.0071065216325223446,
          0.076638288795948029,
          0,
          0.23408405482769012,
          -0.02132846973836422,
          0.2909930944442749,
          1
        ],
        "hasValidTransform" : true,
        "identifier" : "E89D2616-42E4-40F5-8E83-5F47965A723A",
        "cloudIdentifier" : "ua-05d1e9062d67771be0cc7e4f659d86ec"
      },
      {
        "hasValidTransform" : false,
        "identifier" : "0716FD88-A954-45FD-AB84-798453D3A483",
        "transform" : [
          1,
          0,
          0,
          0,
          0,
          1,
          0,
          0,
          0,
          0,
          1,
          0,
          0,
          0,
          0,
          1
        ],
        "cloudIdentifier" : ""
      },
      {
        "transform" : [
          -0.1250825822353363,
          -0.0090192118659615517,
          -0.99210536479949951,
          0,
          -0.0060997512191534042,
          0.99994677305221558,
          -0.0083214538171887398,
          0,
          0.99212759733200073,
          0.0050107268616557121,
          -0.12513093650341034,
          0,
          13.833608627319336,
          0.048222959041595459,
          -4.212519645690918,
          1
        ],
        "identifier" : "6A361693-BB48-4898-B177-8B7261280355",
        "cloudIdentifier" : "ua-5996096efa5857f3685e7f386f751a9f",
        "hasValidTransform" : true
      }
    ],
    [
      {
        "hasValidTransform" : true,
        "cloudIdentifier" : "ua-05d1e9062d67771be0cc7e4f659d86ec",
        "identifier" : "E89D2616-42E4-40F5-8E83-5F47965A723A",
        "transform" : [
          0.076610028743743896,
          0.0041669169440865517,
          -0.99705243110656738,
          0,
          -0.0074049201793968678,
          0.9999660849571228,
          0.0036101252771914005,
          0,
          0.99703365564346313,
          0.0071065216325223446,
          0.076638288795948029,
          0,
          0.23408405482769012,
          -0.02132846973836422,
          0.2909930944442749,
          1
        ]
      },
      {
        "hasValidTransform" : true,
        "cloudIdentifier" : "ua-4e21b119edfacf03c453f2b898c3cf1c",
        "identifier" : "0716FD88-A954-45FD-AB84-798453D3A483",
        "transform" : [
          0.99423402547836304,
          -0.014124332927167416,
          -0.10629777610301971,
          0,
          0.012738701887428761,
          0.99982494115829468,
          -0.013703104108572006,
          0,
          0.10647271573543549,
          0.012269997037947178,
          0.9942399263381958,
          0,
          12.874446868896484,
          -0.058165371417999268,
          -2.7558944225311279,
          1
        ]
      },
      {
        "hasValidTransform" : true,
        "cloudIdentifier" : "ua-5996096efa5857f3685e7f386f751a9f",
        "identifier" : "6A361693-BB48-4898-B177-8B7261280355",
        "transform" : [
          -0.1250825822353363,
          -0.0090192118659615517,
          -0.99210536479949951,
          0,
          -0.0060997512191534042,
          0.99994677305221558,
          -0.0083214538171887398,
          0,
          0.99212759733200073,
          0.0050107268616557121,
          -0.12513093650341034,
          0,
          13.833608627319336,
          0.048222959041595459,
          -4.212519645690918,
          1
        ]
      }
    ],
    [
      {
        "hasValidTransform" : true,
        "transform" : [
          0.076610028743743896,
          0.0041669169440865517,
          -0.99705243110656738,
          0,
          -0.0074049201793968678,
          0.9999660849571228,
          0.0036101252771914005,
          0,
          0.99703365564346313,
          0.0071065216325223446,
          0.076638288795948029,
          0,
          0.23408405482769012,
          -0.02132846973836422,
          0.2909930944442749,
          1
        ],
        "cloudIdentifier" : "ua-05d1e9062d67771be0cc7e4f659d86ec",
        "identifier" : "E89D2616-42E4-40F5-8E83-5F47965A723A"
      },
      {
        "identifier" : "0716FD88-A954-45FD-AB84-798453D3A483",
        "cloudIdentifier" : "ua-4e21b119edfacf03c453f2b898c3cf1c",
        "transform" : [
          0.99423402547836304,
          -0.014124332927167416,
          -0.10629777610301971,
          0,
          0.012738701887428761,
          0.99982494115829468,
          -0.013703104108572006,
          0,
          0.10647271573543549,
          0.012269997037947178,
          0.9942399263381958,
          0,
          12.874446868896484,
          -0.058165371417999268,
          -2.7558944225311279,
          1
        ],
        "hasValidTransform" : true
      },
      {
        "transform" : [
          -0.12645348906517029,
          -0.010364451445639133,
          -0.99191838502883911,
          0,
          -0.0046096057631075382,
          0.99994075298309326,
          -0.0098606264218688011,
          0,
          0.99196183681488037,
          0.0033254423178732395,
          -0.12649376690387726,
          0,
          13.811582565307617,
          0.0045422515831887722,
          -4.198481559753418,
          1
        ],
        "cloudIdentifier" : "ua-5996096efa5857f3685e7f386f751a9f",
        "hasValidTransform" : true,
        "identifier" : "6A361693-BB48-4898-B177-8B7261280355"
      }
    ],
    [
      {
        "hasValidTransform" : true,
        "cloudIdentifier" : "ua-05d1e9062d67771be0cc7e4f659d86ec",
        "identifier" : "E89D2616-42E4-40F5-8E83-5F47965A723A",
        "transform" : [
          0.076610028743743896,
          0.0041669169440865517,
          -0.99705243110656738,
          0,
          -0.0074049201793968678,
          0.9999660849571228,
          0.0036101252771914005,
          0,
          0.99703365564346313,
          0.0071065216325223446,
          0.076638288795948029,
          0,
          0.23408405482769012,
          -0.02132846973836422,
          0.2909930944442749,
          1
        ]
      },
      {
        "identifier" : "0716FD88-A954-45FD-AB84-798453D3A483",
        "hasValidTransform" : true,
        "cloudIdentifier" : "ua-4e21b119edfacf03c453f2b898c3cf1c",
        "transform" : [
          0.99423402547836304,
          -0.014124332927167416,
          -0.10629777610301971,
          0,
          0.012738701887428761,
          0.99982494115829468,
          -0.013703104108572006,
          0,
          0.10647271573543549,
          0.012269997037947178,
          0.9942399263381958,
          0,
          12.874446868896484,
          -0.058165371417999268,
          -2.7558944225311279,
          1
        ]
      },
      {
        "transform" : [
          -0.12645348906517029,
          -0.010364451445639133,
          -0.99191838502883911,
          0,
          -0.0046096057631075382,
          0.99994075298309326,
          -0.0098606264218688011,
          0,
          0.99196183681488037,
          0.0033254423178732395,
          -0.12649376690387726,
          0,
          13.811582565307617,
          0.0045422515831887722,
          -4.198481559753418,
          1
        ],
        "cloudIdentifier" : "ua-5996096efa5857f3685e7f386f751a9f",
        "hasValidTransform" : true,
        "identifier" : "6A361693-BB48-4898-B177-8B7261280355"
      }
    ],
    [
      {
        "transform" : [
          0.076610028743743896,
          0.0041669169440865517,
          -0.99705243110656738,
          0,
          -0.0074049201793968678,
          0.9999660849571228,
          0.0036101252771914005,
          0,
          0.99703365564346313,
          0.0071065216325223446,
          0.076638288795948029,
          0,
          0.23408405482769012,
          -0.02132846973836422,
          0.2909930944442749,
          1
        ],
        "hasValidTransform" : true,
        "cloudIdentifier" : "ua-05d1e9062d67771be0cc7e4f659d86ec",
        "identifier" : "E89D2616-42E4-40F5-8E83-5F47965A723A"
      },
      {
        "cloudIdentifier" : "ua-4e21b119edfacf03c453f2b898c3cf1c",
        "hasValidTransform" : true,
        "identifier" : "0716FD88-A954-45FD-AB84-798453D3A483",
        "transform" : [
          0.99460703134536743,
          -0.01273297518491745,
          -0.10293056070804596,
          0,
          0.010908370837569237,
          0.99977356195449829,
          -0.018270084634423256,
          0,
          0.10313988476991653,
          0.017048750072717667,
          0.99452072381973267,
          0,
          13.03570556640625,
          -0.044320195913314819,
          -2.7314302921295166,
          1
        ]
      },
      {
        "cloudIdentifier" : "ua-5996096efa5857f3685e7f386f751a9f",
        "transform" : [
          -0.12842246890068054,
          -0.0096736056730151176,
          -0.99167239665985107,
          0,
          -0.002538981381803751,
          0.99995237588882446,
          -0.0094255758449435234,
          0,
          0.99171632528305054,
          0.0013073820155113935,
          -0.12844091653823853,
          0,
          13.820995330810547,
          -0.012164984829723835,
          -4.1941237449645996,
          1
        ],
        "identifier" : "6A361693-BB48-4898-B177-8B7261280355",
        "hasValidTransform" : true
      }
    ],
    [
      {
        "identifier" : "E89D2616-42E4-40F5-8E83-5F47965A723A",
        "transform" : [
          0.076610028743743896,
          0.0041669169440865517,
          -0.99705243110656738,
          0,
          -0.0074049201793968678,
          0.9999660849571228,
          0.0036101252771914005,
          0,
          0.99703365564346313,
          0.0071065216325223446,
          0.076638288795948029,
          0,
          0.23408405482769012,
          -0.02132846973836422,
          0.2909930944442749,
          1
        ],
        "hasValidTransform" : true,
        "cloudIdentifier" : "ua-05d1e9062d67771be0cc7e4f659d86ec"
      },
      {
        "cloudIdentifier" : "ua-4e21b119edfacf03c453f2b898c3cf1c",
        "hasValidTransform" : true,
        "identifier" : "0716FD88-A954-45FD-AB84-798453D3A483",
        "transform" : [
          0.99460703134536743,
          -0.01273297518491745,
          -0.10293056070804596,
          0,
          0.010908370837569237,
          0.99977356195449829,
          -0.018270084634423256,
          0,
          0.10313988476991653,
          0.017048750072717667,
