{
  "trackingErrorData" : [
    "Normal"
  ],
  "isVoiceOverOn" : false,
  "trackingErrorPhase" : [
    false
  ],
  "PathType" : "notrated",
  "PathID" : "108C8801-4272-49AA-BDC7-08D3DACDBEB62023-03-19T18:29:58-04:00-0",
  "garAnchorTimestamps" : [
    827.23631208300003,
    828.30352308299996,
    829.45410695800001,
    830.60469575000002,
    831.755283416,
    832.90586862500004,
    834.05647937499998,
    835.22372733300006
  ],
  "trackingErrorTime" : [
    7.9585849046707153
  ],
  "hasMap" : true,
  "stateSequence" : [
    "mainScreen(announceArrival=false)",
    "startingResumeProcedure(route=355509EA-ECDD-407E-8BC9-98CE68B966D6, mapexists=true, navigateStartToEnd=true)",
    "navigatingRoute",
    "endScreen"
  ],
  "PathDate" : "2023-03-19T18:29:58-04:00",
  "cloudAnchorsForAlignment" : [
    {
      "anchorTransform" : [
        -0.12679585814476013,
        -6.5591138076470656e-10,
        -0.9919288158416748,
        0,
        8.4531492916539719e-08,
        1,
        -1.1466704030738128e-08,
        0,
        0.9919288158416748,
        -8.5303156538429903e-08,
        -0.12679585814476013,
        0,
        13.808849334716797,
        -0.023778581991791725,
        -4.0818295478820801,
        1
      ],
      "anchorIdentifier" : "FD91EA02-A23D-4202-91AB-F5CF5EBB5CFD",
      "cloudAnchorID" : "ua-5996096efa5857f3685e7f386f751a9f"
    },
    {
      "anchorIdentifier" : "563E8B16-704B-4CC0-852B-10C457B3BE0C",
      "cloudAnchorID" : "ua-4e21b119edfacf03c453f2b898c3cf1c",
      "anchorTransform" : [
        0.88699012994766235,
        -2.0801167011086363e-08,
        -0.4617883563041687,
        0,
        5.3160974289312435e-08,
        1,
        5.70653035936175e-08,
        0,
        0.4617883563041687,
        -7.5165480950545316e-08,
        0.88699012994766235,
        0,
        38.495731353759766,
        0.00070558860898017883,
        -9.8647661209106445,
        1
      ]
    },
    {
      "cloudAnchorID" : "ua-05d1e9062d67771be0cc7e4f659d86ec",
      "anchorIdentifier" : "A55EC544-6D20-46E8-8471-794A8C1DCE43",
      "anchorTransform" : [
        0.055665526539087296,
        3.0139467810386122e-08,
        -0.99844944477081299,
        0,
        1.3007788624008754e-08,
        1,
        3.0911483150930508e-08,
        0,
        0.99844944477081299,
        -1.4708323448076044e-08,
        0.055665526539087296,
        0,
        0.26534837484359741,
        0.019256575033068657,
        0.48741734027862549,
        1
      ]
    }
  ],
  "keypointData" : [
    [
      -0.059113748371601105,
      -0.036075279116630554,
      -0.76363146305084229,
      1.5645208358764648
    ],
    [
      0.16942653059959412,
      -0.071357257664203644,
      -3.0825786590576172,
      1.6972147226333618
    ],
    [
      1.3582576513290405,
      -0.050592362880706787,
      -3.734417200088501,
      3.0144896507263184
    ],
    [
      9.4130325317382812,
      -0.038967080414295197,
      -3.6875157356262207,
      2.9396007061004639
    ],
    [
      15.711714744567871,
      -0.0042993221431970596,
      -4.2356972694396973,
      -3.1017789840698242
    ],
    [
      28.704351425170898,
      -0.0047224108129739761,
      -7.0701937675476074,
      2.0431292057037354
    ],
    [
      37.409919738769531,
      0.022955168038606644,
      -10.767256736755371,
      -2.9946472644805908
    ],
    [
      39.025062561035156,
      -0.0016798153519630432,
      -9.0607023239135742,
      -1.6938422918319702
    ],
    [
      43.066814422607422,
      0.035931803286075592,
      -1.1175460815429688,
      -1.7217774391174316
    ]
  ],
  "settingsHistory" : [
    {
      "visualizeCloudAnchors" : true,
      "defaultColor" : 0,
      "defaultUnit" : 0,
      "soundFeedback" : true,
      "sendLogs" : true,
      "disableARWorldMap" : true,
      "hapticFeedback" : false,
      "filterGeoSpatial" : true,
      "localizationThreshold" : 0,
      "voiceFeedback" : true,
      "adjustOffset" : true,
      "timerLength" : 5,
      "relativeTimeStamp" : 0.18111300468444824
    }
  ],
  "garAnchorCameraWorldTransformsAndGeoSpatialData" : [
    {
      "cameraWorldTransform" : [
        -0.23615315556526184,
        -0.9716637134552002,
        -0.01006670854985714,
        0,
        0.28724959492683411,
        -0.079702392220497131,
        0.95453393459320068,
        0,
        -0.92828834056854248,
        0.22252455353736877,
        0.29793199896812439,
        0,
        0.47515028715133667,
        -0.061957728117704391,
        -3.3554301261901855,
        1
      ],
      "geospatialTransform" : {
        "altitude" : 28.238553208298981,
        "positionAccuracy" : 20.933478449785412,
        "latitude" : 42.293813562088786,
        "altitudeAccuracy" : 34.390223963619242,
        "heading" : 225.11414679403646,
        "longitude" : -71.264337841889471,
        "headingAccuracy" : 16.716035979911503
      }
    },
    {
      "geospatialTransform" : {
        "altitudeAccuracy" : 34.399575066689792,
        "latitude" : 42.293808628026518,
        "longitude" : -71.264344402706556,
        "altitude" : 28.277664699591696,
        "positionAccuracy" : 20.976661106010862,
        "headingAccuracy" : 16.68753323531115,
        "heading" : 239.47812739391793
      },
      "cameraWorldTransform" : [
        -0.2826744019985199,
        -0.95875126123428345,
        -0.029853841289877892,
        0,
        0.043248899281024933,
        -0.043830506503582001,
        0.99810236692428589,
        0,
        -0.95824038982391357,
        0.28084683418273926,
        0.053854692727327347,
        0,
        1.2507359981536865,
        -0.039978846907615662,
        -3.6075453758239746,
        1.0000001192092896
      ]
    },
    {
      "geospatialTransform" : {
        "altitude" : 32.332374786026776,
        "longitude" : -71.264350349015913,
        "heading" : 236.15056587655431,
        "latitude" : 42.293808689632776,
        "altitudeAccuracy" : 23.459980308731307,
        "positionAccuracy" : 20.625724086245121,
        "headingAccuracy" : 15.665399442522906
      },
      "cameraWorldTransform" : [
        -0.29004797339439392,
        -0.95676904916763306,
        -0.021564729511737823,
        0,
        0.098431952297687531,
        -0.052238740026950836,
        0.99377161264419556,
        0,
        -0.95193642377853394,
        0.28611880540847778,
        0.10932838916778564,
        0,
        1.9546836614608765,
        -0.035383924841880798,
        -3.7647707462310791,
        1
      ]
    },
    {
      "cameraWorldTransform" : [
        -0.23400285840034485,
        -0.9525073766708374,
        0.19486463069915771,
        0,
        0.74992948770523071,
        -0.049277771264314651,
        0.6596795916557312,
        0,
        -0.61874723434448242,
        0.30050170421600342,
        0.72584450244903564,
        0,
        1.8942810297012329,
        -0.027305614203214645,
        -4.0962381362915039,
        0.99999988079071045
      ],
      "geospatialTransform" : {
        "latitude" : 42.29380672152574,
        "positionAccuracy" : 20.621028577038832,
        "heading" : 193.00340719917028,
        "headingAccuracy" : 15.539367591730699,
        "altitudeAccuracy" : 22.513541984020833,
        "longitude" : -71.264347475799369,
        "altitude" : 32.641977035440505
      }
    },
    {
      "geospatialTransform" : {
        "longitude" : -71.264341887108799,
        "positionAccuracy" : 20.61697757083089,
        "altitude" : 32.685748565010726,
        "headingAccuracy" : 15.383938212266539,
        "heading" : 77.844357477492082,
        "latitude" : 42.293813020937328,
        "altitudeAccuracy" : 22.475600887575258
      },
      "cameraWorldTransform" : [
        0.25272884964942932,
        -0.9618256688117981,
        0.10497325658798218,
        0,
        0.27764186263084412,
        -0.031838085502386093,
        -0.96015673875808716,
        0,
        0.92684561014175415,
        0.2718043327331543,
        0.25899666547775269,
        0,
        1.1588706970214844,
        -0.015814676880836487,
        -3.6962640285491943,
        0.99999988079071045
      ]
    },
    {
      "cameraWorldTransform" : [
        0.28852471709251404,
        -0.95611435174942017,
        0.050977971404790878,
        0,
        0.01846652664244175,
        -0.047675523906946182,
        -0.99869203567504883,
        0,
        0.95729422569274902,
        0.28908872604370117,
        0.0039005398284643888,
        0,
        1.0933512449264526,
        -0.0020293726120144129,
        -3.6727325916290283,
        0.99999988079071045
      ],
      "geospatialTransform" : {
        "latitude" : 42.293813392240061,
        "longitude" : -71.264341230342964,
        "altitudeAccuracy" : 22.469776946809041,
        "headingAccuracy" : 15.234285801719041,
        "altitude" : 32.733070713467896,
        "heading" : 62.370287453147384,
        "positionAccuracy" : 20.616001792217954
      }
    },
    {
      "cameraWorldTransform" : [
        0.28402581810951233,
        -0.95732921361923218,
        0.053385514765977859,
        0,
        0.10415014624595642,
        -0.024545032531023026,
        -0.9942585825920105,
        0,
        0.95314311981201172,
        0.28795528411865234,
        0.092734560370445251,
        0,
        1.007164478302002,
        -0.01213347539305687,
        -3.6031041145324707,
        1
      ],
      "geospatialTransform" : {
        "latitude" : 42.293842796416506,
        "heading" : 66.787560933913213,
        "altitudeAccuracy" : 19.361136202559582,
        "headingAccuracy" : 15.363741173749435,
        "longitude" : -71.264221727974146,
        "positionAccuracy" : 45.909425925309236,
        "altitude" : 33.260220755822957
      }
    },
    {
      "geospatialTransform" : {
        "altitude" : 33.693023704923689,
        "latitude" : 42.29386400763412,
        "longitude" : -71.264139242524394,
        "altitudeAccuracy" : 16.876150326348061,
        "heading" : 69.817806865296561,
        "positionAccuracy" : 54.603147487753532,
        "headingAccuracy" : 15.490920426918212
      },
      "cameraWorldTransform" : [
        0.39509445428848267,
        -0.91532927751541138,
        0.077927969396114349,
        0,
        0.16277629137039185,
        -0.013731860555708408,
        -0.98656743764877319,
        0,
        0.90410405397415161,
        0.40247216820716858,
        0.14356851577758789,
        0,
        0.31297725439071655,
        -0.067595049738883972,
        -3.72603440284729,
        1
      ]
    }
  ],
  "ARLoggerDataDir" : "visual_alignment_benchmarking\/MAC-2-floor-1\/NcsslHgGt7OcPalBU90raZOBcqP2\/703FB891-E431-41EC-BCCD-E3B04A97F9E2",
  "userId" : "NcsslHgGt7OcPalBU90raZOBcqP2",
  "garAnchors" : [
    [
      {
        "cloudIdentifier" : "ua-05d1e9062d67771be0cc7e4f659d86ec",
        "transform" : [
          -0.085187859833240509,
          0.0015993092674762011,
          -0.99636363983154297,
          0,
          -0.028119968250393867,
          0.99959653615951538,
          0.0040087210945785046,
          0,
          0.9959680438041687,
          0.028359206393361092,
          -0.08510851114988327,
          0,
          0.3206402063369751,
          -0.018766814842820168,
          0.86775487661361694,
          1
        ],
        "identifier" : "A55EC544-6D20-46E8-8471-794A8C1DCE43",
        "hasValidTransform" : true
      },
      {
        "hasValidTransform" : true,
        "cloudIdentifier" : "ua-5996096efa5857f3685e7f386f751a9f",
        "identifier" : "FD91EA02-A23D-4202-91AB-F5CF5EBB5CFD",
        "transform" : [
          -0.26575419306755066,
          -0.010286683216691017,
          -0.96398591995239258,
          0,
          -0.014236457645893097,
          0.99987590312957764,
          -0.0067449202761054039,
          0,
          0.96393567323684692,
          0.011931253597140312,
          -0.265867680311203,
          0,
          13.150848388671875,
          0.094089001417160034,
          -5.6535310745239258,
          1
        ]
      },
      {
        "transform" : [
          0.97297763824462891,
          -0.015338020399212837,
          -0.2303892970085144,
          0,
          0.01116540189832449,
          0.99974936246871948,
          -0.019404070451855659,
          0,
          0.23062917590141296,
          0.016307339072227478,
          0.97290503978729248,
          0,
          12.41694450378418,
          -0.09946887195110321,
          -3.9105434417724609,
          1
        ],
        "cloudIdentifier" : "ua-4e21b119edfacf03c453f2b898c3cf1c",
        "hasValidTransform" : true,
        "identifier" : "563E8B16-704B-4CC0-852B-10C457B3BE0C"
      }
    ],
    [
      {
        "hasValidTransform" : true,
        "cloudIdentifier" : "ua-05d1e9062d67771be0cc7e4f659d86ec",
        "transform" : [
          -0.085187859833240509,
          0.0015993092674762011,
          -0.99636363983154297,
          0,
          -0.028119968250393867,
          0.99959653615951538,
          0.0040087210945785046,
          0,
          0.9959680438041687,
          0.028359206393361092,
          -0.08510851114988327,
          0,
          0.3206402063369751,
          -0.018766814842820168,
          0.86775487661361694,
          1
        ],
        "identifier" : "A55EC544-6D20-46E8-8471-794A8C1DCE43"
      },
      {
        "hasValidTransform" : true,
        "transform" : [
          -0.26575419306755066,
          -0.010286683216691017,
          -0.96398591995239258,
          0,
          -0.014236457645893097,
          0.99987590312957764,
          -0.0067449202761054039,
          0,
          0.96393567323684692,
          0.011931253597140312,
          -0.265867680311203,
          0,
          13.150848388671875,
          0.094089001417160034,
          -5.6535310745239258,
          1
        ],
        "cloudIdentifier" : "ua-5996096efa5857f3685e7f386f751a9f",
        "identifier" : "FD91EA02-A23D-4202-91AB-F5CF5EBB5CFD"
      },
      {
        "transform" : [
          0.97297763824462891,
          -0.015338020399212837,
          -0.2303892970085144,
          0,
          0.01116540189832449,
          0.99974936246871948,
          -0.019404070451855659,
          0,
          0.23062917590141296,
          0.016307339072227478,
          0.97290503978729248,
          0,
          12.41694450378418,
          -0.09946887195110321,
          -3.9105434417724609,
          1
        ],
        "hasValidTransform" : true,
        "cloudIdentifier" : "ua-4e21b119edfacf03c453f2b898c3cf1c",
        "identifier" : "563E8B16-704B-4CC0-852B-10C457B3BE0C"
      }
    ],
    [
      {
        "identifier" : "A55EC544-6D20-46E8-8471-794A8C1DCE43",
        "cloudIdentifier" : "ua-05d1e9062d67771be0cc7e4f659d86ec",
        "hasValidTransform" : true,
        "transform" : [
          -0.085187859833240509,
          0.0015993092674762011,
          -0.99636363983154297,
          0,
          -0.028119968250393867,
          0.99959653615951538,
          0.0040087210945785046,
          0,
          0.9959680438041687,
          0.028359206393361092,
          -0.08510851114988327,
          0,
          0.3206402063369751,
          -0.018766814842820168,
          0.86775487661361694,
          1
        ]
      },
      {
        "cloudIdentifier" : "ua-5996096efa5857f3685e7f386f751a9f",
        "transform" : [
          -0.26575419306755066,
          -0.010286683216691017,
          -0.96398591995239258,
          0,
          -0.014236457645893097,
          0.99987590312957764,
          -0.0067449202761054039,
          0,
          0.96393567323684692,
          0.011931253597140312,
          -0.265867680311203,
          0,
          13.150848388671875,
          0.094089001417160034,
          -5.6535310745239258,
          1
        ],
        "hasValidTransform" : true,
        "identifier" : "FD91EA02-A23D-4202-91AB-F5CF5EBB5CFD"
      },
      {
        "identifier" : "563E8B16-704B-4CC0-852B-10C457B3BE0C",
        "hasValidTransform" : true,
        "cloudIdentifier" : "ua-4e21b119edfacf03c453f2b898c3cf1c",
        "transform" : [
          0.97297763824462891,
          -0.015338020399212837,
          -0.2303892970085144,
          0,
          0.01116540189832449,
          0.99974936246871948,
          -0.019404070451855659,
          0,
          0.23062917590141296,
          0.016307339072227478,
          0.97290503978729248,
          0,
          12.41694450378418,
          -0.09946887195110321,
          -3.9105434417724609,
          1
        ]
      }
    ],
    [
      {
        "hasValidTransform" : true,
        "cloudIdentifier" : "ua-05d1e9062d67771be0cc7e4f659d86ec",
        "transform" : [
          -0.085187859833240509,
          0.0015993092674762011,
          -0.99636363983154297,
          0,
          -0.028119968250393867,
          0.99959653615951538,
          0.0040087210945785046,
          0,
          0.9959680438041687,
          0.028359206393361092,
          -0.08510851114988327,
          0,
          0.3206402063369751,
          -0.018766814842820168,
          0.86775487661361694,
          1
        ],
        "identifier" : "A55EC544-6D20-46E8-8471-794A8C1DCE43"
      },
      {
        "hasValidTransform" : true,
        "identifier" : "FD91EA02-A23D-4202-91AB-F5CF5EBB5CFD",
        "cloudIdentifier" : "ua-5996096efa5857f3685e7f386f751a9f",
        "transform" : [
          -0.25843742489814758,
          -0.011479683220386505,
          -0.96595978736877441,
          0,
          -0.0029048167634755373,
          0.99993407726287842,
          -0.011106273159384727,
          0,
          0.96602362394332886,
          -6.4340711105614901e-05,
          -0.25845375657081604,
          0,
          13.173291206359863,
          -0.06206931546330452,
          -5.5242314338684082,
          1
        ]
      },
      {
        "cloudIdentifier" : "ua-4e21b119edfacf03c453f2b898c3cf1c",
        "identifier" : "563E8B16-704B-4CC0-852B-10C457B3BE0C",
        "transform" : [
          0.97224640846252441,
          -0.013980712741613388,
          -0.23354125022888184,
          0,
          0.010456609539687634,
          0.99981212615966797,
          -0.016321251168847084,
          0,
          0.23372556269168854,
          0.013426226563751698,
          0.97220993041992188,
          0,
          12.471893310546875,
          -0.093994364142417908,
          -3.933072566986084,
          1
        ],
        "hasValidTransform" : true
      }
    ],
    [
      {
        "identifier" : "A55EC544-6D20-46E8-8471-794A8C1DCE43",
        "transform" : [
          -0.085187859833240509,
          0.0015993092674762011,
          -0.99636363983154297,
          0,
          -0.028119968250393867,
          0.99959653615951538,
          0.0040087210945785046,
          0,
          0.9959680438041687,
          0.028359206393361092,
          -0.08510851114988327,
          0,
          0.3206402063369751,
          -0.018766814842820168,
          0.86775487661361694,
          1
        ],
        "hasValidTransform" : true,
        "cloudIdentifier" : "ua-05d1e9062d67771be0cc7e4f659d86ec"
      },
      {
        "transform" : [
          -0.25843742489814758,
          -0.011479683220386505,
          -0.96595978736877441,
          0,
          -0.0029048167634755373,
          0.99993407726287842,
          -0.011106273159384727,
          0,
          0.96602362394332886,
          -6.4340711105614901e-05,
          -0.25845375657081604,
          0,
          13.173291206359863,
          -0.06206931546330452,
          -5.5242314338684082,
          1
        ],
        "hasValidTransform" : true,
        "cloudIdentifier" : "ua-5996096efa5857f3685e7f386f751a9f",
        "identifier" : "FD91EA02-A23D-4202-91AB-F5CF5EBB5CFD"
      },
      {
        "cloudIdentifier" : "ua-4e21b119edfacf03c453f2b898c3cf1c",
        "identifier" : "563E8B16-704B-4CC0-852B-10C457B3BE0C",
        "transform" : [
          0.97224640846252441,
          -0.013980712741613388,
          -0.23354125022888184,
          0,
          0.010456609539687634,
          0.99981212615966797,
          -0.016321251168847084,
          0,
          0.23372556269168854,
          0.013426226563751698,
          0.97220993041992188,
          0,
          12.471893310546875,
          -0.093994364142417908,
          -3.933072566986084,
          1
        ],
        "hasValidTransform" : true
      }
    ],
    [
      {
        "hasValidTransform" : true,
        "transform" : [
          -0.085187859833240509,
          0.0015993092674762011,
          -0.99636363983154297,
          0,
          -0.028119968250393867,
          0.99959653615951538,
          0.0040087210945785046,
          0,
          0.9959680438041687,
          0.028359206393361092,
          -0.08510851114988327,
          0,
          0.3206402063369751,
          -0.018766814842820168,
          0.86775487661361694,
          1
        ],
        "cloudIdentifier" : "ua-05d1e9062d67771be0cc7e4f659d86ec",
        "identifier" : "A55EC544-6D20-46E8-8471-794A8C1DCE43"
      },
      {
        "transform" : [
          -0.25843742489814758,
          -0.011479683220386505,
          -0.96595978736877441,
          0,
          -0.0029048167634755373,
          0.99993407726287842,
          -0.011106273159384727,
          0,
          0.96602362394332886,
          -6.4340711105614901e-05,
          -0.25845375657081604,
          0,
          13.173291206359863,
          -0.06206931546330452,
          -5.5242314338684082,
          1
        ],
        "hasValidTransform" : true,
        "cloudIdentifier" : "ua-5996096efa5857f3685e7f386f751a9f",
        "identifier" : "FD91EA02-A23D-4202-91AB-F5CF5EBB5CFD"
      },
      {
        "hasValidTransform" : true,
        "cloudIdentifier" : "ua-4e21b119edfacf03c453f2b898c3cf1c",
        "identifier" : "563E8B16-704B-4CC0-852B-10C457B3BE0C",
        "transform" : [
          0.97224640846252441,
          -0.013980712741613388,
          -0.23354125022888184,
          0,
          0.010456609539687634,
          0.99981212615966797,
          -0.016321251168847084,
          0,
          0.23372556269168854,
          0.013426226563751698,
          0.97220993041992188,
          0,
          12.471893310546875,
          -0.093994364142417908,
          -3.933072566986084,
          1
        ]
      }
    ],
    [
      {
        "identifier" : "A55EC544-6D20-46E8-8471-794A8C1DCE43",
        "hasValidTransform" : true,
        "cloudIdentifier" : "ua-05d1e9062d67771be0cc7e4f659d86ec",
        "transform" : [
          -0.085187859833240509,
          0.0015993092674762011,
          -0.99636363983154297,
          0,
          -0.028119968250393867,
          0.99959653615951538,
          0.0040087210945785046,
          0,
          0.9959680438041687,
          0.028359206393361092,
          -0.08510851114988327,
          0,
          0.3206402063369751,
          -0.018766814842820168,
          0.86775487661361694,
          1
        ]
      },
      {
        "identifier" : "FD91EA02-A23D-4202-91AB-F5CF5EBB5CFD",
        "transform" : [
          -0.25843742489814758,
          -0.011479683220386505,
          -0.96595978736877441,
          0,
          -0.0029048167634755373,
          0.99993407726287842,
          -0.011106273159384727,
          0,
          0.96602362394332886,
          -6.4340711105614901e-05,
          -0.25845375657081604,
          0,
          13.173291206359863,
          -0.06206931546330452,
          -5.5242314338684082,
          1
        ],
        "hasValidTransform" : true,
        "cloudIdentifier" : "ua-5996096efa5857f3685e7f386f751a9f"
      },
      {
        "hasValidTransform" : true,
        "transform" : [
          0.97224640846252441,
          -0.013980712741613388,
          -0.23354125022888184,
          0,
          0.010456609539687634,
          0.99981212615966797,
          -0.016321251168847084,
          0,
          0.23372556269168854,
          0.013426226563751698,
          0.97220993041992188,
          0,
          12.471893310546875,
          -0.093994364142417908,
          -3.933072566986084,
          1
        ],
        "cloudIdentifier" : "ua-4e21b119edfacf03c453f2b898c3cf1c",
        "identifier" : "563E8B16-704B-4CC0-852B-10C457B3BE0C"
      }
    ],
    [
      {
        "cloudIdentifier" : "ua-05d1e9062d67771be0cc7e4f659d86ec",
        "hasValidTransform" : true,
        "identifier" : "A55EC544-6D20-46E8-8471-794A8C1DCE43",
        "transform" : [
          -0.085187859833240509,
          0.0015993092674762011,
          -0.99636363983154297,
          0,
          -0.028119968250393867,
          0.99959653615951538,
          0.0040087210945785046,
          0,
          0.9959680438041687,
          0.028359206393361092,
          -0.08510851114988327,
          0,
          0.3206402063369751,
          -0.018766814842820168,
          0.86775487661361694,
          1
        ]
      },
      {
        "cloudIdentifier" : "ua-5996096efa5857f3685e7f386f751a9f",
        "hasValidTransform" : true,
        "transform" : [
          -0.25843742489814758,
          -0.011479683220386505,
          -0.96595978736877441,
          0,
          -0.0029048167634755373,
          0.99993407726287842,
          -0.011106273159384727,
          0,
          0.96602362394332886,
          -6.4340711105614901e-05,
          -0.25845375657081604,
          0,
          13.173291206359863,
          -0.06206931546330452,
          -5.5242314338684082,
          1
        ],
        "identifier" : "FD91EA02-A23D-4202-91AB-F5CF5EBB5CFD"
      },
      {
        "hasValidTransform" : true,
        "transform" : [
          0.97224640846252441,
          -0.013980712741613388,
          -0.23354125022888184,
          0,
          0.010456609539687634,
          0.99981212615966797,
          -0.016321251168847084,
          0,
          0.23372556269168854,
          0.013426226563751698,
          0.97220993041992188,
          0,
          12.471893310546875,
          -0.093994364142417908,
          -3.933072566986084,
          1
        ],
        "identifier" : "563E8B16-704B-4CC0-852B-10C457B3BE0C",
        "cloudIdentifier" : "ua-4e21b119edfacf03c453f2b898c3cf1c"
      }
    ]
  ],
  "routeId" : "355509EA-ECDD-407E-8BC9-98CE68B966D6",
  "stateSequenceTime" : [
    0.18114399909973145,
    6.3666859865188599,
    8.5345139503479004,
    23.843858957290649
  ]
}