{
  "PathDate" : "2023-03-23T10:25:28-04:00",
  "userId" : "NcsslHgGt7OcPalBU90raZOBcqP2",
  "trackingErrorTime" : [
    5.6862400770187378
  ],
  "isVoiceOverOn" : false,
  "routeId" : "44DC53C9-72BB-49EE-AD6C-01487DD71930",
  "garAnchors" : [
    [
      {
        "hasValidTransform" : false,
        "identifier" : "179DB23F-A8F8-4D29-9BED-0CF812FEA6C0",
        "transform" : [
          1,
          0,
          0,
          0,
          0,
          1,
          0,
          0,
          0,
          0,
          1,
          0,
          0,
          0,
          0,
          1
        ],
        "cloudIdentifier" : ""
      },
      {
        "hasValidTransform" : true,
        "transform" : [
          -0.99761158227920532,
          0.019818386062979698,
          -0.066168978810310364,
          0,
          0.018743295222520828,
          0.99968266487121582,
          0.016829187050461769,
          0,
          0.066481508314609528,
          0.01554876659065485,
          -0.99766647815704346,
          0,
          0.40951141715049744,
          0.0096141509711742401,
          0.11647750437259674,
          1
        ],
        "cloudIdentifier" : "ua-1cab23e31d25fc41845b0c335b4fa3d3",
        "identifier" : "554B2FA8-5CD1-40DA-90CE-E216B833012A"
      },
      {
        "cloudIdentifier" : "ua-a373ae1f7de3dd29c420e11abba741ff",
        "identifier" : "33FFFF67-AAD6-4E70-B2AE-A24AFA2161C1",
        "transform" : [
          0.4423830509185791,
          -0.013891415670514107,
          -0.89671862125396729,
          0,
          0.013495389372110367,
          0.9998699426651001,
          -0.0088316192850470543,
          0,
          0.8967246413230896,
          -0.0081946086138486862,
          0.44251298904418945,
          0,
          12.949748039245605,
          -0.19003662467002869,
          2.900123119354248,
          1
        ],
        "hasValidTransform" : true
      }
    ],
    [
      {
        "hasValidTransform" : false,
        "transform" : [
          1,
          0,
          0,
          0,
          0,
          1,
          0,
          0,
          0,
          0,
          1,
          0,
          0,
          0,
          0,
          1
        ],
        "cloudIdentifier" : "",
        "identifier" : "179DB23F-A8F8-4D29-9BED-0CF812FEA6C0"
      },
      {
        "cloudIdentifier" : "ua-1cab23e31d25fc41845b0c335b4fa3d3",
        "transform" : [
          -0.99761158227920532,
          0.019818386062979698,
          -0.066168978810310364,
          0,
          0.018743295222520828,
          0.99968266487121582,
          0.016829187050461769,
          0,
          0.066481508314609528,
          0.01554876659065485,
          -0.99766647815704346,
          0,
          0.40951141715049744,
          0.0096141509711742401,
          0.11647750437259674,
          1
        ],
        "hasValidTransform" : true,
        "identifier" : "554B2FA8-5CD1-40DA-90CE-E216B833012A"
      },
      {
        "identifier" : "33FFFF67-AAD6-4E70-B2AE-A24AFA2161C1",
        "transform" : [
          0.4423830509185791,
          -0.013891415670514107,
          -0.89671862125396729,
          0,
          0.013495389372110367,
          0.9998699426651001,
          -0.0088316192850470543,
          0,
          0.8967246413230896,
          -0.0081946086138486862,
          0.44251298904418945,
          0,
          12.949748039245605,
          -0.19003662467002869,
          2.900123119354248,
          1
        ],
        "hasValidTransform" : true,
        "cloudIdentifier" : "ua-a373ae1f7de3dd29c420e11abba741ff"
      }
    ],
    [
      {
        "transform" : [
          1,
          0,
          0,
          0,
          0,
          1,
          0,
          0,
          0,
          0,
          1,
          0,
          0,
          0,
          0,
          1
        ],
        "hasValidTransform" : false,
        "identifier" : "179DB23F-A8F8-4D29-9BED-0CF812FEA6C0",
        "cloudIdentifier" : ""
      },
      {
        "hasValidTransform" : true,
        "cloudIdentifier" : "ua-1cab23e31d25fc41845b0c335b4fa3d3",
        "identifier" : "554B2FA8-5CD1-40DA-90CE-E216B833012A",
        "transform" : [
          -0.99761158227920532,
          0.019818386062979698,
          -0.066168978810310364,
          0,
          0.018743295222520828,
          0.99968266487121582,
          0.016829187050461769,
          0,
          0.066481508314609528,
          0.01554876659065485,
          -0.99766647815704346,
          0,
          0.40951141715049744,
          0.0096141509711742401,
          0.11647750437259674,
          1
        ]
      },
      {
        "hasValidTransform" : true,
        "cloudIdentifier" : "ua-a373ae1f7de3dd29c420e11abba741ff",
        "identifier" : "33FFFF67-AAD6-4E70-B2AE-A24AFA2161C1",
        "transform" : [
          0.4423830509185791,
          -0.013891415670514107,
          -0.89671862125396729,
          0,
          0.013495389372110367,
          0.9998699426651001,
          -0.0088316192850470543,
          0,
          0.8967246413230896,
          -0.0081946086138486862,
          0.44251298904418945,
          0,
          12.949748039245605,
          -0.19003662467002869,
          2.900123119354248,
          1
        ]
      }
    ],
    [
      {
        "hasValidTransform" : false,
        "cloudIdentifier" : "",
        "identifier" : "179DB23F-A8F8-4D29-9BED-0CF812FEA6C0",
        "transform" : [
          1,
          0,
          0,
          0,
          0,
          1,
          0,
          0,
          0,
          0,
          1,
          0,
          0,
          0,
          0,
          1
        ]
      },
      {
        "transform" : [
          -0.99780058860778809,
          0.006225252989679575,
          -0.065993830561637878,
          0,
          0.0052154338918626308,
          0.99986684322357178,
          0.015462972223758698,
          0,
          0.066081307828426361,
          0.015084777027368546,
          -0.99770021438598633,
          0,
          0.41798436641693115,
          0.021309060975909233,
          0.080889903008937836,
          1
        ],
        "cloudIdentifier" : "ua-1cab23e31d25fc41845b0c335b4fa3d3",
        "identifier" : "554B2FA8-5CD1-40DA-90CE-E216B833012A",
        "hasValidTransform" : true
      },
      {
        "cloudIdentifier" : "ua-a373ae1f7de3dd29c420e11abba741ff",
        "transform" : [
          0.44080778956413269,
          -0.0097702722996473312,
          -0.8975483775138855,
          0,
          0.0059085246175527573,
          0.99995070695877075,
          -0.0079831546172499657,
          0,
          0.89758205413818359,
          -0.0017841501394286752,
          0.44084376096725464,
          0,
          12.976696014404297,
          -0.091159090399742126,
          2.8681774139404297,
          1
        ],
        "hasValidTransform" : true,
        "identifier" : "33FFFF67-AAD6-4E70-B2AE-A24AFA2161C1"
      }
    ],
    [
      {
        "hasValidTransform" : false,
        "cloudIdentifier" : "",
        "transform" : [
          1,
          0,
          0,
          0,
          0,
          1,
          0,
          0,
          0,
          0,
          1,
          0,
          0,
          0,
          0,
          1
        ],
        "identifier" : "179DB23F-A8F8-4D29-9BED-0CF812FEA6C0"
      },
      {
        "identifier" : "554B2FA8-5CD1-40DA-90CE-E216B833012A",
        "transform" : [
          -0.99780058860778809,
          0.006225252989679575,
          -0.065993830561637878,
          0,
          0.0052154338918626308,
          0.99986684322357178,
          0.015462972223758698,
          0,
          0.066081307828426361,
          0.015084777027368546,
          -0.99770021438598633,
          0,
          0.41798436641693115,
          0.021309060975909233,
          0.080889903008937836,
          1
        ],
        "hasValidTransform" : true,
        "cloudIdentifier" : "ua-1cab23e31d25fc41845b0c335b4fa3d3"
      },
      {
        "identifier" : "33FFFF67-AAD6-4E70-B2AE-A24AFA2161C1",
        "hasValidTransform" : true,
        "transform" : [
          0.44080778956413269,
          -0.0097702722996473312,
          -0.8975483775138855,
          0,
          0.0059085246175527573,
          0.99995070695877075,
          -0.0079831546172499657,
          0,
          0.89758205413818359,
          -0.0017841501394286752,
          0.44084376096725464,
          0,
          12.976696014404297,
          -0.091159090399742126,
          2.8681774139404297,
          1
        ],
        "cloudIdentifier" : "ua-a373ae1f7de3dd29c420e11abba741ff"
      }
    ],
    [
      {
        "hasValidTransform" : false,
        "cloudIdentifier" : "",
        "transform" : [
          1,
          0,
          0,
          0,
          0,
          1,
          0,
          0,
          0,
          0,
          1,
          0,
          0,
          0,
          0,
          1
        ],
        "identifier" : "179DB23F-A8F8-4D29-9BED-0CF812FEA6C0"
      },
      {
        "hasValidTransform" : true,
        "cloudIdentifier" : "ua-1cab23e31d25fc41845b0c335b4fa3d3",
        "identifier" : "554B2FA8-5CD1-40DA-90CE-E216B833012A",
        "transform" : [
          -0.99780058860778809,
          0.006225252989679575,
          -0.065993830561637878,
          0,
          0.0052154338918626308,
          0.99986684322357178,
          0.015462972223758698,
          0,
          0.066081307828426361,
          0.015084777027368546,
          -0.99770021438598633,
          0,
          0.41798436641693115,
          0.021309060975909233,
          0.080889903008937836,
          1
        ]
      },
      {
        "transform" : [
          0.44080778956413269,
          -0.0097702722996473312,
          -0.8975483775138855,
          0,
          0.0059085246175527573,
          0.99995070695877075,
          -0.0079831546172499657,
          0,
          0.89758205413818359,
          -0.0017841501394286752,
          0.44084376096725464,
          0,
          12.976696014404297,
          -0.091159090399742126,
          2.8681774139404297,
          1
        ],
        "cloudIdentifier" : "ua-a373ae1f7de3dd29c420e11abba741ff",
        "identifier" : "33FFFF67-AAD6-4E70-B2AE-A24AFA2161C1",
        "hasValidTransform" : true
      }
    ],
    [
      {
        "transform" : [
          1,
          0,
          0,
          0,
          0,
          1,
          0,
          0,
          0,
          0,
          1,
          0,
          0,
          0,
          0,
          1
        ],
        "hasValidTransform" : false,
        "identifier" : "179DB23F-A8F8-4D29-9BED-0CF812FEA6C0",
        "cloudIdentifier" : ""
      },
      {
        "transform" : [
          -0.99793106317520142,
          0.0024001689162105322,
          -0.064248628914356232,
          0,
          0.0014151505893096328,
          0.99988085031509399,
          0.015372470021247864,
          0,
          0.064277872443199158,
          0.015249744057655334,
          -0.99781548976898193,
          0,
          0.42041096091270447,
          0.039761211723089218,
          0.091697230935096741,
          1
        ],
        "hasValidTransform" : true,
        "identifier" : "554B2FA8-5CD1-40DA-90CE-E216B833012A",
        "cloudIdentifier" : "ua-1cab23e31d25fc41845b0c335b4fa3d3"
      },
      {
        "identifier" : "33FFFF67-AAD6-4E70-B2AE-A24AFA2161C1",
        "hasValidTransform" : true,
        "transform" : [
          0.43684569001197815,
          -0.0072723953053355217,
          -0.89950704574584961,
          0,
          0.0045231166295707226,
          0.99997246265411377,
          -0.0058879926800727844,
          0,
          0.89952510595321655,
          -0.0014964314177632332,
          0.43686652183532715,
          0,
          13.008209228515625,
          -0.072525270283222198,
          2.8392541408538818,
          1
        ],
        "cloudIdentifier" : "ua-a373ae1f7de3dd29c420e11abba741ff"
      }
    ],
    [
      {
        "identifier" : "179DB23F-A8F8-4D29-9BED-0CF812FEA6C0",
        "transform" : [
          1,
          0,
          0,
          0,
          0,
          1,
          0,
          0,
          0,
          0,
          1,
          0,
          0,
          0,
          0,
          1
        ],
        "cloudIdentifier" : "",
        "hasValidTransform" : false
      },
      {
        "hasValidTransform" : true,
        "transform" : [
          -0.99793106317520142,
          0.0024001689162105322,
          -0.064248628914356232,
          0,
          0.0014151505893096328,
          0.99988085031509399,
          0.015372470021247864,
          0,
          0.064277872443199158,
          0.015249744057655334,
          -0.99781548976898193,
          0,
          0.42041096091270447,
          0.039761211723089218,
          0.091697230935096741,
          1
        ],
        "cloudIdentifier" : "ua-1cab23e31d25fc41845b0c335b4fa3d3",
        "identifier" : "554B2FA8-5CD1-40DA-90CE-E216B833012A"
      },
      {
        "identifier" : "33FFFF67-AAD6-4E70-B2AE-A24AFA2161C1",
        "cloudIdentifier" : "ua-a373ae1f7de3dd29c420e11abba741ff",
        "transform" : [
          0.43684569001197815,
          -0.0072723953053355217,
          -0.89950704574584961,
          0,
          0.0045231166295707226,
          0.99997246265411377,
          -0.0058879926800727844,
          0,
          0.89952510595321655,
          -0.0014964314177632332,
          0.43686652183532715,
          0,
          13.008209228515625,
          -0.072525270283222198,
          2.8392541408538818,
          1
        ],
        "hasValidTransform" : true
      }
    ],
    [
      {
        "transform" : [
          1,
          0,
          0,
          0,
          0,
          1,
          0,
          0,
          0,
          0,
          1,
          0,
          0,
          0,
          0,
          1
        ],
        "hasValidTransform" : false,
        "cloudIdentifier" : "",
        "identifier" : "179DB23F-A8F8-4D29-9BED-0CF812FEA6C0"
      },
      {
        "cloudIdentifier" : "ua-1cab23e31d25fc41845b0c335b4fa3d3",
        "hasValidTransform" : true,
        "identifier" : "554B2FA8-5CD1-40DA-90CE-E216B833012A",
        "transform" : [
          -0.99793106317520142,
          0.0024001689162105322,
          -0.064248628914356232,
          0,
          0.0014151505893096328,
          0.99988085031509399,
          0.015372470021247864,
          0,
          0.064277872443199158,
          0.015249744057655334,
          -0.99781548976898193,
          0,
          0.42041096091270447,
          0.039761211723089218,
          0.091697230935096741,
          1
        ]
      },
      {
        "transform" : [
          0.43684569001197815,
          -0.0072723953053355217,
          -0.89950704574584961,
          0,
          0.0045231166295707226,
          0.99997246265411377,
          -0.0058879926800727844,
          0,
          0.89952510595321655,
          -0.0014964314177632332,
          0.43686652183532715,
          0,
          13.008209228515625,
          -0.072525270283222198,
          2.8392541408538818,
          1
        ],
        "identifier" : "33FFFF67-AAD6-4E70-B2AE-A24AFA2161C1",
        "hasValidTransform" : true,
        "cloudIdentifier" : "ua-a373ae1f7de3dd29c420e11abba741ff"
      }
    ],
    [
      {
        "transform" : [
          1,
          0,
          0,
          0,
          0,
          1,
          0,
          0,
          0,
          0,
          1,
          0,
          0,
          0,
          0,
          1
        ],
        "identifier" : "179DB23F-A8F8-4D29-9BED-0CF812FEA6C0",
        "cloudIdentifier" : "",
        "hasValidTransform" : false
      },
      {
        "hasValidTransform" : true,
        "transform" : [
          -0.99798363447189331,
          -0.0064314613118767738,
          -0.063145458698272705,
          0,
          -0.0073906746692955494,
          0.99986064434051514,
          0.014968720264732838,
          0,
          0.063040390610694885,
          0.015405225567519665,
          -0.99789208173751831,
          0,
          0.40545597672462463,
          0.049774177372455597,
          0.097754575312137604,
          1
        ],
        "identifier" : "554B2FA8-5CD1-40DA-90CE-E216B833012A",
        "cloudIdentifier" : "ua-1cab23e31d25fc41845b0c335b4fa3d3"
      },
      {
        "cloudIdentifier" : "ua-a373ae1f7de3dd29c420e11abba741ff",
        "identifier" : "33FFFF67-AAD6-4E70-B2AE-A24AFA2161C1",
        "hasValidTransform" : true,
        "transform" : [
          0.43455466628074646,
          -0.0041352757252752781,
          -0.90063595771789551,
          0,
          -0.0002603332104627043,
          0.999988853931427,
          -0.0047170654870569706,
          0,
          0.90064543485641479,
          0.0022842881735414267,
          0.43454873561859131,
          0,
          13.018927574157715,
          -0.0059517896734178066,
          2.7805080413818359,
          1
        ]
      }
    ],
    [
      {
        "transform" : [
          1,
          0,
          0,
          0,
          0,
          1,
          0,
          0,
          0,
          0,
          1,
          0,
          0,
          0,
          0,
          1
        ],
        "hasValidTransform" : false,
        "cloudIdentifier" : "",
        "identifier" : "179DB23F-A8F8-4D29-9BED-0CF812FEA6C0"
      },
      {
        "cloudIdentifier" : "ua-1cab23e31d25fc41845b0c335b4fa3d3",
        "transform" : [
          -0.99798363447189331,
          -0.0064314613118767738,
          -0.063145458698272705,
          0,
          -0.0073906746692955494,
          0.99986064434051514,
          0.014968720264732838,
          0,
          0.063040390610694885,
          0.015405225567519665,
          -0.99789208173751831,
          0,
          0.40545597672462463,
          0.049774177372455597,
          0.097754575312137604,
          1
        ],
        "identifier" : "554B2FA8-5CD1-40DA-90CE-E216B833012A",
        "hasValidTransform" : true
      },
      {
        "hasValidTransform" : true,
        "identifier" : "33FFFF67-AAD6-4E70-B2AE-A24AFA2161C1",
        "transform" : [
          0.43455466628074646,
          -0.0041352757252752781,
          -0.90063595771789551,
          0,
          -0.0002603332104627043,
          0.999988853931427,
          -0.0047170654870569706,
          0,
          0.90064543485641479,
          0.0022842881735414267,
          0.43454873561859131,
          0,
          13.018927574157715,
          -0.0059517896734178066,
          2.7805080413818359,
          1
        ],
        "cloudIdentifier" : "ua-a373ae1f7de3dd29c420e11abba741ff"
      }
    ],
    [
      {
        "transform" : [
          1,
          0,
          0,
          0,
          0,
          1,
          0,
          0,
          0,
          0,
          1,
          0,
          0,
          0,
          0,
          1
        ],
        "cloudIdentifier" : "",
        "identifier" : "179DB23F-A8F8-4D29-9BED-0CF812FEA6C0",
        "hasValidTransform" : false
      },
      {
        "hasValidTransform" : true,
        "cloudIdentifier" : "ua-1cab23e31d25fc41845b0c335b4fa3d3",
        "identifier" : "554B2FA8-5CD1-40DA-90CE-E216B833012A",
        "transform" : [
          -0.99798363447189331,
          -0.0064314613118767738,
          -0.063145458698272705,
          0,
          -0.0073906746692955494,
          0.99986064434051514,
          0.014968720264732838,
          0,
          0.063040390610694885,
          0.015405225567519665,
          -0.99789208173751831,
          0,
          0.40545597672462463,
          0.049774177372455597,
          0.097754575312137604,
          1
        ]
      },
      {
        "identifier" : "33FFFF67-AAD6-4E70-B2AE-A24AFA2161C1",
        "cloudIdentifier" : "ua-a373ae1f7de3dd29c420e11abba741ff",
        "transform" : [
          0.43455466628074646,
          -0.0041352757252752781,
          -0.90063595771789551,
          0,
          -0.0002603332104627043,
          0.999988853931427,
          -0.0047170654870569706,
          0,
          0.90064543485641479,
          0.0022842881735414267,
          0.43454873561859131,
          0,
          13.018927574157715,
          -0.0059517896734178066,
          2.7805080413818359,
          1
        ],
        "hasValidTransform" : true
      }
    ],
    [
      {
        "cloudIdentifier" : "",
        "identifier" : "179DB23F-A8F8-4D29-9BED-0CF812FEA6C0",
        "transform" : [
          1,
          0,
          0,
          0,
          0,
          1,
          0,
          0,
          0,
          0,
          1,
          0,
          0,
          0,
          0,
          1
        ],
        "hasValidTransform" : false
      },
      {
        "transform" : [
          -0.99798363447189331,
          -0.0064314613118767738,
          -0.063145458698272705,
          0,
          -0.0073906746692955494,
          0.99986064434051514,
          0.014968720264732838,
          0,
          0.063040390610694885,
          0.015405225567519665,
          -0.99789208173751831,
          0,
          0.40545597672462463,
          0.049774177372455597,
          0.097754575312137604,
          1
        ],
        "identifier" : "554B2FA8-5CD1-40DA-90CE-E216B833012A",
        "hasValidTransform" : true,
        "cloudIdentifier" : "ua-1cab23e31d25fc41845b0c335b4fa3d3"
      },
      {
        "hasValidTransform" : true,
        "identifier" : "33FFFF67-AAD6-4E70-B2AE-A24AFA2161C1",
        "cloudIdentifier" : "ua-a373ae1f7de3dd29c420e11abba741ff",
        "transform" : [
          0.43455466628074646,
          -0.0041352757252752781,
          -0.90063595771789551,
          0,
          -0.0002603332104627043,
          0.999988853931427,
          -0.0047170654870569706,
          0,
          0.90064543485641479,
          0.0022842881735414267,
          0.43454873561859131,
          0,
          13.018927574157715,
          -0.0059517896734178066,
          2.7805080413818359,
          1
        ]
      }
    ],
    [
      {
        "hasValidTransform" : false,
        "transform" : [
          1,
          0,
          0,
          0,
          0,
          1,
          0,
          0,
          0,
          0,
          1,
          0,
          0,
          0,
          0,
          1
        ],
        "cloudIdentifier" : "",
        "identifier" : "179DB23F-A8F8-4D29-9BED-0CF812FEA6C0"
      },
      {
        "identifier" : "554B2FA8-5CD1-40DA-90CE-E216B833012A",
        "transform" : [
          -0.99798363447189331,
          -0.0064314613118767738,
          -0.063145458698272705,
          0,
          -0.0073906746692955494,
          0.99986064434051514,
          0.014968720264732838,
          0,
          0.063040390610694885,
          0.015405225567519665,
          -0.99789208173751831,
          0,
          0.40545597672462463,
          0.049774177372455597,
          0.097754575312137604,
          1
        ],
        "hasValidTransform" : true,
        "cloudIdentifier" : "ua-1cab23e31d25fc41845b0c335b4fa3d3"
      },
      {
        "hasValidTransform" : true,
        "transform" : [
          0.43101182579994202,
          -0.0037434601690620184,
          -0.90233850479125977,
          0,
          0.0012023397721350193,
          0.99999290704727173,
          -0.0035742805339396,
          0,
          0.90234547853469849,
          0.00045563970343209803,
          0.43101325631141663,
          0,
          13.102455139160156,
          -0.026763821020722389,
          2.713667631149292,
          1
        ],
        "cloudIdentifier" : "ua-a373ae1f7de3dd29c420e11abba741ff",
        "identifier" : "33FFFF67-AAD6-4E70-B2AE-A24AFA2161C1"
      }
    ],
    [
      {
        "transform" : [
          1,
          0,
          0,
          0,
          0,
          1,
          0,
          0,
          0,
          0,
          1,
          0,
          0,
          0,
          0,
          1
        ],
        "hasValidTransform" : false,
        "cloudIdentifier" : "",
        "identifier" : "179DB23F-A8F8-4D29-9BED-0CF812FEA6C0"
      },
      {
        "identifier" : "554B2FA8-5CD1-40DA-90CE-E216B833012A",
        "cloudIdentifier" : "ua-1cab23e31d25fc41845b0c335b4fa3d3",
        "transform" : [
          -0.99798363447189331,
          -0.0064314613118767738,
          -0.063145458698272705,
          0,
          -0.0073906746692955494,
          0.99986064434051514,
          0.014968720264732838,
          0,
          0.063040390610694885,
          0.015405225567519665,
          -0.99789208173751831,
          0,
          0.40545597672462463,
          0.049774177372455597,
          0.097754575312137604,
          1
        ],
        "hasValidTransform" : true
      },
      {
        "identifier" : "33FFFF67-AAD6-4E70-B2AE-A24AFA2161C1",
        "transform" : [
          0.43101182579994202,
          -0.0037434601690620184,
          -0.90233850479125977,
          0,
          0.0012023397721350193,
          0.99999290704727173,
          -0.0035742805339396,
          0,
          0.90234547853469849,
          0.00045563970343209803,
          0.43101325631141663,
          0,
          13.102455139160156,
          -0.026763821020722389,
          2.713667631149292,
          1
        ],
        "hasValidTransform" : true,
        "cloudIdentifier" : "ua-a373ae1f7de3dd29c420e11abba741ff"
      }
    ],
    [
      {
        "transform" : [
          0.79562562704086304,
          -0.014040191657841206,
          0.60562592744827271,
          0,
          0.018547132611274719,
          0.99982726573944092,
          -0.0011868810979649425,
          0,
          -0.60550469160079956,
          0.01217693742364645,
          0.79574859142303467,
          0,
          12.675893783569336,
          -0.10058095306158066,
          5.0167369842529297,
          1
        ],
        "hasValidTransform" : true,
        "cloudIdentifier" : "ua-1fea52e8dab073f49a3ac6708243e159",
        "identifier" : "179DB23F-A8F8-4D29-9BED-0CF812FEA6C0"
      },
      {
        "hasValidTransform" : true,
        "cloudIdentifier" : "ua-1cab23e31d25fc41845b0c335b4fa3d3",
        "identifier" : "554B2FA8-5CD1-40DA-90CE-E216B833012A",
        "transform" : [
          -0.99798363447189331,
          -0.0064314613118767738,
          -0.063145458698272705,
          0,
          -0.0073906746692955494,
          0.99986064434051514,
          0.014968720264732838,
          0,
          0.063040390610694885,
          0.015405225567519665,
          -0.99789208173751831,
          0,
          0.40545597672462463,
          0.049774177372455597,
          0.097754575312137604,
          1
        ]
      },
      {
        "transform" : [
          0.43101182579994202,
          -0.0037434601690620184,
          -0.90233850479125977,
          0,
          0.0012023397721350193,
          0.99999290704727173,
          -0.0035742805339396,
          0,
          0.90234547853469849,
          0.00045563970343209803,
          0.43101325631141663,
          0,
          13.102455139160156,
          -0.026763821020722389,
          2.713667631149292,
          1
        ],
        "cloudIdentifier" : "ua-a373ae1f7de3dd29c420e11abba741ff",
        "identifier" : "33FFFF67-AAD6-4E70-B2AE-A24AFA2161C1",
        "hasValidTransform" : true
      }
    ],
    [
      {
        "transform" : [
          0.79562562704086304,
          -0.014040191657841206,
          0.60562592744827271,
          0,
          0.018547132611274719,
          0.99982726573944092,
          -0.0011868810979649425,
          0,
          -0.60550469160079956,
          0.01217693742364645,
          0.79574859142303467,
          0,
          12.675893783569336,
          -0.10058095306158066,
          5.0167369842529297,
          1
        ],
        "hasValidTransform" : true,
        "cloudIdentifier" : "ua-1fea52e8dab073f49a3ac6708243e159",
        "identifier" : "179DB23F-A8F8-4D29-9BED-0CF812FEA6C0"
      },
      {
        "identifier" : "554B2FA8-5CD1-40DA-90CE-E216B833012A",
        "hasValidTransform" : true,
        "transform" : [
          -0.99798363447189331,
          -0.0064314613118767738,
          -0.063145458698272705,
          0,
          -0.0073906746692955494,
          0.99986064434051514,
          0.014968720264732838,
          0,
          0.063040390610694885,
          0.015405225567519665,
          -0.99789208173751831,
          0,
          0.40545597672462463,
          0.049774177372455597,
          0.097754575312137604,
          1
        ],
        "cloudIdentifier" : "ua-1cab23e31d25fc41845b0c335b4fa3d3"
      },
      {
        "transform" : [
          0.43063300848007202,
          -0.0064513478428125381,
          -0.9025040864944458,
          0,
          0.0013843232300132513,
          0.99997800588607788,
          -0.0064875837415456772,
          0,
          0.90252608060836792,
          0.0015444103628396988,
          0.43063244223594666,
          0,
          13.177081108093262,
          -0.010683205910027027,
          2.7535595893859863,
          1
        ],
        "cloudIdentifier" : "ua-a373ae1f7de3dd29c420e11abba741ff",
        "hasValidTransform" : true,
        "identifier" : "33FFFF67-AAD6-4E70-B2AE-A24AFA2161C1"
      }
    ],
    [
      {
        "cloudIdentifier" : "ua-1fea52e8dab073f49a3ac6708243e159",
        "transform" : [
          0.79562562704086304,
          -0.014040191657841206,
          0.60562592744827271,
          0,
          0.018547132611274719,
          0.99982726573944092,
          -0.0011868810979649425,
          0,
          -0.60550469160079956,
          0.01217693742364645,
          0.79574859142303467,
          0,
          12.675893783569336,
          -0.10058095306158066,
          5.0167369842529297,
          1
        ],
        "hasValidTransform" : true,
        "identifier" : "179DB23F-A8F8-4D29-9BED-0CF812FEA6C0"
      },
      {
        "cloudIdentifier" : "ua-1cab23e31d25fc41845b0c335b4fa3d3",
        "identifier" : "554B2FA8-5CD1-40DA-90CE-E216B833012A",
        "transform" : [
          -0.99798363447189331,
          -0.0064314613118767738,
          -0.063145458698272705,
          0,
          -0.0073906746692955494,
          0.99986064434051514,
          0.014968720264732838,
          0,
          0.063040390610694885,
          0.015405225567519665,
          -0.99789208173751831,
          0,
          0.40545597672462463,
          0.049774177372455597,
          0.097754575312137604,
          1
        ],
        "hasValidTransform" : true
      },
      {
        "identifier" : "33FFFF67-AAD6-4E70-B2AE-A24AFA2161C1",
        "hasValidTransform" : true,
        "transform" : [
          0.43063300848007202,
          -0.0064513478428125381,
          -0.9025040864944458,
          0,
          0.0013843232300132513,
          0.99997800588607788,
          -0.0064875837415456772,
          0,
          0.90252608060836792,
          0.0015444103628396988,
          0.43063244223594666,
          0,
          13.177081108093262,
          -0.010683205910027027,
          2.7535595893859863,
          1
        ],
        "cloudIdentifier" : "ua-a373ae1f7de3dd29c420e11abba741ff"
      }
    ],
    [
      {
        "transform" : [
          0.79518634080886841,
          -0.010785290040075779,
          0.6062692403793335,
          0,
          0.01529716607183218,
          0.99988037347793579,
          -0.0022763775195926428,
          0,
          -0.60617214441299438,
          0.011084345169365406,
          0.79525619745254517,
          0,
          12.647101402282715,
          -0.091179870069026947,
          5.0014643669128418,
          1
        ],
        "hasValidTransform" : true,
        "cloudIdentifier" : "ua-1fea52e8dab073f49a3ac6708243e159",
        "identifier" : "179DB23F-A8F8-4D29-9BED-0CF812FEA6C0"
      },
      {
        "identifier" : "554B2FA8-5CD1-40DA-90CE-E216B833012A",
        "transform" : [
          -0.99798363447189331,
          -0.0064314613118767738,
          -0.063145458698272705,
          0,
          -0.0073906746692955494,
          0.99986064434051514,
          0.014968720264732838,
          0,
          0.063040390610694885,
          0.015405225567519665,
          -0.99789208173751831,
          0,
          0.40545597672462463,
          0.049774177372455597,
          0.097754575312137604,
          1
        ],
        "hasValidTransform" : true,
        "cloudIdentifier" : "ua-1cab23e31d25fc41845b0c335b4fa3d3"
      },
      {
        "transform" : [
          0.43063300848007202,
          -0.0064513478428125381,
          -0.9025040864944458,
          0,
          0.0013843232300132513,
          0.99997800588607788,
          -0.0064875837415456772,
          0,
          0.90252608060836792,
          0.0015444103628396988,
          0.43063244223594666,
          0,
          13.177081108093262,
          -0.010683205910027027,
          2.7535595893859863,
          1
        ],
        "cloudIdentifier" : "ua-a373ae1f7de3dd29c420e11abba741ff",
        "hasValidTransform" : true,
        "identifier" : "33FFFF67-AAD6-4E70-B2AE-A24AFA2161C1"
      }
    ],
    [
      {
        "transform" : [
          0.79518634080886841,
          -0.010785290040075779,
          0.6062692403793335,
          0,
          0.01529716607183218,
          0.99988037347793579,
          -0.0022763775195926428,
          0,
          -0.60617214441299438,
          0.011084345169365406,
          0.79525619745254517,
          0,
          12.647101402282715,
          -0.091179870069026947,
          5.0014643669128418,
          1
        ],
        "hasValidTransform" : true,
        "cloudIdentifier" : "ua-1fea52e8dab073f49a3ac6708243e159",
        "identifier" : "179DB23F-A8F8-4D29-9BED-0CF812FEA6C0"
      },
      {
        "transform" : [
          -0.99798363447189331,
          -0.0064314613118767738,
          -0.063145458698272705,
          0,
          -0.0073906746692955494,
          0.99986064434051514,
          0.014968720264732838,
          0,
          0.063040390610694885,
          0.015405225567519665,
          -0.99789208173751831,
          0,
          0.40545597672462463,
          0.049774177372455597,
          0.097754575312137604,
          1
        ],
        "identifier" : "554B2FA8-5CD1-40DA-90CE-E216B833012A",
        "cloudIdentifier" : "ua-1cab23e31d25fc41845b0c335b4fa3d3",
        "hasValidTransform" : true
      },
      {
        "transform" : [
          0.42630013823509216,
          -0.0095584020018577576,
          -0.90453130006790161,
          0,
          -2.9614557206514291e-05,
          0.99994403123855591,
          -0.010580608621239662,
          0,
          0.90458178520202637,
          0.0045373020693659782,
          0.42627599835395813,
          0,
          13.221301078796387,
          0.013055421411991119,
          2.732097864151001,
          1
        ],
        "hasValidTransform" : true,
        "cloudIdentifier" : "ua-a373ae1f7de3dd29c420e11abba741ff",
        "identifier" : "33FFFF67-AAD6-4E70-B2AE-A24AFA2161C1"
      }
    ],
    [
      {
        "transform" : [
          0.79518634080886841,
          -0.010785290040075779,
          0.6062692403793335,
          0,
          0.01529716607183218,
          0.99988037347793579,
          -0.0022763775195926428,
          0,
          -0.60617214441299438,
          0.011084345169365406,
          0.79525619745254517,
          0,
          12.647101402282715,
          -0.091179870069026947,
          5.0014643669128418,
          1
        ],
        "cloudIdentifier" : "ua-1fea52e8dab073f49a3ac6708243e159",
        "hasValidTransform" : true,
        "identifier" : "179DB23F-A8F8-4D29-9BED-0CF812FEA6C0"
      },
      {
        "transform" : [
          -0.99798363447189331,
          -0.0064314613118767738,
          -0.063145458698272705,
          0,
          -0.0073906746692955494,
          0.99986064434051514,
          0.014968720264732838,
          0,
          0.063040390610694885,
          0.015405225567519665,
          -0.99789208173751831,
          0,
          0.40545597672462463,
          0.049774177372455597,
          0.097754575312137604,
          1
        ],
        "cloudIdentifier" : "ua-1cab23e31d25fc41845b0c335b4fa3d3",
        "identifier" : "554B2FA8-5CD1-40DA-90CE-E216B833012A",
        "hasValidTransform" : true
      },
      {
        "transform" : [
          0.42630013823509216,
          -0.0095584020018577576,
          -0.90453130006790161,
          0,
          -2.9614557206514291e-05,
          0.99994403123855591,
          -0.010580608621239662,
          0,
          0.90458178520202637,
          0.0045373020693659782,
          0.42627599835395813,
          0,
          13.221301078796387,
          0.013055421411991119,
          2.732097864151001,
          1
        ],
        "hasValidTransform" : true,
        "cloudIdentifier" : "ua-a373ae1f7de3dd29c420e11abba741ff",
        "identifier" : "33FFFF67-AAD6-4E70-B2AE-A24AFA2161C1"
      }
    ],
    [
      {
        "hasValidTransform" : true,
        "transform" : [
          0.79518634080886841,
          -0.010785290040075779,
          0.6062692403793335,
          0,
          0.01529716607183218,
          0.99988037347793579,
          -0.0022763775195926428,
          0,
          -0.60617214441299438,
          0.011084345169365406,
          0.79525619745254517,
          0,
          12.647101402282715,
          -0.091179870069026947,
          5.0014643669128418,
          1
        ],
        "identifier" : "179DB23F-A8F8-4D29-9BED-0CF812FEA6C0",
        "cloudIdentifier" : "ua-1fea52e8dab073f49a3ac6708243e159"
      },
      {
        "hasValidTransform" : true,
        "cloudIdentifier" : "ua-1cab23e31d25fc41845b0c335b4fa3d3",
        "transform" : [
          -0.99798363447189331,
          -0.0064314613118767738,
          -0.063145458698272705,
          0,
          -0.0073906746692955494,
          0.99986064434051514,
          0.014968720264732838,
          0,
          0.063040390610694885,
          0.015405225567519665,
          -0.99789208173751831,
          0,
          0.40545597672462463,
          0.049774177372455597,
          0.097754575312137604,
          1
        ],
        "identifier" : "554B2FA8-5CD1-40DA-90CE-E216B833012A"
      },
      {
        "hasValidTransform" : true,
        "identifier" : "33FFFF67-AAD6-4E70-B2AE-A24AFA2161C1",
        "cloudIdentifier" : "ua-a373ae1f7de3dd29c420e11abba741ff",
        "transform" : [
          0.42630013823509216,
          -0.0095584020018577576,
          -0.90453130006790161,
          0,
          -2.9614557206514291e-05,
          0.99994403123855591,
          -0.010580608621239662,
          0,
          0.90458178520202637,
          0.0045373020693659782,
          0.42627599835395813,
          0,
          13.221301078796387,
          0.013055421411991119,
          2.732097864151001,
          1
        ]
      }
    ],
    [
      {
        "identifier" : "179DB23F-A8F8-4D29-9BED-0CF812FEA6C0",
        "cloudIdentifier" : "ua-1fea52e8dab073f49a3ac6708243e159",
        "transform" : [
          0.79518634080886841,
          -0.010785290040075779,
          0.6062692403793335,
          0,
          0.01529716607183218,
          0.99988037347793579,
          -0.0022763775195926428,
          0,
          -0.60617214441299438,
