{
  "PathData" : [

  ],
  "PathDate" : "0",
  "geoLocationAlignmentAttemptTimes" : [
    1.7046880722045898,
    1.7705720663070679,
    1.8372770547866821,
    1.9052170515060425,
    3.4083210229873657,
    3.8921290636062622,
    4.4274179935455322,
    4.9964950084686279,
    5.0115920305252075,
    5.0279070138931274,
    5.0466870069503784,
    5.0621709823608398,
    8.2869870662689209,
    8.4547380208969116,
    9.2564840316772461,
    9.3900120258331299,
    9.5241310596466064,
    9.6575080156326294,
    9.791498064994812,
    9.926239013671875,
    10.058802008628845,
    11.612964987754822,
    12.147271037101746,
    12.364515066146851,
    12.497184991836548,
    12.648483991622925,
    13.617218971252441,
    13.651298046112061,
    13.684651970863342,
    13.717602968215942,
    15.338334083557129,
    15.488373994827271,
    18.262127041816711,
    18.297271966934204,
    18.329714059829712,
    18.363312005996704,
    18.396705031394958,
    18.430070996284485,
    18.46327006816864,
    18.496908068656921,
    18.530348062515259,
    23.39198100566864,
    23.709853053092957,
    24.027076005935669,
    24.604964017868042,
    24.611867070198059,
    24.645298004150391,
    24.678498983383179,
    24.711616039276123,
    25.780964970588684,
    25.797558069229126,
    25.814828038215637,
    25.831506013870239,
    28.839007973670959,
    28.906131982803345,
    28.973469018936157,
    30.727189064025879,
    31.986716032028198,
    32.481337070465088,
    33.450180053710938,
    33.534173965454102,
    33.617300987243652,
    33.700900077819824,
    33.784581065177917,
    34.853682994842529,
    34.92915403842926,
    34.930544018745422,
    36.337195038795471,
    36.337931036949158,
    36.338657975196838,
    37.944923996925354,
    38.028554081916809,
    40.99099600315094,
    43.808210015296936,
    44.894881010055542,
    45.947154998779297,
    46.983164072036743,
    47.716660976409912,
    48.837952971458435,
    50.274734020233154,
    50.659098982810974,
    51.611638069152832,
    51.745216965675354,
    53.210798025131226,
    53.211392998695374,
    53.21200704574585,
    56.08802604675293,
    57.659718990325928,
    58.02662205696106,
    58.962723970413208,
    59.497596979141235,
    59.664023041725159,
    60.432569026947021,
    60.998088002204895,
    61.585278034210205,
    62.069715976715088,
    62.253679037094116,
    62.270473003387451,
    62.370920062065125,
    62.955489039421082,
    63.924365043640137,
    64.509602069854736,
    65.460711002349854,
    65.511842966079712,
    65.561969041824341,
    65.929638981819153,
    66.614518046379089,
    67.21579897403717,
    67.75060498714447,
    67.800716042518616,
    68.367653012275696,
    68.535255074501038,
    68.686622977256775,
    69.204475045204163,
    69.822188019752502,
    70.13998806476593,
    70.305692076683044,
    70.857138991355896,
    71.34302806854248,
    71.978003978729248,
    72.428737998008728,
    73.264445066452026,
    73.331026077270508,
    73.347702026367188,
    73.415073990821838,
    73.865957021713257,
    74.449684023857117,
    74.934846043586731,
    74.984999060630798,
    75.332437038421631,
    75.518442988395691,
    76.121181964874268,
    76.698073983192444,
    76.699175000190735,
    77.090448021888733,
    77.307366013526917,
    77.775215029716492,
    77.975870013237,
    78.125931978225708,
    78.27674400806427,
    78.777889966964722,
    79.145153045654297,
    79.746787071228027,
    80.388578057289124,
    80.948713064193726,
    81.500967025756836,
    82.084560036659241,
    82.351806998252869,
    82.58616304397583,
    83.188398003578186,
    83.488744020462036,
    83.588913083076477,
    83.790482997894287,
    84.241206049919128,
    84.741713047027588,
    85.058930993080139,
    85.160287976264954,
    85.343886971473694,
    85.995779037475586,
    86.446408033370972,
    86.547078967094421,
    86.563593983650208,
    87.110141038894653,
    87.648766040802002,
    88.006015062332153,
    88.066910028457642,
    88.083466053009033,
    88.100270986557007,
    88.183848023414612,
    89.051637053489685,
    89.503610968589783,
    89.520452976226807,
    89.537093043327332,
    90.004489064216614,
    90.823513031005859,
    91.190925002098083,
    91.267948031425476,
    91.857596039772034,
    92.494551062583923,
    92.611075043678284,
    92.676675081253052,
    93.07915997505188,
    93.73086404800415,
    94.162672996520996,
    94.230419993400574,
    94.330977082252502,
    94.866461992263794,
    95.466431975364685,
    95.533272981643677,
    95.566964983940125,
    96.101961970329285,
    96.669800043106079,
    97.104780077934265,
    97.263442039489746,
    97.705466032028198,
    98.239151000976562,
    98.708127975463867,
    98.774787068367004,
    99.309741973876953,
    99.778455018997192,
    100.31275200843811,
    100.44148504734039,
    100.78064596652985,
    101.18145406246185,
    101.58219707012177,
    101.7834700345993,
    102.06299805641174
  ],
  "userId" : "NcsslHgGt7OcPalBU90raZOBcqP2",
  "geoSpatialTransformTimes" : [
    10.21212100982666,
    10.514307975769043,
    10.81530499458313,
    11.11659300327301,
    11.417420029640198,
    11.718703985214233,
    12.018900990486145,
    12.336809992790222,
    12.637354969978333,
    12.937762975692749,
    13.255139946937561,
    13.55665397644043,
    13.873139977455139,
    14.173954963684082,
    14.475075006484985,
    14.775913953781128,
    15.076357007026672,
    15.377202987670898,
    15.477866053581238,
    15.677739024162292,
    15.979164004325867,
    16.27980101108551,
    16.58065402507782,
    16.881407976150513,
    17.182425022125244,
    17.182664036750793,
    17.248567938804626,
    17.315276980400085,
    17.383214950561523,
    17.483276963233948,
    17.784016966819763,
    18.084475994110107,
    18.385362982749939,
    18.702337980270386,
    18.886320948600769,
    19.045784950256348,
    19.354346990585327,
    19.370128035545349,
    19.670930981636047,
    19.905419945716858,
    19.972187042236328,
    20.274304986000061,
    20.474493980407715,
    20.48958694934845,
    20.505908012390137,
    20.524685978889465,
    20.54016900062561,
    20.574949979782104,
    20.891355037689209,
    21.192232966423035,
    21.494227051734924,
    21.809519052505493,
    22.111047983169556,
    22.411885023117065,
    22.713750004768372,
    23.014070987701416,
    23.330880045890808,
    23.631719946861267,
    23.764984011650085,
    23.932541966438293,
    23.93273401260376,
    24.234627962112427,
    24.550737977027893,
    24.734480977058411,
    24.85161304473877,
    24.868003964424133,
    25.00212299823761,
    25.135496973991394,
    25.152464985847473,
    25.269487977027893,
    25.404232978820801,
    25.454069018363953,
    25.536792993545532,
    25.754258036613464,
    26.071284055709839,
    26.372251987457275,
    26.674270033836365,
    26.974799990653992,
    27.090955018997192,
    27.290052056312561,
    27.591271042823792,
    27.625262022018433,
    27.842506051063538,
    27.891597986221313,
    27.975175023078918,
    28.126477003097534,
    28.194193959236145,
    28.494953036308289,
    28.811463952064514,
    29.095211029052734,
    29.112243056297302,
    29.129284977912903,
    29.162634968757629,
    29.195590019226074,
    29.41415798664093,
    29.714740991592407,
    30.031252026557922,
    30.331395030021667,
    30.63279402256012,
    30.816326022148132,
    30.94871997833252,
    30.966364979743958,
    31.250955939292908,
    31.551780939102173,
    31.852290034294128,
    32.15467095375061,
    32.45488703250885,
    32.771816968917847,
    33.072700977325439,
    33.374261975288391,
    33.675227046012878,
    33.740116953849792,
    33.775259971618652,
    33.807700991630554,
    33.841298937797546,
    33.874688982963562,
    33.908056974411011,
    33.94125497341156,
    33.974889993667603,
    33.991315007209778,
    34.008332014083862,
    34.292402029037476,
    34.663154006004333,
    34.977100968360901,
    35.278197050094604,
    35.578654050827026,
    35.879559993743896,
    36.180377960205078,
    36.480662941932678,
    36.79718804359436,
    37.098742961883545,
    37.399685978889465,
    37.735852003097534,
    38.051516056060791,
    38.351933002471924,
    38.65275502204895,
    38.869954943656921,
    38.953637003898621,
    39.18782901763916,
    39.27112603187561,
    39.505054950714111,
    39.572039008140564,
    39.872144937515259,
    40.08294403553009,
    40.089853048324585,
    40.123278975486755,
    40.156479001045227,
    40.173149943351746,
    40.189600944519043,
    40.474421977996826,
    40.774649977684021,
    41.075212955474854,
    41.258936047554016,
    41.275535941123962,
    41.29280698299408,
    41.309479951858521,
    41.375682950019836,
    41.676826000213623,
    41.977516055107117,
    42.277837038040161,
    42.579159021377563,
    42.880080938339233,
    43.180742979049683,
    43.481747984886169,
    43.79419994354248,
    44.099274039268494,
    44.316983938217163,
    44.384109020233154,
    44.400297045707703,
    44.451426029205322,
    44.701367020606995,
    45.002095937728882,
    45.318954944610596,
    45.636659979820251,
    45.936709046363831,
    46.205162048339844,
    46.238479018211365,
    46.539034962654114,
    46.839833974838257,
    47.157184958457947,
    47.4636549949646,
    47.464679956436157,
    47.775812029838562,
    47.959303975105286,
    48.075994968414307,
    48.376770973205566,
    48.67691695690155,
    48.92815101146698,
    48.977802038192749,
    49.012143015861511,
    49.095271944999695,
    49.178876996040344,
    49.262542009353638,
    49.279075026512146,
    49.579777002334595,
    49.880993008613586,
    50.195255041122437,
    50.331652045249939,
    50.407122015953064,
    50.40851902961731,
    50.498828053474426,
    50.80003297328949,
    51.100196957588196,
    51.400506019592285,
    51.700873970985413,
    51.815160036087036,
    51.815904974937439,
    51.816632032394409,
    52.00160801410675,
    52.303092956542969,
    52.604223966598511,
    52.904469013214111,
    53.205181956291199,
    53.422871947288513,
    53.506301999092102,
    53.506497025489807,
    53.806699991226196,
    54.119318008422852,
    54.424715995788574,
    54.725561022758484,
    55.057489037513733,
    55.359938025474548,
    55.661151051521301,
    55.996338963508606,
    56.312865018844604,
    56.468940019607544,
    56.614042997360229,
    56.935145020484924,
    57.248620986938477,
    57.54919695854187,
    57.852396011352539,
    58.167417049407959,
    58.513489961624146,
    58.819128036499023,
    59.12001097202301,
    59.286165952682495,
    59.430701971054077,
    59.737810015678406,
    60.038313984870911,
    60.369285941123962,
    60.372836947441101,
    60.67317795753479,
    60.973942995071411,
    61.307590961456299,
    61.425122976303101,
    61.609068989753723,
    61.909371018409729,
    62.246863007545471,
    62.461119055747986,
    62.561835050582886,
    62.861956000328064,
    63.185590982437134,
    63.194617033004761,
    63.497071981430054,
    63.797474026679993,
    64.123880982398987,
    64.315907955169678,
    64.432814955711365,
    64.733330965042114,
    65.034306049346924,
    65.334717988967896,
    65.63545298576355,
    65.752694010734558,
    65.935789942741394,
    66.137060046195984,
    66.237082004547119,
    66.537657022476196,
    66.838726997375488,
    67.089591026306152,
    67.139230012893677,
    67.223175048828125,
    67.440171957015991,
    67.771499037742615,
    68.075263977050781,
    68.375509977340698,
    68.688621044158936,
    68.688766956329346,
    68.689368963241577,
    68.689978957176208,
    68.994063973426819,
    69.294412016868591,
    69.627594947814941,
    69.929250955581665,
    70.230381011962891,
    70.56629204750061,
    70.882050037384033,
    71.182284951210022,
    71.504992008209229,
    71.565991997718811,
    71.817281007766724,
    72.117858052253723,
    72.418290019035339,
    72.720018982887268,
    73.035851001739502,
    73.137657046318054,
    73.339424014091492,
    73.504587054252625,
    73.654976963996887,
    73.955857992172241,
    74.256165981292725,
    74.440634965896606,
    74.557654023170471,
    74.858114004135132,
    74.975505948066711,
    75.141978025436401,
    75.158318042755127,
    75.459656000137329,
    75.760138988494873,
    75.910514950752258,
    76.060415029525757,
    76.361446022987366,
    76.476030945777893,
    76.662477016448975,
    76.979581952095032,
    77.063230037689209,
    77.280524015426636,
    77.547673940658569,
    77.581135034561157,
    77.731627941131592,
    77.748422026634216,
    77.848847031593323,
    77.8819899559021,
    78.182896971702576,
    78.433431029319763,
    78.483376979827881,
    78.784432053565979,
    79.085016012191772,
    79.385424971580505,
    79.402307033538818,
    79.69677197933197,
    79.987542033195496,
    80.003648042678833,
    80.321900010108948,
    80.656409978866577,
    80.938650012016296,
    80.972962021827698,
    80.989781022071838,
    81.039893984794617,
    81.273527026176453,
    81.40756094455719,
    81.595085024833679,
    81.908540010452271,
    82.092465043067932,
    82.209053993225098,
    82.511957049369812,
    82.693745017051697,
    82.827455043792725,
    83.128131985664368,
    83.228539943695068,
    83.27865195274353,
    83.450839996337891,
    83.763069033622742,
    83.845571994781494,
    84.013205051422119,
    84.079697966575623,
    84.164535999298096,
    84.381265044212341,
    84.682225942611694,
    84.682407021522522,
    84.999163031578064,
    85.299965977668762,
    85.3001309633255,
    85.600870966911316,
    85.617900967597961,
    85.783632040023804,
    85.918144941329956,
    86.219071984291077,
    86.335080027580261,
    86.520010948181152,
    86.820809960365295,
    86.820966005325317,
    87.121423006057739,
    87.422253966331482,
    87.455914974212646,
    87.72292697429657,
    87.906646013259888,
    88.037341952323914,
    88.341243982315063,
    88.641752004623413,
    88.742354989051819,
    88.808951020240784,
    88.825613975524902,
    88.892981052398682,
    88.975649952888489,
    89.276638984680176,
    89.343863010406494,
    89.577445983886719,
    89.892706990242004,
    89.927626967430115,
    90.195471048355103,
    90.41279399394989,
    90.46294105052948,
    90.496106028556824,
    90.810168981552124,
    90.810358047485352,
    90.996376991271973,
    91.114665985107422,
    91.415037989616394,
    91.599102973937988,
    91.715703964233398,
    92.016651034355164,
    92.175966024398804,
    92.177083015441895,
    92.31728196144104,
    92.568367004394531,
    92.644937038421631,
    92.785308957099915,
    92.951954007148743,
    93.253028035163879,
    93.253164052963257,
    93.453781962394714,
    93.553392052650452,
    93.603876948356628,
    93.754657030105591,
    93.85430896282196,
    94.155303955078125,
    94.255805015563965,
    94.455986976623535,
    94.62306797504425,
    94.756417036056519,
    95.072824954986572,
    95.224699974060059,
    95.37562096118927,
    95.675644993782043,
    95.866461992263794,
    95.976410984992981,
    96.33542001247406,
    96.426638960838318,
    96.645058989524841,
    96.945315003395081,
    96.978901028633118,
    97.246132969856262,
    97.546455979347229,
    97.562471032142639,
    97.829728007316589,
    97.847614049911499,
    98.064018964767456,
    98.149073958396912,
    98.449520945549011,
    98.666321039199829,
    98.749910950660706,
    98.966665029525757,
    99.050662994384766,
    99.066820979118347,
    99.268360018730164,
    99.385992050170898,
    99.702182054519653,
    99.719094038009644,
    100.00284802913666,
    100.21964001655579,
    100.30338597297668,
    100.53683805465698,
    100.60470998287201,
    100.6381950378418,
    100.8218070268631,
    100.90539801120758,
    101.20607697963715,
    101.47365701198578,
    101.52220296859741,
    101.8238810300827,
    101.92431199550629,
    102.02495300769806,
    102.04149496555328,
    102.12468695640564,
    102.4256249666214,
    102.58804202079773,
    102.72612297534943,
    103.03326594829559,
    103.12669897079468,
    103.34424698352814,
    103.48390793800354,
    103.54482698440552,
    103.56139802932739,
    103.57820403575897,
    103.64491200447083,
    103.66176104545593,
    103.95116996765137,
    104.2620370388031,
    104.52956104278564,
    104.5625079870224,
    104.88932204246521,
    104.98153495788574,
    104.99838602542877,
    105.01501595973969,
    105.19889795780182,
    105.48240101337433,
    105.4989310503006,
    105.8280930519104,
    106.1338130235672,
    106.30140495300293,
    106.44795000553131,
    106.66879594326019,
    106.74586701393127,
    106.75170302391052,
    107.05331194400787,
    107.33550596237183,
    107.35399293899536,
    107.65447902679443,
    107.95590901374817,
    107.97241699695587,
    108.08896803855896,
    108.15459299087524,
    108.25622403621674,
    108.5568779706955,
    108.55705404281616,
    108.85812699794769,
    109.15833604335785,
    109.20875298976898,
    109.47614598274231,
    109.64056503772736,
    109.70828199386597,
    109.80860698223114,
    109.80883300304413,
    110.10924804210663,
    110.34421396255493,
    110.41506695747375,
    110.74473094940186,
    110.94434499740601,
    111.0111780166626,
    111.04485404491425,
    111.07843697071075,
    111.37913000583649,
    111.57982397079468,
    111.68045902252197,
    112.01385796070099,
    112.14762103557587,
    112.31436395645142,
    112.58263695240021,
    112.61563801765442,
    112.74128997325897,
    112.9160749912262,
    113.18335199356079,
    113.21692097187042,
    113.5173100233078,
    113.71703600883484,
    113.81828701496124,
    114.11937296390533,
    114.18602800369263,
    114.25267100334167,
    114.41969895362854,
    114.72051000595093,
    114.78754901885986,
    115.02131295204163,
    115.25619697570801,
    115.322016954422,
    115.62292194366455,
    115.79056298732758,
    115.91933703422546,
    115.95632600784302,
    116.25801503658295,
    116.25838100910187,
    116.59188199043274,
    116.6592630147934,
    116.92578995227814,
    117.06004595756531,
    117.22701799869537,
    117.2612030506134,
    117.54069697856903,
    117.54087996482849,
    117.86166393756866,
    118.16334497928619,
    118.46345603466034,
    118.76352500915527,
    119.06514298915863,
    119.36528897285461,
    119.66578602790833,
    119.96844303607941,
    120.30030405521393,
    120.60154402256012,
    120.90234804153442,
    121.20354199409485,
    121.52903997898102,
    121.83803403377533,
    122.13872897624969,
    122.4398729801178,
    122.74041795730591,
    123.04170000553131,
    123.34274303913116,
    123.64331603050232,
    123.94338500499725,
    124.24398195743561,
    124.54510200023651,
    124.84550499916077,
    125.14583098888397,
    125.44612598419189,
    125.74770796298981,
    126.04862594604492,
    126.3497109413147,
    126.65037000179291,
    126.95099604129791,
    127.25223898887634,
    127.55238795280457,
    127.88594996929169,
    128.18733704090118,
    128.48798000812531,
    128.78871202468872,
    129.08873903751373,
    129.39020097255707,
    129.7204430103302,
    130.02539801597595,
    130.32541704177856,
    130.65891194343567,
    130.96037697792053,
    131.26159000396729,
    131.56250500679016,
    131.86275994777679,
    132.16434800624847,
    132.46507203578949,
    132.79882597923279,
    133.1334480047226,
    133.45577597618103,
    133.76752698421478,
    134.06758201122284,
    134.36954498291016,
    134.66975998878479,
    134.97076404094696,
    135.27241098880768,
    135.60613894462585,
    135.90630495548248,
    136.20712304115295,
    136.50809705257416,
    136.80816304683685,
    137.10915398597717,
    137.40933799743652,
    137.7104150056839,
    138.03988802433014,
    138.3464789390564,
    138.68004202842712,
    138.98064994812012,
    139.28136193752289,
    139.58195495605469,
    139.91695702075958,
    140.25063896179199,
    140.55115294456482,
    140.85133194923401,
    141.15342104434967,
    141.45371901988983,
    141.75406301021576,
    142.05524098873138,
    142.35632002353668,
    142.68902504444122,
    143.03364205360413,
    143.35776400566101,
    143.65912103652954,
    143.96027803421021,
    144.26078402996063,
    144.5678950548172,
    144.89558899402618,
    145.19647800922394,
    145.50626802444458,
    145.83097302913666,
    146.13209497928619,
    146.43344104290009,
    146.73380398750305,
    147.03383004665375,
    147.3410279750824,
    147.66842901706696,
    147.96971595287323,
    148.27965402603149,
    148.60482704639435,
    148.90498495101929,
    149.20633101463318,
    149.50635695457458,
    149.83718299865723,
    150.1428439617157,
    150.47597098350525,
    150.77641201019287,
    151.07770395278931,
    151.37802505493164,
    151.67920005321503,
    151.98050403594971,
    152.31392800807953,
    152.61424803733826,
    152.91605401039124,
    153.24934303760529,
    153.55036199092865,
    153.88502097129822,
    154.21783101558685,
    154.51956105232239,
    154.82029700279236,
    155.12078094482422,
    155.42172300815582,
    155.72227299213409,
    156.02302396297455,
    156.34335398674011,
    156.658607006073,
    156.95904994010925,
    157.25953197479248,
    157.56030905246735,
    157.86088299751282,
    158.16283595561981,
    158.49587500095367,
    158.79688894748688,
    159.09754300117493,
    159.39808297157288,
    159.71418905258179,
    160.03395700454712,
    160.36718201637268,
    160.66743099689484,
    160.9937219619751,
    161.30350005626678,
    161.63712298870087,
    161.93719696998596,
    162.23898100852966,
    162.57263398170471,
    162.8733069896698,
    163.17446899414062,
    163.50796902179718,
    163.84178996086121,
    164.14340996742249,
    164.4770599603653,
    164.77860295772552,
    165.11242198944092,
    165.41269993782043,
    165.71360802650452,
    166.0147659778595,
    166.31509697437286,
    166.62495398521423,
    166.95021104812622,
    167.25064301490784,
    167.55174994468689,
    167.8527740240097,
    168.15311598777771,
    168.48087799549103,
    168.84555995464325,
    169.18447399139404,
    169.48994994163513,
    169.82384097576141,
    170.12489199638367,
    170.42566299438477,
    170.7260719537735,
    171.02678894996643,
    171.32807600498199,
    171.62826895713806,
    171.93784093856812,
    172.26317894458771,
    172.56406605243683,
    172.86494398117065,
    173.16623902320862,
    173.4663679599762,
    173.76715803146362,
    174.06864202022552,
    174.40199494361877,
    174.70978999137878,
    175.03635501861572,
    175.33781695365906,
    175.63867700099945,
    175.93886494636536,
    176.24001502990723,
    176.54106795787811,
    176.84196698665619,
    177.17600095272064,
    177.47648394107819,
    177.77822601795197,
    178.11160099506378,
    178.41260504722595,
    178.7430659532547,
    179.04709899425507,
    179.34758996963501,
    179.70170104503632,
    180.01623499393463,
    180.31642401218414,
    180.619176030159,
    180.95280504226685,
    181.28612303733826,
    181.58702898025513,
    181.88810300827026,
    182.22155499458313,
    182.52201795578003,
    182.8233460187912,
    183.12372100353241,
    183.42417800426483,
    183.72499704360962,
    184.0254180431366,
    184.35238301753998,
    184.6616450548172,
    184.99467694759369,
    185.31333196163177,
    185.62940299510956,
    185.9300719499588,
    186.25155603885651,
    186.56594800949097,
    186.8985960483551,
    187.20050799846649,
    187.50181794166565,
    187.80193793773651,
    188.10224401950836,
    188.40315699577332,
    188.70404195785522,
    189.00555002689362,
    189.33943998813629,
    189.63944697380066,
    189.94106495380402,
    190.24156105518341,
    190.54359698295593,
    190.84392702579498,
    191.14457094669342,
    191.44638395309448,
    191.77949202060699,
    192.07949995994568,
    192.37954294681549,
    192.68087100982666,
    192.98198902606964,
    193.28208696842194,
    193.58366596698761,
    193.88508105278015,
    194.2185310125351,
    194.51865899562836,
    194.81983995437622,
    195.15396702289581,
    195.45533895492554,
    195.75588798522949,
    196.05628895759583,
    196.35632002353668,
    196.65768301486969,
    196.95935595035553,
    197.25999295711517,
    197.59321796894073,
    197.89355802536011,
    198.19450199604034,
    198.49530696868896,
    198.79590594768524,
    199.09600496292114,
    199.39714205265045,
    199.69783699512482,
    200.03227400779724,
    200.33305895328522,
    200.63381004333496,
    200.93452203273773,
    201.23532104492188,
    201.5365469455719,
    201.87017297744751,
    202.17152798175812,
    202.47256004810333,
    202.80634295940399,
    203.10661602020264,
    203.40740299224854,
    203.7080169916153,
    204.00873804092407,
    204.30967795848846,
    204.60988795757294,
    204.91095495223999,
    205.21163296699524,
    205.51256895065308,
    205.81364893913269,
    206.11400294303894,
    206.41469097137451,
    206.71548700332642,
    207.01588404178619,
    207.31726598739624,
    207.6508150100708,
    207.95226001739502,
    208.25231897830963,
    208.55325198173523,
    208.85436201095581,
    209.15527701377869,
    209.4556679725647,
    209.78944802284241,
    210.08974194526672,
    210.38985502719879,
    210.6914290189743,
    210.99152600765228,
    211.29289603233337,
    211.5936119556427,
    211.8936380147934,
    212.1941020488739,
    212.49561095237732,
    212.79653203487396,
    213.09757804870605,
    213.39862704277039,
    213.69893503189087,
    213.99992597103119,
    214.30035305023193,
    214.63444197177887
  ],
  "navigationData" : [
    [
      0.17437648773193359,
      -0.98188900947570801,
      0.074071601033210754,
      0,
      0.16729620099067688,
      -0.044587966054677963,
      -0.98489779233932495,
      0,
      0.9703630805015564,
      0.18413491547107697,
      0.1564912348985672,
      0,
      -1.8025217056274414,
      0.013925697654485703,
      -0.92781937122344971,
      0.99999994039535522,
      -1000,
      0
    ],
    [
      0.18002712726593018,
      -0.97780412435531616,
      0.10718729346990585,
      0,
      0.31797879934310913,
      -0.045268084853887558,
      -0.94701641798019409,
      0,
      0.93084883689880371,
      0.204571932554245,
      0.30277153849601746,
      0,
      -2.0678937435150146,
      0.0021028888877481222,
      -1.1852587461471558,
      0.99999982118606567,
      -1000,
      0
    ],
    [
      0.20253360271453857,
      -0.96907538175582886,
      0.14097118377685547,
      0,
      0.46570602059364319,
      -0.031320247799158096,
      -0.88438498973846436,
      0,
      0.86145102977752686,
      0.24476879835128784,
      0.44496086239814758,
      0,
      -2.3047835826873779,
      -0.018977377563714981,
      -1.3919874429702759,
      0.99999994039535522,
      -1000,
      0
    ],
    [
      0.18231435120105743,
      -0.97049981355667114,
      0.15777051448822021,
      0,
      0.60415452718734741,
      -0.016023371368646622,
      -0.79670608043670654,
      0,
      0.77573108673095703,
      0.24056871235370636,
      0.58341062068939209,
      0,
      -2.5293185710906982,
      -0.045873910188674927,
      -1.5746079683303833,
      0.99999994039535522,
      -1000,
      0
    ],
    [
      0.18542595207691193,
      -0.95973414182662964,
      0.21101492643356323,
      0,
      0.69226366281509399,
      -0.024823572486639023,
      -0.72121751308441162,
      0,
      0.69741535186767578,
      0.27981036901473999,
      0.65978622436523438,
      0,
      -2.7463371753692627,
      -0.069876469671726227,
      -1.7817156314849854,
      0.99999982118606567,
      -1000,
      0
    ],
    [
      0.19778765738010406,
      -0.95654416084289551,
      0.21425056457519531,
      0,
      0.61797332763671875,
      -0.047987323254346848,
      -0.7847331166267395,
      0,
      0.7609131932258606,
      0.28761163353919983,
      0.5816274881362915,
      0,
      -3.0223948955535889,
      -0.067712210118770599,
      -1.9892385005950928,
      0.99999994039535522,
      0.0023116469383239746,
      0
    ],
    [
      0.23591667413711548,
      -0.95561128854751587,
      0.17649412155151367,
      0,
      0.60886377096176147,
      0.003803223604336381,
      -0.79326558113098145,
      0,
      0.75738233327865601,
      0.29460543394088745,
      0.58273434638977051,
      0,
      -3.2994089126586914,
      -0.093217745423316956,
      -2.1602160930633545,
      0.99999994039535522,
      0.099896669387817383,
      0
    ],
    [
      0.27338007092475891,
      -0.93266481161117554,
      0.23537153005599976,
      0,
      0.72040474414825439,
      0.036375466734170914,
      -0.69259929656982422,
      0,
      0.63740122318267822,
      0.3589056134223938,
      0.68184047937393188,
      0,
      -3.5698840618133545,
      -0.13062092661857605,
      -2.3386280536651611,
      1,
      0.15677237510681152,
      0
    ],
    [
      0.22977267205715179,
      -0.93162524700164795,
      0.28156504034996033,
      0,
      0.82466787099838257,
      0.032733052968978882,
      -0.56466948986053467,
      0,
      0.51684385538101196,
      0.36194321513175964,
      0.77580255270004272,
      0,
      -3.7763237953186035,
      -0.13568300008773804,
      -2.5575869083404541,
      1,
      0.15677237510681152,
      0
    ],
    [
      0.13720951974391937,
      -0.95405471324920654,
      0.26636996865272522,
      0,
      0.93136566877365112,
      0.032705746591091156,
      -0.36261284351348877,
      0,
      0.33724072575569153,
      0.29784178733825684,
      0.89306145906448364,
      0,
      -3.9815816879272461,
      -0.12516370415687561,
      -2.8225440979003906,
      0.99999994039535522,
      0.15677237510681152,
      0
    ],
    [
      0.18525098264217377,
      -0.94749236106872559,
      0.26065322756767273,
      0,
      0.93836528062820435,
      0.091794773936271667,
      -0.33323296904563904,
      0,
      0.29180911183357239,
      0.30631968379020691,
      0.90609902143478394,
      0,
      -4.2326726913452148,
      -0.12739703059196472,
      -3.0018537044525146,
      0.99999994039535522,
      0.15677237510681152,
      0
    ],
    [
      0.15696403384208679,
      -0.94583255052566528,
      0.284187912940979,
      0,
      0.93620955944061279,
      0.050884336233139038,
      -0.3477388322353363,
      0,
      0.31444203853607178,
      0.32064193487167358,
      0.89348459243774414,
      0,
      -4.5273361206054688,
      -0.1486099511384964,
      -3.1155762672424316,
      0.99999982118606567,
      0.82022154331207275,
      0
    ],
    [
      0.15971420705318451,
      -0.93871039152145386,
      0.30547335743904114,
      0,
      0.94495844841003418,
      0.055867332965135574,
      -0.32238513231277466,
      0,
      0.28556033968925476,
      0.34014910459518433,
      0.89596515893936157,
      0,
      -4.7898669242858887,
      -0.16448281705379486,
      -3.2572386264801025,
      0.99999994039535522,
      0.82863974571228027,
      0
    ],
    [
      0.17882591485977173,
      -0.94637739658355713,
      0.26905545592308044,
      0,
      0.90321874618530273,
      0.049467839300632477,
      -0.42631980776786804,
      0,
      0.39014983177185059,
      0.31925296783447266,
      0.86363202333450317,
      0,
      -5.1226911544799805,
      -0.15614385902881622,
      -3.4348161220550537,
      0.99999982118606567,
      0.70076191425323486,
      0
    ],
    [
      0.24529136717319489,
      -0.94309043884277344,
      0.22452749311923981,
      0,
      0.84358680248260498,
      0.093519538640975952,
      -0.52878677845001221,
      0,
      0.47769609093666077,
      0.31911522150039673,
      0.81851816177368164,
      0,
      -5.4396004676818848,
      -0.15774242579936981,
      -3.5531721115112305,
      1,
      0.7249075174331665,
      0
    ],
    [
      0.21775120496749878,
      -0.94520264863967896,
      0.24326185882091522,
      0,
      0.84301877021789551,
      0.056545261293649673,
      -0.53490364551544189,
      0,
      0.49183699488639832,
      0.32155022025108337,
      0.80913650989532471,
      0,
      -5.7524905204772949,
      -0.17347928881645203,
      -3.6633799076080322,
      0.99999994039535522,
      0.71144521236419678,
      0
    ],
    [
      0.19426126778125763,
      -0.91509056091308594,
      0.35337206721305847,
      0,
      0.85696059465408325,
      -0.016991034150123596,
      -0.51510179042816162,
      0,
      0.47736889123916626,
      0.40289026498794556,
      0.78089582920074463,
      0,
      -6.0217170715332031,
      -0.21523480117321014,
      -3.8398716449737549,
      0.99999994039535522,
      0.55327832698822021,
      0
    ],
    [
      0.092862159013748169,
      -0.93987441062927246,
      0.32865253090858459,
      0,
      0.85106188058853149,
      -0.096395350992679596,
      -0.51614075899124146,
      0,
      0.51678824424743652,
      0.3276335597038269,
      0.79093992710113525,
      0,
      -6.3341946601867676,
      -0.20636433362960815,
      -4.0442595481872559,
      0.99999994039535522,
      0.45371550321578979,
      0
    ],
    [
      0.17659348249435425,
      -0.94062536954879761,
      0.2898942232131958,
      0,
      0.8693850040435791,
      0.010967199690639973,
      -0.49401357769966125,
      0,
      0.46150234341621399,
      0.3392692506313324,
      0.81970232725143433,
      0,
      -6.6556639671325684,
      -0.20402008295059204,
      -4.2197418212890625,
      0.99999994039535522,
      0.46486151218414307,
      0
    ],
    [
      0.15979292988777161,
      -0.92846488952636719,
      0.33528944849967957,
      0,
      0.89295190572738647,
      -0.0088474778458476067,
      -0.45006480813026428,
      0,
      0.42083585262298584,
      0.37131455540657043,
      0.82766073942184448,
      0,
      -6.9766726493835449,
      -0.1885875016450882,
      -4.3847522735595703,
      0.99999982118606567,
      0.57724267244338989,
      0
    ],
    [
      0.11558539420366287,
      -0.93054836988449097,
      0.34744712710380554,
      0,
      0.94357073307037354,
      -0.0064259679056704044,
      -0.33110842108726501,
      0,
      0.31034508347511292,
      0.36611226201057434,
      0.87729549407958984,
      0,
      -7.2043490409851074,
      -0.20731090009212494,
      -4.591766357421875,
      0.99999994039535522,
      0.53235459327697754,
      0
    ],
    [
      0.16595917940139771,
      -0.93086808919906616,
      0.32548722624778748,
      0,
      0.90589368343353271,
      0.013499220833182335,
      -0.42328974604606628,
      0,
      0.38963308930397034,
      0.36510562896728516,
      0.8455079197883606,
      0,
      -7.4792094230651855,
      -0.18701167404651642,
      -4.8252968788146973,
      0.99999982118606567,
      0.40150213241577148,
      0
    ],
    [
      0.1788548082113266,
      -0.96213734149932861,
      0.20567546784877777,
      0,
      0.82232344150543213,
      0.031410761177539825,
      -0.56815248727798462,
      0,
      0.54018038511276245,
      0.2707485556602478,
      0.7968062162399292,
      0,
      -7.7685632705688477,
      -0.14299027621746063,
      -5.0017337799072266,
      0.99999994039535522,
      0.40150213241577148,
      0
    ],
    [
      0.19097279012203217,
      -0.93305289745330811,
      0.30486294627189636,
      0,
      0.87954831123352051,
      0.02476794645190239,
      -0.47516429424285889,
      0,
      0.4358026385307312,
      0.35888516902923584,
      0.82539516687393188,
      0,
      -8.045557975769043,
      -0.13574416935443878,
      -5.1990351676940918,
      0.99999982118606567,
      0.52415573596954346,
      0
    ],
    [
      -0.0032703327015042305,
      -0.96622741222381592,
      0.25766962766647339,
      0,
      0.99169415235519409,
      0.029996737837791443,
      0.12507039308547974,
      0,
      -0.12857571244239807,
      0.25593850016593933,
      0.95810413360595703,
      0,
      -8.1627712249755859,
      -0.12516459822654724,
      -5.4467854499816895,
      0.99999982118606567,
      0.50380903482437134,
      0
    ],
    [
      -0.054678443819284439,
      -0.9523547887802124,
      0.30005073547363281,
      0,
      0.98848980665206909,
      -0.0091760549694299698,
      0.15100856125354767,
      0,
      -0.14106045663356781,
      0.30485397577285767,
      0.94189482927322388,
      0,
      -8.3484201431274414,
      -0.13317862153053284,
      -5.7090277671813965,
      0.99999994039535522,
      0.50380903482437134,
      0
    ],
    [
      0.02679269015789032,
      -0.97253131866455078,
      0.23122428357601166,
      0,
      0.99698019027709961,
      0.042861834168434143,
      0.064754024147987366,
      0,
      -0.072886034846305847,
      0.22879111766815186,
      0.97074294090270996,
      0,
      -8.5941047668457031,
      -0.10245837271213531,
      -5.9350156784057617,
      0.99999994039535522,
      0.86586529016494751,
      0
    ],
    [
      0.022278217598795891,
      -0.94847393035888672,
      0.3160710334777832,
      0,
      0.99712288379669189,
      0.043991971760988235,
      0.061730179935693741,
      0,
      -0.072454057633876801,
      0.31378641724586487,
      0.94672518968582153,
      0,
      -8.8658475875854492,
      -0.10890789330005646,
      -6.1617255210876465,
      1,
      0.97359144687652588,
      0
    ],
    [
      0.039961438626050949,
      -0.9582364559173584,
      0.28317078948020935,
      0,
      0.99823033809661865,
      0.050775345414876938,
      0.03094976581633091,
      0,
      -0.044035293161869049,
      0.2814328670501709,
      0.95856994390487671,
      0,
      -9.0794582366943359,
      -0.095108978450298309,
      -6.376096248626709,
      0.99999982118606567,
      0.89396101236343384,
      0
    ],
    [
      0.14396949112415314,
      -0.95629209280014038,
      0.25451534986495972,
      0,
      0.94582748413085938,
      0.057342339307069778,
      -0.31956526637077332,
      0,
      0.29100325703620911,
      0.28673529624938965,
      0.91274291276931763,
      0,
      -9.3209667205810547,
      -0.11868424713611603,
      -6.6413254737854004,
      0.99999994039535522,
      0.71403050422668457,
      0
    ],
    [
      0.30883601307868958,
      -0.91747349500656128,
      0.25072437524795532,
      0,
      0.49933579564094543,
      -0.067955769598484039,
      -0.86373943090438843,
      0,
      0.80949610471725464,
      0.39194944500923157,
      0.43714019656181335,
      0,
      -9.6835908889770508,
      -0.072500258684158325,
      -6.8516135215759277,
      1,
      0.71403050422668457,
      0
    ],
    [
      0.38809183239936829,
      -0.90291541814804077,
      0.18473798036575317,
      0,
      0.28337690234184265,
      -0.073831066489219666,
      -0.95616227388381958,
      0,
      0.87697321176528931,
      0.42342928051948547,
      0.22721219062805176,
      0,
      -9.9862813949584961,
      -0.11467958986759186,
      -6.9945015907287598,
      0.99999994039535522,
      0.71403050422668457,
      0
    ],
    [
      0.39194759726524353,
      -0.90243041515350342,
      0.17887501418590546,
      0,
      0.21411953866481781,
      -0.099610917270183563,
      -0.97171503305435181,
      0,
      0.89472323656082153,
      0.41916203498840332,
      0.15418574213981628,
      0,
      -10.247535705566406,
      -0.082815214991569519,
      -7.1936521530151367,
