{
  "navigationData" : [
    [
      -0.15113072097301483,
      -0.98098891973495483,
      -0.12173803895711899,
      0,
      -0.80125242471694946,
      0.04944387823343277,
      0.59627991914749146,
      0,
      -0.57892477512359619,
      0.18765911459922791,
      -0.79349231719970703,
      0,
      22.431825637817383,
      0.12011570483446121,
      -44.756610870361328,
      1,
      0,
      1
    ],
    [
      -0.039500858634710312,
      -0.98903119564056396,
      -0.14232660830020905,
      0,
      -0.97701478004455566,
      0.0083681102842092514,
      0.21300727128982544,
      0,
      -0.20947979390621185,
      0.1474691778421402,
      -0.96662861108779907,
      0,
      22.301689147949219,
      0.1460721492767334,
      -44.699047088623047,
      0.99999988079071045,
      0,
      1
    ],
    [
      -0.0122197475284338,
      -0.99201840162277222,
      -0.12549965083599091,
      0,
      -0.99886685609817505,
      0.017883665859699249,
      -0.04410388320684433,
      0,
      0.045996297150850296,
      0.12481848895549774,
      -0.99111282825469971,
      0,
      22.218461990356445,
      0.15448647737503052,
      -44.678676605224609,
      1,
      0,
      1
    ],
    [
      -0.016491889953613281,
      -0.98734325170516968,
      -0.15773780643939972,
      0,
      -0.99564725160598755,
      0.0017433420289307833,
      0.093185156583786011,
      0,
      -0.091730765998363495,
      0.15858800709247589,
      -0.98307430744171143,
      0,
      22.251262664794922,
      0.1576266884803772,
      -44.680316925048828,
      1,
      0,
      1
    ],
    [
      -0.089831680059432983,
      -0.98124152421951294,
      -0.1705731600522995,
      0,
      -0.83595412969589233,
      -0.018813153728842735,
      0.5484766960144043,
      0,
      -0.5413970947265625,
      0.19186191260814667,
      -0.81858289241790771,
      0,
      22.379240036010742,
      0.16154660284519196,
      -44.733253479003906,
      0.99999988079071045,
      0,
      1
    ],
    [
      -0.25447607040405273,
      -0.96213793754577637,
      -0.097634755074977875,
      0,
      -0.37080982327461243,
      0.0038338806480169296,
      0.92870104312896729,
      0,
      -0.89316409826278687,
      0.27253606915473938,
      -0.35774579644203186,
      0,
      22.503204345703125,
      0.15415145456790924,
      -44.867984771728516,
      1,
      0,
      1
    ],
    [
      -0.28211015462875366,
      -0.95936298370361328,
      -0.0060475156642496586,
      0,
      -0.036461364477872849,
      0.0044223926961421967,
      0.99932539463043213,
      0,
      -0.95868897438049316,
      0.28214031457901001,
      -0.036227252334356308,
      0,
      22.530990600585938,
      0.15625885128974915,
      -44.965419769287109,
      1,
      0,
      1
    ],
    [
      -0.31936624646186829,
      -0.94704490900039673,
      0.033331826329231262,
      0,
      -0.040274020284414291,
      0.04870658740401268,
      0.99800080060958862,
      0,
      -0.94677507877349854,
      0.31738537549972534,
      -0.053696513175964355,
      0,
      22.538530349731445,
      0.13935156166553497,
      -44.968608856201172,
      0.99999988079071045,
      0,
      1
    ],
    [
      -0.34371444582939148,
      -0.93893998861312866,
      0.015877179801464081,
      0,
      -0.066088125109672546,
      0.041051071137189865,
      0.99696904420852661,
      0,
      -0.93674582242965698,
      0.34162333607673645,
      -0.076162606477737427,
      0,
      22.578273773193359,
      0.11333479732275009,
      -44.927635192871094,
      1,
      0,
      1
    ],
    [
      -0.28850057721138,
      -0.95514458417892456,
      -0.066828571259975433,
      0,
      -0.19072997570037842,
      -0.011068364605307579,
      0.98158007860183716,
      0,
      -0.93829065561294556,
      0.2959325909614563,
      -0.17898149788379669,
      0,
      22.733007431030273,
      0.066187217831611633,
      -44.888458251953125,
      1,
      0,
      1
    ],
    [
      -0.35160648822784424,
      -0.93272936344146729,
      -0.079929538071155548,
      0,
      -0.21783973276615143,
      -0.0015181523049250245,
      0.97598326206207275,
      0,
      -0.91044968366622925,
      0.36057388782501221,
      -0.2026517391204834,
      0,
      23.118818283081055,
      0.054779581725597382,
      -44.834041595458984,
      0.99999988079071045,
      -0.026988625526428223,
      1
    ],
    [
      -0.33141249418258667,
      -0.94026648998260498,
      -0.077875696122646332,
      0,
      -0.22303903102874756,
      -0.0021226431708782911,
      0.97480714321136475,
      0,
      -0.91674387454986572,
      0.3404325544834137,
      -0.20901273190975189,
      0,
      23.341072082519531,
      0.047903425991535187,
      -44.785415649414062,
      1,
      0.038849472999572754,
      1
    ],
    [
      -0.27180218696594238,
      -0.962105393409729,
      0.02183246985077858,
      0,
      -0.13142415881156921,
      0.059583213180303574,
      0.98953396081924438,
      0,
      -0.95333683490753174,
      0.26608815789222717,
      -0.14263875782489777,
      0,
      23.713708877563477,
      0.070966392755508423,
      -44.707069396972656,
      1,
      -0.073165655136108398,
      1
    ],
    [
      -0.25035962462425232,
      -0.96772414445877075,
      0.028808422386646271,
      0,
      -0.12178099155426025,
      0.060997758060693741,
      0.99068081378936768,
      0,
      -0.96046310663223267,
      0.24451816082000732,
      -0.13312183320522308,
      0,
      24.102348327636719,
      0.053894989192485809,
      -44.625526428222656,
      1,
      -0.024219870567321777,
      1
    ],
    [
      -0.24673980474472046,
      -0.96901810169219971,
      -0.011113418266177177,
      0,
      -0.22464467585086823,
      0.046037845313549042,
      0.97335261106491089,
      0,
      -0.9426845908164978,
      0.24266138672828674,
      -0.22904413938522339,
      0,
      24.556545257568359,
      0.082480974495410919,
      -44.504280090332031,
      1,
      -0.04442906379699707,
      1
    ],
    [
      -0.21942901611328125,
      -0.97562664747238159,
      0.0019182206597179174,
      0,
      -0.20520812273025513,
      0.048075512051582336,
      0.97753697633743286,
      0,
      -0.95380324125289917,
      0.21410630643367767,
      -0.21075563132762909,
      0,
      24.858558654785156,
      0.084315389394760132,
      -44.414794921875,
      1.0000001192092896,
      -0.09249413013458252,
      1
    ],
    [
      -0.22875416278839111,
      -0.97321707010269165,
      0.022802691906690598,
      0,
      -0.12109221518039703,
      0.051688890904188156,
      0.9912945032119751,
      0,
      -0.96592342853546143,
      0.22400151193141937,
      -0.1296730637550354,
      0,
      25.236116409301758,
      0.097939454019069672,
      -44.320526123046875,
      1,
      -0.078093171119689941,
      1
    ],
    [
      -0.2430664598941803,
      -0.96996337175369263,
      -0.0094818985089659691,
      0,
      -0.15865848958492279,
      0.030111566185951233,
      0.98687434196472168,
      0,
      -0.95694631338119507,
      0.24138039350509644,
      -0.16121202707290649,
      0,
      25.665012359619141,
      0.10928899794816971,
      -44.230594635009766,
      1.0000001192092896,
      -0.032944202423095703,
      1
    ],
    [
      -0.23025308549404144,
      -0.97300755977630615,
      0.01548287458717823,
      0,
      -0.057695411145687103,
      0.029531994834542274,
      0.99789732694625854,
      0,
      -0.97141885757446289,
      0.22887565195560455,
      -0.062937885522842407,
      0,
      25.98078727722168,
      0.10273305326700211,
      -44.162654876708984,
      1,
      -0.10744786262512207,
      1
    ],
    [
      -0.19280372560024261,
      -0.96867913007736206,
      0.15648497641086578,
      0,
      0.23711679875850677,
      0.1087559387087822,
      0.96537458896636963,
      0,
      -0.95215678215026855,
      0.22323295474052429,
      0.20872147381305695,
      0,
      26.303289413452148,
      0.13432109355926514,
      -44.157485961914062,
      1,
      -0.12547159194946289,
      1
    ],
    [
      -0.18208587169647217,
      -0.96154952049255371,
      0.20559033751487732,
      0,
      0.46762275695800781,
      0.099246546626091003,
      0.87833887338638306,
      0,
      -0.86497032642364502,
      0.2560717761516571,
      0.43157109618186951,
      0,
      26.470067977905273,
      0.12360460311174393,
      -44.272171020507812,
      1.0000001192092896,
      -0.12547159194946289,
      1
    ],
    [
      -0.11485003679990768,
      -0.94707465171813965,
      0.29976493120193481,
      0,
      0.79358154535293579,
      0.094038799405097961,
      0.60115319490432739,
      0,
      -0.59752649068832397,
      0.30693033337593079,
      0.7407805323600769,
      0,
      26.539789199829102,
      0.1322384774684906,
      -44.44866943359375,
      1,
      -0.12547159194946289,
      1
    ],
    [
      -0.056010637432336807,
      -0.94887351989746094,
      0.31064784526824951,
      0,
      0.97594350576400757,
      0.013629707507789135,
      0.21759718656539917,
      0,
      -0.2107061892747879,
      0.31536245346069336,
      0.92528343200683594,
      0,
      26.600193023681641,
      0.12074912339448929,
      -44.639423370361328,
      1.0000001192092896,
      -0.12547159194946289,
      1
    ],
    [
      0.0025937531609088182,
      -0.94301348924636841,
      0.33274424076080322,
      0,
      0.99993431568145752,
      -0.0012687986018136144,
      -0.011390356346964836,
      0,
      0.011163358576595783,
      0.33275192975997925,
      0.94294828176498413,
      0,
      26.609201431274414,
      0.11347752809524536,
      -44.848228454589844,
      1,
      -0.12547159194946289,
      1
    ],
    [
      -0.02462317980825901,
      -0.95630788803100586,
      0.29132241010665894,
      0,
      0.99158757925033569,
      0.013678379356861115,
      0.12871231138706207,
      0,
      -0.12707345187664032,
      0.29204100370407104,
      0.94792634248733521,
      0,
      26.639503479003906,
      0.11349030584096909,
      -45.096641540527344,
      0.99999988079071045,
      0.048789359629154205,
      1
    ],
    [
      -0.061977360397577286,
      -0.96043294668197632,
      0.27152752876281738,
      0,
      0.94528716802597046,
      0.030819840729236603,
      0.32478031516075134,
      0,
      -0.32029816508293152,
      0.27680051326751709,
      0.9059748649597168,
      0,
      26.739721298217773,
      0.11521600186824799,
      -45.423416137695312,
      1,
      0.038397654891014099,
      1
    ],
    [
      -0.069107674062252045,
      -0.97153300046920776,
      0.2266000509262085,
      0,
      0.94786792993545532,
      0.0068833013065159321,
      0.31858909130096436,
      0,
      -0.31107956171035767,
      0.23680387437343597,
      0.92040926218032837,
      0,
      26.814266204833984,
      0.14746463298797607,
      -45.637294769287109,
      1,
      0.038397654891014099,
      1
    ],
    [
      -0.041454952210187912,
      -0.97795963287353516,
      0.20463742315769196,
      0,
      0.96319317817687988,
      0.015327910892665386,
      0.26837325096130371,
      0,
      -0.26559486985206604,
      0.20823071897029877,
      0.94132852554321289,
      0,
      26.866151809692383,
      0.15611134469509125,
      -45.951751708984375,
      1,
      0.0668620765209198,
      1
    ],
    [
      -0.057581245899200439,
      -0.97914749383926392,
      0.19481921195983887,
      0,
      0.94426894187927246,
      0.0099354013800621033,
      0.32902505993843079,
      0,
      -0.32409968972206116,
      0.20290738344192505,
      0.92400646209716797,
      0,
      26.914316177368164,
      0.17949703335762024,
      -46.281837463378906,
      1,
      0.17897672951221466,
      1
    ],
    [
      -0.038921013474464417,
      -0.98155057430267334,
      0.18719902634620667,
      0,
      0.94076395034790039,
      0.027153689414262772,
      0.33797293901443481,
      0,
      -0.33682069182395935,
      0.18926432728767395,
      0.92235058546066284,
      0,
      26.975318908691406,
      0.1737821102142334,
      -46.628803253173828,
      0.99999988079071045,
      0.15270230174064636,
      1
    ],
    [
      -0.036262501031160355,
      -0.98466074466705322,
      0.17067007720470428,
      0,
      0.96690988540649414,
      0.0085855163633823395,
      0.25497376918792725,
      0,
      -0.25252792239189148,
      0.17426855862140656,
      0.95176684856414795,
      0,
      27.04486083984375,
      0.19017784297466278,
      -46.998645782470703,
      1,
      0.11512583494186401,
      1
    ],
    [
      -0.023929709568619728,
      -0.9873356819152832,
      0.15683022141456604,
      0,
      0.95763248205184937,
      0.022397030144929886,
      0.28712108731269836,
      0,
      -0.28699737787246704,
      0.15705642104148865,
      0.94496864080429077,
      0,
      27.097871780395508,
      0.17011995613574982,
      -47.364456176757812,
      1.0000001192092896,
      0.14453279972076416,
      1
    ],
    [
      -0.045601684600114822,
      -0.97970926761627197,
      0.19516748189926147,
      0,
      0.91561156511306763,
      0.037134498357772827,
      0.40034559369087219,
      0,
      -0.39946970343589783,
      0.19695399701595306,
      0.8953397274017334,
      0,
      27.187494277954102,
      0.19692303240299225,
      -47.713115692138672,
      1.0000001192092896,
      0.12806791067123413,
      1
    ],
    [
      -0.033851828426122665,
      -0.98997151851654053,
      0.13715112209320068,
      0,
      0.91745531558990479,
      0.023647146299481392,
      0.39713525772094727,
      0,
      -0.39639586210250854,
      0.13927377760410309,
      0.90745419263839722,
      0,
      27.322257995605469,
      0.19466237723827362,
      -48.071712493896484,
      1,
      0.0456429123878479,
      1
    ],
    [
      -0.014972612261772156,
      -0.98832947015762329,
      0.15159417688846588,
      0,
      0.94405460357666016,
      0.035980664193630219,
      0.32782077789306641,
      0,
      -0.3294493556022644,
      0.14802150428295135,
      0.93249815702438354,
      0,
      27.434324264526367,
      0.21140719950199127,
      -48.460693359375,
      1.0000001192092896,
      0.045989513397216797,
      1
    ],
    [
      -0.0037242593243718147,
      -0.99162042140960693,
      0.1291314959526062,
      0,
      0.93018823862075806,
      0.043964873999357224,
      0.36444032192230225,
      0,
      -0.36706379055976868,
      0.12147386372089386,
      0.92223000526428223,
      0,
      27.528757095336914,
      0.2036135196685791,
      -48.854667663574219,
      0.99999988079071045,
      0.13884767889976501,
      1
    ],
    [
      -0.036800812929868698,
      -0.9847683310508728,
      0.16993261873722076,
      0,
      0.9307326078414917,
      0.028137112036347389,
      0.36461663246154785,
      0,
      -0.36384430527687073,
      0.1715800017118454,
      0.91552048921585083,
      0,
      27.627618789672852,
      0.20741231739521027,
      -49.184638977050781,
      1.0000001192092896,
      0.096129357814788818,
      1
    ],
    [
      -0.021414026618003845,
      -0.98879951238632202,
      0.1477055549621582,
      0,
      0.95263522863388062,
      0.024648044258356094,
      0.30311471223831177,
      0,
      -0.30336031317710876,
      0.14720042049884796,
      0.94143742322921753,
      0,
      27.757131576538086,
      0.21782751381397247,
      -49.570125579833984,
      1,
      0.041557937860488892,
      1
    ],
    [
      -0.0043543274514377117,
      -0.98902273178100586,
      0.14769861102104187,
      0,
      0.95919424295425415,
      0.037626411765813828,
      0.28023305535316467,
      0,
      -0.28271424770355225,
      0.14289189875125885,
      0.9485011100769043,
      0,
      27.845863342285156,
      0.22818788886070251,
      -49.910530090332031,
      0.99999988079071045,
      0.043579399585723877,
      1
    ],
    [
      -0.014694736339151859,
      -0.99410468339920044,
      0.10742443054914474,
      0,
      0.95521456003189087,
      0.017799161374568939,
      0.2953784167766571,
      0,
      -0.29554909467697144,
      0.10695388168096542,
      0.9493216872215271,
      0,
      27.920835494995117,
      0.26666024327278137,
      -50.260475158691406,
      1.0000001192092896,
      0.077932611107826233,
      1
    ],
    [
      -0.017061546444892883,
      -0.99245494604110718,
      0.12141632288694382,
      0,
      0.96262669563293457,
      0.016522889956831932,
      0.27032715082168579,
      0,
      -0.27029368281364441,
      0.12149079144001007,
      0.95508182048797607,
      0,
      28.053768157958984,
      0.25755691528320312,
      -50.701320648193359,
      1,
      0.019529014825820923,
      1
    ],
    [
      -0.014701560139656067,
      -0.98363572359085083,
      0.17956772446632385,
      0,
      0.96887558698654175,
      0.030368875712156296,
      0.24567830562591553,
      0,
      -0.24711121618747711,
      0.17759062349796295,
      0.95257413387298584,
      0,
      28.126976013183594,
      0.23646461963653564,
      -50.909626007080078,
      1,
      -0.032753318548202515,
      1
    ],
    [
      -0.013343443162739277,
      -0.97678720951080322,
      0.21379624307155609,
      0,
      0.97233718633651733,
      0.037190839648246765,
      0.23060211539268494,
      0,
      -0.23320041596889496,
      0.2109590619802475,
      0.94927018880844116,
      0,
      28.21624755859375,
      0.20499987900257111,
      -51.238510131835938,
      1.0000001192092896,
      -0.035370826721191406,
      1
    ],
    [
      -0.029351381585001945,
      -0.9563029408454895,
      0.29090046882629395,
      0,
      0.96224623918533325,
      0.051751188933849335,
      0.26721534132957458,
      0,
      -0.27059328556060791,
      0.28776103258132935,
      0.91867989301681519,
      0,
      28.316993713378906,
      0.22816741466522217,
      -51.600742340087891,
      1,
      0.0026729702949523926,
      1
    ],
    [
      -0.013840786181390285,
      -0.98061418533325195,
      0.19545881450176239,
      0,
      0.96148234605789185,
      0.0406150221824646,
      0.2718493640422821,
      0,
      -0.27451789379119873,
      0.19169279932975769,
      0.94228112697601318,
      0,
      28.421819686889648,
      0.23844349384307861,
      -51.942348480224609,
      1,
      -0.017460852861404419,
      1
    ],
    [
      -0.034694597125053406,
      -0.97570574283599854,
      0.21632066369056702,
      0,
      0.97081953287124634,
      0.01848878525197506,
      0.23909783363342285,
      0,
      -0.23728863894939423,
      0.21830369532108307,
      0.94659262895584106,
      0,
      28.504289627075195,
      0.26650151610374451,
      -52.254112243652344,
      1.0000001192092896,
      -0.02098846435546875,
      1
    ],
    [
      0.0021370688918977976,
      -0.99015915393829346,
      0.13992911577224731,
      0,
      0.94926178455352783,
      0.046013731509447098,
      0.31110239028930664,
      0,
      -0.3144795298576355,
      0.13216452300548553,
      0.94001859426498413,
      0,
      28.567628860473633,
      0.26750364899635315,
      -52.58807373046875,
      0.99999988079071045,
      0.079247713088989258,
      1
    ],
    [
      -0.032464437186717987,
      -0.97878384590148926,
      0.20230706036090851,
      0,
      0.91432362794876099,
      0.05266975611448288,
      0.40154466032981873,
      0,
      -0.40368086099624634,
      0.19801002740859985,
      0.89321529865264893,
      0,
      28.666557312011719,
      0.27704155445098877,
      -52.912376403808594,
      0.99999988079071045,
      0.091611012816429138,
      1
    ],
    [
      -0.027020225301384926,
      -0.98324328660964966,
      0.18028417229652405,
      0,
      0.9312211275100708,
      0.04081418365240097,
      0.36216199398040771,
      0,
      -0.36345157027244568,
      0.17767013609409332,
      0.91451424360275269,
      0,
      28.785800933837891,
      0.26373136043548584,
      -53.238292694091797,
      1,
      0.011649757623672485,
      1
    ],
    [
      -0.032110240310430527,
      -0.97344279289245605,
      0.22666721045970917,
      0,
      0.94160920381546021,
      0.046588446944952011,
      0.33346900343894958,
      0,
      -0.33517304062843323,
      0.22413969039916992,
      0.91510665416717529,
      0,
      28.899087905883789,
      0.26340565085411072,
      -53.586971282958984,
      1,
      0.046629995107650757,
      1
    ],
    [
      -0.033981595188379288,
      -0.97621375322341919,
      0.21413041651248932,
      0,
      0.92698955535888672,
      0.049292828887701035,
      0.37183380126953125,
      0,
      -0.37354439496994019,
      0.21113219857215881,
      0.90326505899429321,
      0,
      28.991010665893555,
      0.26599389314651489,
      -53.914913177490234,
      1,
      0.10132613778114319,
      1
    ],
    [
      -0.080054424703121185,
      -0.96281540393829346,
      0.25802654027938843,
      0,
      0.91895419359207153,
      0.028992800042033195,
      0.39329701662063599,
      0,
      -0.38615334033966064,
      0.2685997486114502,
      0.8824622631072998,
      0,
      29.0914306640625,
      0.26056811213493347,
      -54.219326019287109,
      1,
      0.089810609817504883,
      1
    ],
    [
      -0.067673332989215851,
      -0.96120721101760864,
      0.26739689707756042,
      0,
      0.94486838579177856,
      0.024318413808941841,
      0.32654616236686707,
      0,
      -0.32038116455078125,
      0.27475330233573914,
      0.90656858682632446,
      0,
      29.187919616699219,
      0.26284655928611755,
      -54.545391082763672,
      1,
      0.063924044370651245,
      1
    ],
    [
      -0.044289391487836838,
      -0.97313225269317627,
      0.22594729065895081,
      0,
      0.94259738922119141,
      0.034226018935441971,
      0.33217266201972961,
      0,
      -0.33098122477531433,
      0.22768904268741608,
      0.91575616598129272,
      0,
      29.256828308105469,
      0.27301439642906189,
      -54.852283477783203,
      1,
      0.11801600456237793,
      1
    ],
    [
      -0.046644475311040878,
      -0.97374671697616577,
      0.22280415892601013,
      0,
      0.90997034311294556,
      0.050583932548761368,
      0.41157683730125427,
      0,
      -0.41204184293746948,
      0.22194293141365051,
      0.88372105360031128,
      0,
      29.353418350219727,
      0.28599873185157776,
      -55.198661804199219,
      1.0000001192092896,
      0.14013297855854034,
      1
    ],
    [
      -0.055329442024230957,
      -0.98173445463180542,
      0.18203330039978027,
      0,
      0.90777194499969482,
      0.026461130008101463,
      0.41862845420837402,
      0,
      -0.41579878330230713,
      0.18840721249580383,
      0.88972693681716919,
      0,
      29.483850479125977,
      0.29111823439598083,
      -55.542331695556641,
      1,
      0.074509114027023315,
      1
    ],
    [
      -0.062658883631229401,
      -0.97690081596374512,
      0.20430012047290802,
      0,
      0.92900872230529785,
      0.017714690417051315,
      0.36963340640068054,
      0,
      -0.36471429467201233,
      0.21295739710330963,
      0.90643942356109619,
      0,
      29.596843719482422,
      0.30645903944969177,
      -55.832260131835938,
      0.99999988079071045,
      0.032423228025436401,
      1
    ],
    [
      -0.021962439641356468,
      -0.98159629106521606,
      0.18970112502574921,
      0,
      0.92002785205841064,
      0.0544101782143116,
      0.38805723190307617,
      0,
      -0.39123719930648804,
      0.18305297195911407,
      0.90190088748931885,
      0,
      29.684238433837891,
      0.29570025205612183,
      -56.112548828125,
      1.0000001192092896,
      0.081841468811035156,
      1
    ],
    [
      -0.034496426582336426,
      -0.97772836685180664,
      0.20701968669891357,
      0,
      0.89877676963806152,
      0.060235008597373962,
      0.43424889445304871,
      0,
      -0.43704724311828613,
      0.20104451477527618,
      0.8766816258430481,
      0,
      29.779928207397461,
      0.30915650725364685,
      -56.383632659912109,
      1,
      0.1097961962223053,
      1
    ],
    [
      -0.0077316127717494965,
      -0.98723733425140381,
      0.15906801819801331,
      0,
      0.90429693460464478,
      0.060996826738119125,
      0.42252379655838013,
      0,
      -0.42683392763137817,
      0.14711152017116547,
      0.892284095287323,
      0,
      29.88117790222168,
      0.31328991055488586,
      -56.627277374267578,
      1,
      0.061357796192169189,
      1
    ],
    [
      0.056348636746406555,
      -0.98223024606704712,
      0.1790211945772171,
      0,
      0.9883386492729187,
      0.080281570553779602,
      0.12938947975635529,
      0,
      -0.14146234095096588,
      0.16964262723922729,
      0.9752998948097229,
      0,
      29.886697769165039,
      0.33240410685539246,
      -56.868022918701172,
      1,
      0.034342914819717407,
      1
    ],
    [
      0.074977666139602661,
      -0.97970551252365112,
      0.18589124083518982,
      0,
      0.98229843378067017,
      0.040472596883773804,
      -0.18289841711521149,
      0,
      0.1716630756855011,
      0.19631396234035492,
      0.96539771556854248,
      0,
      29.764480590820312,
      0.32346323132514954,
      -57.013538360595703,
      1,
      0.034342914819717407,
      1
    ],
    [
      0.15811192989349365,
      -0.97677427530288696,
      0.14461220800876617,
      0,
      0.80016607046127319,
      0.040933407843112946,
      -0.59838026762008667,
      0,
      0.57856291532516479,
      0.21032480895519257,
      0.78805369138717651,
      0,
      29.567886352539062,
      0.3283253014087677,
      -57.090847015380859,
      1,
      0.034342914819717407,
      1
    ],
    [
      0.22427384555339813,
      -0.97341209650039673,
      0.046585176140069962,
      0,
      0.46346461772918701,
      0.064487181603908539,
      -0.88376587629318237,
      0,
      0.85726422071456909,
      0.21979612112045288,
      0.46560484170913696,
      0,
      29.405746459960938,
      0.32361608743667603,
      -57.091999053955078,
      1,
      0.034342914819717407,
      1
    ],
    [
      0.23947687447071075,
      -0.97090178728103638,
      -0.00082532886881381273,
      0,
      0.32226160168647766,
      0.08028893917798996,
      -0.94323974847793579,
      0,
      0.9158594012260437,
      0.22561810910701752,
      0.33211171627044678,
      0,
      29.292560577392578,
      0.30620959401130676,
      -57.107067108154297,
      1,
      0.034342914819717407,
      1
    ],
    [
      0.23008905351161957,
      -0.97154217958450317,
      0.056257583200931549,
      0,
      0.48317903280258179,
      0.063868269324302673,
      -0.87318897247314453,
      0,
      0.84474682807922363,
      0.2280936986207962,
      0.48412418365478516,
      0,
      29.187736511230469,
      0.29437705874443054,
      -57.168621063232422,
      1,
      0.034342914819717407,
      1
    ],
    [
      0.24425689876079559,
      -0.96133553981781006,
      0.12717063724994659,
      0,
      0.49999123811721802,
      0.01248692162334919,
      -0.8659403920173645,
      0,
      0.8308713436126709,
      0.27509611845016479,
      0.48370939493179321,
      0,
      29.068599700927734,
      0.28672417998313904,
      -57.227512359619141,
      1,
      0.034342914819717407,
      1
    ],
    [
      0.25388923287391663,
      -0.96657866239547729,
      0.035577759146690369,
      0,
      0.35233417153358459,
      0.058165896683931351,
      -0.93406486511230469,
      0,
      0.90077781677246094,
      0.24968427419662476,
      0.35532641410827637,
      0,
      28.860633850097656,
      0.29657226800918579,
      -57.319442749023438,
      0.99999988079071045,
      0.012699604034423828,
      1
    ],
    [
      0.24375762045383453,
      -0.96939533948898315,
      0.029239121824502945,
      0,
      0.2322869598865509,
      0.029085218906402588,
      -0.97221231460571289,
      0,
      0.94160765409469604,
      0.24377600848674774,
      0.23226761817932129,
      0,
      28.607017517089844,
      0.3024832010269165,
      -57.404094696044922,
      1,
      0.0046538114547729492,
      1
    ],
    [
      0.23055091500282288,
      -0.97076267004013062,
      0.066828571259975433,
      0,
      0.33353337645530701,
      0.014320534653961658,
      -0.94262945652008057,
      0,
      0.91411256790161133,
      0.23961363732814789,
      0.32708340883255005,
      0,
      28.348793029785156,
      0.28552636504173279,
      -57.482875823974609,
      1,
      0.036488652229309082,
      1
    ],
    [
      0.27207985520362854,
      -0.95330363512039185,
      0.13109056651592255,
      0,
      0.52477830648422241,
      0.032807089388370514,
      -0.85060644149780273,
      0,
      0.80658549070358276,
      0.30022633075714111,
      0.50919920206069946,
      0,
      28.028209686279297,
      0.28592142462730408,
      -57.626850128173828,
      1,
      0.036347150802612305,
      1
    ],
    [
      0.23935422301292419,
      -0.96586209535598755,
      0.099094875156879425,
      0,
      0.46837037801742554,
      0.025458361953496933,
      -0.88316529989242554,
      0,
      0.85049325227737427,
      0.25780245661735535,
      0.45847481489181519,
      0,
      27.791620254516602,
      0.278352290391922,
      -57.717983245849609,
      1,
      0.036347150802612305,
      1
    ],
    [
      0.2638700008392334,
      -0.95922935009002686,
      0.10125009715557098,
      0,
      0.38764709234237671,
      0.0093409344553947449,
      -0.92176055908203125,
      0,
      0.88323396444320679,
      0.28247421979904175,
      0.37430724501609802,
      0,
      27.452630996704102,
      0.29806452989578247,
      -57.810161590576172,
      1,
      0.17322170734405518,
      1
    ],
    [
      0.17334158718585968,
      -0.98137146234512329,
      0.082841150462627411,
      0,
      0.41507673263549805,
      -0.0034819971770048141,
      -0.90977966785430908,
      0,
      0.89312034845352173,
      0.19208808243274689,
      0.40674096345901489,
      0,
      27.123943328857422,
      0.31780639290809631,
      -57.891040802001953,
      1,
      0.19996190071105957,
      1
    ],
    [
      0.22719837725162506,
      -0.97016227245330811,
      0.08465198427438736,
      0,
      0.44528773427009583,
      0.026186073198914528,
      -0.8950045108795166,
      0,
      0.86608296632766724,
      0.24103806912899017,
      0.43795081973075867,
      0,
      26.791492462158203,
      0.30495354533195496,
      -58.004886627197266,
      1,
      0.15932285785675049,
      1
    ],
    [
      0.24103693664073944,
      -0.96881413459777832,
      0.057447906583547592,
      0,
      0.30351155996322632,
      0.019023716449737549,
      -0.95263779163360596,
      0,
      0.92183607816696167,
      0.2470569908618927,
      0.29863166809082031,
      0,
      26.46519660949707,
      0.30037468671798706,
      -58.109115600585938,
      0.99999988079071045,
      0.05921173095703125,
      1
    ],
    [
      0.25924894213676453,
      -0.96529364585876465,
      0.031594138592481613,
      0,
      0.23938824236392975,
      0.03253193199634552,
      -0.9703788161277771,
      0,
      0.93567270040512085,
      0.25913295149803162,
      0.23951384425163269,
      0,
      26.143617630004883,
      0.28923380374908447,
      -58.189590454101562,
      1.0000001192092896,
      0.056356906890869141,
      1
    ],
    [
      0.25871109962463379,
      -0.96408265829086304,
      0.060110211372375488,
      0,
      0.35885292291641235,
      0.03814982995390892,
      -0.93261426687240601,
      0,
      0.89682400226593018,
      0.2628483772277832,
      0.35583367943763733,
      0,
      25.810619354248047,
      0.29896202683448792,
      -58.305244445800781,
      1.0000001192092896,
      0.067079901695251465,
      1
    ],
    [
      0.24790766835212708,
      -0.96547061204910278,
      0.080051280558109283,
      0,
      0.42148008942604065,
      0.033085379749536514,
      -0.90623384714126587,
      0,
      0.87229359149932861,
      0.25840231776237488,
      0.41512873768806458,
      0,
      25.543657302856445,
      0.29614678025245667,
      -58.420375823974609,
      1,
      0.03583526611328125,
      1
    ],
    [
      0.20812323689460754,
      -0.97441738843917847,
      0.084826476871967316,
      0,
      0.38014551997184753,
      0.00067615590523928404,
      -0.9249265193939209,
      0,
      0.9012070894241333,
      0.22474507987499237,
      0.37056112289428711,
      0,
      25.264259338378906,
      0.31816136837005615,
      -58.530666351318359,
      1,
      -0.036743760108947754,
      1
    ],
    [
      0.18655493855476379,
      -0.98038548231124878,
      0.063572555780410767,
      0,
      0.39543911814689636,
      0.015696639195084572,
      -0.91835802793502808,
      0,
      0.89934700727462769,
      0.19646328687667847,
      0.39061108231544495,
      0,
      24.995492935180664,
      0.30815157294273376,
      -58.603507995605469,
      0.99999988079071045,
      0.10983717441558838,
      1
    ],
    [
      0.21337448060512543,
      -0.9719388484954834,
      0.09902692586183548,
      0,
      0.45082223415374756,
      0.008030070923268795,
      -0.89257776737213135,
      0,
      0.86673563718795776,
      0.23509681224822998,
      0.43988499045372009,
      0,
      24.700103759765625,
      0.32586303353309631,
      -58.698410034179688,
      1.0000001192092896,
      0.13739883899688721,
      1
    ],
    [
      0.15878516435623169,
      -0.98249298334121704,
      0.097441434860229492,
      0,
      0.47128322720527649,
      -0.011299579404294491,
      -0.88190966844558716,
      0,
      0.86757099628448486,
      0.18595664203166962,
      0.46123820543289185,
      0,
      24.446744918823242,
      0.32258760929107666,
      -58.802890777587891,
      1,
      0.10096681118011475,
      1
    ],
    [
      0.147502601146698,
      -0.98242783546447754,
      0.11436107754707336,
      0,
      0.51001435518264771,
      -0.023517543449997902,
      -0.8598443865776062,
      0,
      0.84742456674575806,
      0.18515503406524658,
      0.49758335947990417,
      0,
      24.220869064331055,
      0.34115615487098694,
      -58.925983428955078,
      1,
      0.058752655982971191,
      1
    ],
    [
      0.087691649794578552,
      -0.98052769899368286,
      0.17571477591991425,
      0,
      0.84236085414886475,
      -0.021166242659091949,
      -0.53849828243255615,
      0,
      0.53173166513442993,
      0.19523701071739197,
      0.82410198450088501,
      0,
      24.153142929077148,
      0.34171348810195923,
      -59.06854248046875,
      1.0000001192092896,
      0.020925760269165039,
      1
    ],
    [
      -0.14308512210845947,
      -0.97125977277755737,
      0.19021308422088623,
      0,
      0.85278648138046265,
      -0.023454749956727028,
      0.52173274755477905,
      0,
      -0.50227665901184082,
      0.23686333000659943,
      0.83163321018218994,
      0,
      24.331630706787109,
      0.3340393602848053,
      -59.067127227783203,
      1,
      0.020925760269165039,
      1
    ],
    [
      -0.20451481640338898,
      -0.97194981575012207,
      0.11613502353429794,
      0,
      0.36936023831367493,
      0.03324652835726738,
      0.92869144678115845,
      0,
      -0.90650254487991333,
      0.23282679915428162,
      0.35220012068748474,
      0,
      24.43098258972168,
      0.34345212578773499,
      -58.901714324951172,
      1,
      0.020925760269165039,
      1
    ],
    [
      -0.22914338111877441,
      -0.97321373224258423,
      0.018659740686416626,
      0,
      -0.16205562651157379,
      0.057044278830289841,
      0.98513132333755493,
      0,
      -0.95980781316757202,
      0.22271242737770081,
      -0.17078612744808197,
      0,
      24.4783935546875,
      0.35550385713577271,
      -58.685150146484375,
      0.99999988079071045,
      0.020925760269165039,
      1
    ],
    [
      -0.26286855340003967,
      -0.96387302875518799,
      -0.042998295277357101,
      0,
      -0.36447185277938843,
      0.057938262820243835,
      0.92941015958786011,
      0,
      -0.89334219694137573,
      0.25998437404632568,
      -0.36653473973274231,
      0,
      24.551357269287109,
      0.34573447704315186,
      -58.586296081542969,
      0.99999988079071045,
      0.020925760269165039,
      1
    ],
    [
      -0.26417681574821472,
      -0.96297913789749146,
      -0.053681015968322754,
      0,
      -0.32265552878379822,
      0.03578944131731987,
      0.945839524269104,
      0,
      -0.90890252590179443,
      0.2671893835067749,
      -0.32016530632972717,
      0,
      24.730375289916992,
      0.32299637794494629,
      -58.58917236328125,
      0.99999988079071045,
      0.020925760269165039,
      1
    ],
    [
      -0.22752758860588074,
      -0.9728468656539917,
      -0.042426031082868576,
      0,
      -0.18098777532577515,
      -0.00056088471319526434,
      0.98348498344421387,
      0,
      -0.95680415630340576,
      0.23144860565662384,
      -0.17594580352306366,
      0,
      24.987611770629883,
      0.35573408007621765,
      -58.662620544433594,
      0.99999988079071045,
      0.020925760269165039,
      1
    ],
    [
      -0.25454500317573547,
      -0.96672236919403076,
      -0.025585409253835678,
      0,
      -0.23969177901744843,
      0.037437073886394501,
      0.97012686729431152,
      0,
      -0.93688559532165527,
      0.25307360291481018,
      -0.24124482274055481,
      0,
      25.2462158203125,
      0.34898149967193604,
      -58.669895172119141,
      1,
      0.40204882621765137,
      1
    ],
    [
      -0.21548250317573547,
      -0.97624295949935913,
      -0.022734368219971657,
      0,
      -0.20914112031459808,
      0.023396849632263184,
      0.97760546207427979,
      0,
      -0.95384854078292847,
      0.21541158854961395,
      -0.20921416580677032,
      0,
      25.548818588256836,
      0.35795831680297852,
      -58.635318756103516,
      1,
      0.14036214351654053,
      1
    ],
    [
      -0.26215407252311707,
      -0.96466344594955444,
      -0.026453312486410141,
      0,
      -0.21600878238677979,
      0.031941309571266174,
      0.975868821144104,
      0,
      -0.94054001569747925,
      0.26154214143753052,
      -0.21674934029579163,
      0,
      25.85151481628418,
      0.34426790475845337,
      -58.600242614746094,
      1.0000001192092896,
      0.12125325202941895,
      1
    ],
    [
      -0.22764024138450623,
      -0.97270596027374268,
      -0.044979367405176163,
      0,
      -0.31891638040542603,
      0.030831597745418549,
      0.94728130102157593,
      0,
      -0.92003929615020752,
      0.22998398542404175,
      -0.31723034381866455,
      0,
      26.147239685058594,
      0.32115674018859863,
      -58.543266296386719,
      1.0000001192092896,
      0.16082584857940674,
      1
    ],
    [
      -0.26329809427261353,
      -0.96309041976928711,
      -0.055953804403543472,
      0,
      -0.3406674861907959,
      0.038557630032300949,
      0.93939286470413208,
      0,
      -0.90256279706954956,
      0.26640200614929199,
      -0.33824574947357178,
      0,
      26.442119598388672,
