{
  "pathDataTime" : [

  ],
  "speechData" : [
    "Cloud Anchor Resolved",
    "Turn left and proceed 13 feet. Correction for phone \/ body offset will be updated as you start walking.",
    "Cloud Anchor Resolved",
    "Continue straight and proceed 10 feet",
    "Continue straight and proceed 10 feet",
    "Slight left towards 10 o'clock and proceed 10 feet",
    "Continue straight and proceed 7 feet",
    "Turn right and proceed 12 feet",
    "Slight right towards 2 o'clock and proceed 8 feet",
    "Slight right towards 2 o'clock and proceed 33 feet",
    "Cloud Anchor Resolved"
  ],
  "geoLocationAlignmentAttemptTimes" : [

  ],
  "geoSpatialTransformTimes" : [
    426.6592880487442,
    432.30608403682709,
    432.61242306232452,
    432.9140909910202,
    433.21451199054718,
    433.53233599662781,
    433.83358597755432,
    434.13396501541138,
    434.55503404140472,
    434.86842405796051,
    435.17007100582123,
    435.4707909822464,
    435.78676605224609,
    436.08873999118805,
    436.38994204998016,
    436.69067299365997,
    437.00738406181335,
    437.30998301506042,
    437.61052203178406,
    437.96162700653076,
    438.27896106243134,
    438.5789920091629,
    438.88036000728607,
    439.19720208644867,
    439.49766898155212,
    439.79929101467133,
    440.18714106082916,
    440.49967205524445,
    440.80214405059814,
    441.11880505084991,
    441.41891705989838,
    441.72004008293152,
    442.02071309089661,
    442.40735697746277,
    442.72267603874207,
    443.02388799190521,
    443.32438099384308,
    443.62453603744507,
    443.92563605308533,
    444.22651708126068,
    444.64061605930328,
    444.94335508346558,
    445.24603307247162,
    445.54679501056671,
    445.86232006549835,
    446.1651200056076,
    446.47725307941437,
    446.88645803928375,
    447.20179998874664,
    447.51801908016205,
    447.81940901279449,
    448.13612806797028,
    448.43745601177216,
    448.73926603794098,
    449.12156903743744,
    449.42405104637146,
    449.72430002689362,
    450.03991901874542,
    450.34246206283569,
    450.64420700073242,
    450.94540202617645,
    451.35427105426788,
    451.66195201873779,
    451.9643679857254,
    452.28172600269318,
    452.59899997711182,
    452.90014505386353,
    453.21713304519653,
    453.58878207206726,
    453.90261006355286,
    454.20358204841614,
    454.5042849779129,
    454.82024800777435,
    455.12129497528076,
    455.42159307003021,
    455.83872306346893,
    456.14066302776337,
    456.4415580034256,
    456.7436980009079,
    457.05931305885315,
    457.36131203174591,
    457.67798507213593,
    458.0782390832901,
    458.37929904460907,
    458.68174707889557,
    458.99834001064301,
    459.29857802391052,
    459.59973907470703,
    459.90041708946228,
    460.31242406368256,
    460.66674506664276,
    460.9692850112915,
    461.27065598964691,
    461.57110404968262,
    461.87229907512665,
    462.17422902584076,
    462.55181205272675,
    462.85932803153992,
    463.17646706104279,
    463.49980807304382,
    463.81033003330231,
    464.1117080450058,
    464.41179299354553,
    464.7929869890213,
    465.09725308418274,
    465.39809203147888,
    465.69899904727936,
    465.99935507774353,
    466.30149304866791,
    466.61899697780609,
    467.03891003131866,
    467.35404205322266,
    467.65421605110168,
    467.95475697517395,
    468.25530505180359,
    468.55651104450226,
    468.85771298408508,
    469.15849101543427,
    469.45949101448059,
    469.77673208713531,
    470.07821202278137,
    470.42723107337952,
    470.72862303256989,
    471.02944505214691,
    471.33175098896027,
    471.64766705036163,
    471.94880998134613,
    472.24953007698059,
    472.65735697746277,
    472.96800208091736,
    473.27013504505157,
    473.58705699443817,
    473.90373599529266,
    474.20459008216858,
    474.50599098205566,
    474.91143298149109,
    475.22423601150513,
    475.52471804618835,
    475.82691407203674,
    476.14383506774902,
    476.44432103633881,
    476.74602806568146,
    477.15803098678589,
    477.46428108215332,
    477.78233408927917,
    478.11213397979736,
    478.41577100753784,
    478.7175760269165,
    479.01770305633545,
    479.40663397312164,
    479.71957898139954,
    480.02177798748016,
    480.33874797821045,
    480.65618503093719,
    480.97077608108521,
    481.27357399463654,
    481.63310599327087,
    481.94175899028778,
    482.24373602867126,
    482.54436206817627,
    482.84502005577087,
    483.14673602581024,
    483.44677400588989,
    483.74777901172638,
    484.04839706420898,
    484.36500406265259,
    484.66735804080963,
    485.00696897506714,
    485.31763398647308,
    485.62006008625031,
    485.93642807006836,
    486.23646903038025,
    486.53751707077026,
    486.83877205848694,
    487.2491420507431,
    487.55690503120422,
    487.85786604881287,
    488.15866708755493,
    488.45890200138092,
    488.75971305370331,
    489.06082904338837,
    489.47362005710602,
    489.78049302101135,
    490.09751605987549,
    490.39760708808899,
    490.69804298877716,
    490.99904501438141,
    491.29983806610107,
    491.71097707748413,
    492.01831102371216,
    492.32002806663513,
    492.62032604217529,
    492.93801498413086,
    493.25525200366974,
    493.57246398925781,
    493.95437598228455,
    494.25686705112457,
    494.55818200111389,
    494.85865104198456,
    495.15922904014587,
    495.45985198020935,
    495.76121807098389,
    496.06223201751709,
    496.36319303512573,
    496.66428601741791,
    496.96445608139038,
    497.31259107589722,
    497.61693108081818,
    497.91720902919769,
    498.21865200996399,
    498.53471505641937,
    498.83704698085785,
    499.13711106777191,
    499.52876698970795,
    499.84930908679962,
    500.156947016716,
    500.47473800182343,
    500.79066002368927,
    501.09278607368469,
    501.45349204540253,
    501.76574897766113,
    502.07718205451965,
    502.37821507453918,
    502.67929601669312,
    502.99602603912354,
    503.29739308357239,
    503.59963500499725,
    504.00970697402954,
    504.31647002696991,
    504.61856603622437,
    504.94758498668671,
    505.25307607650757,
    505.55410504341125,
    505.87169802188873,
    506.25532805919647,
    506.55629408359528,
    506.87400698661804,
    507.17517101764679,
    507.49097001552582,
    507.79335904121399,
    508.09406101703644,
    508.48302900791168,
    508.79611599445343,
    509.09659802913666,
    509.39796900749207,
    509.71343898773193,
    510.02986907958984,
    510.33251905441284,
    510.73123705387115,
    511.03461408615112,
    511.35113608837128,
    511.65166699886322,
    511.95231902599335,
    512.25316905975342,
    512.55409204959869,
    512.95798599720001,
    513.27309501171112,
    513.57456505298615,
    513.87472605705261,
    514.17585098743439,
    514.47590601444244,
    514.77635204792023,
    515.07838404178619,
    515.37892997264862,
    515.67914402484894,
    515.97948706150055,
    516.32165706157684,
    516.63237702846527,
    516.94903707504272,
    517.24974703788757,
    517.56677103042603,
    517.86787605285645,
    518.16885006427765,
    518.56676805019379,
    518.86986005306244,
    519.17140507698059,
    519.47216904163361,
    519.77220797538757,
    520.07438397407532,
    520.3916620016098,
    520.80180704593658,
    521.11044204235077,
    521.42717802524567,
    521.72762608528137,
    522.02794599533081,
    522.32906305789948,
    522.63086998462677,
    523.03771007061005,
    523.34961009025574,
    523.65060698986053,
    523.96775305271149,
    524.28393805027008,
    524.58687603473663,
    524.90318202972412,
    525.28134202957153,
    525.58865106105804,
    525.90500700473785,
    526.20728099346161,
    526.52407598495483,
    526.84084403514862,
    527.14275598526001,
    527.52388203144073,
    527.82645106315613,
    528.12882101535797,
    528.42945897579193,
    528.7469140291214,
    529.04728400707245,
    529.36356806755066,
    529.75962507724762,
    530.06713402271271,
    530.3674510717392,
    530.6675820350647,
    530.98506999015808,
    531.28690803050995,
    531.5871080160141,
    531.99998998641968,
    532.30471003055573,
    532.60743999481201,
    532.90793704986572,
    533.22315204143524,
    533.52440297603607,
    533.8252819776535,
    534.24184501171112,
    534.54419708251953,
    534.85722506046295,
    535.16235303878784,
    535.48022699356079,
    535.79717206954956,
    536.09859204292297,
    536.47190499305725,
    536.78297507762909,
    537.08445906639099,
    537.38497006893158,
    537.70143508911133,
    538.00253403186798,
    538.30387401580811,
    538.71169602870941,
    539.02147507667542,
    539.32255601882935,
    539.62266802787781,
    539.92396008968353,
    540.22459006309509,
    540.52677202224731,
    540.95667505264282,
    541.25967001914978,
    541.56088805198669,
    541.86282098293304,
    542.17872500419617,
    542.47991108894348,
    542.78122901916504,
    543.1908050775528,
    543.49873805046082,
    543.79949104785919,
    544.10115003585815,
    544.41760003566742,
    544.71857798099518,
    545.02051198482513,
    545.42376601696014,
    545.73802697658539,
    546.03869307041168,
    546.33950304985046,
    546.63954401016235,
    546.94252800941467,
    547.24309599399567,
    547.65082705020905,
    547.95982897281647,
    548.26078200340271,
    548.56122899055481,
    548.8782160282135,
    549.17987108230591,
    549.4809250831604,
    549.88671803474426,
    550.20009207725525,
    550.51198399066925,
    550.81764805316925,
    551.13532900810242,
    551.43598997592926,
    551.73615801334381,
    552.13198304176331,
    552.43777406215668,
    552.73847508430481,
    553.03915798664093,
    553.34023499488831,
    553.64177298545837,
    553.9417849779129,
    554.36376202106476,
    554.67676198482513,
    554.97711706161499,
    555.27811503410339,
    555.57819700241089,
    555.87942206859589,
    556.1801689863205,
    556.48172307014465,
    556.79816901683807,
    557.10032105445862,
    557.40218198299408,
    557.73244404792786,
    558.03434503078461,
    558.33677899837494,
    558.63737201690674,
    558.93742299079895,
    559.23770105838776,
    559.5388240814209,
    559.84028899669647,
    560.15663206577301,
    560.45727407932281,
    560.75919997692108,
    561.09034705162048,
    561.39276707172394,
    561.6961350440979,
    562.01102209091187,
    562.31142699718475,
    562.61217308044434,
    562.91438806056976,
    563.32857704162598,
    563.63242506980896,
    563.94898808002472,
    564.25001299381256,
    564.56633698940277,
    564.86775398254395,
    565.16842198371887,
    565.46923506259918,
    565.78633499145508,
    566.08739697933197,
    566.38921308517456,
    566.70723307132721,
    567.02367806434631,
    567.32417500019073,
    567.62445306777954,
    567.92618405818939,
    568.22633504867554,
    568.52720201015472,
    568.93206298351288,
    569.24633800983429,
    569.56325006484985,
    569.86383008956909,
    570.17139804363251,
    570.48108506202698,
    570.782271027565,
    571.18275904655457,
    571.48423099517822,
    571.79300701618195,
    572.09363508224487,
    572.39365303516388,
    572.69494199752808,
    572.99595403671265,
    573.30497908592224,
    573.61540102958679,
    573.92380702495575,
    574.23873400688171,
    574.54516208171844,
    574.85917007923126,
    575.17709803581238,
    575.49429798126221,
    575.81129598617554,
    576.11249399185181,
    576.4126170873642,
    576.79137599468231,
    577.09770202636719,
    577.39770698547363,
    577.69968700408936,
    578.01515007019043
  ],
  "geoLocationAlignmentAttempts" : [

  ],
  "savedRouteGeospatialLocations" : [
    {
      "heading" : 96.191998906777229,
      "horizontalUncertainty" : 9.6514705140059451,
      "GARAnchorUUID" : "0C3BD394-4F2D-4B40-AD1A-82625BAE5B29",
      "altitude" : 26.628448657691479,
      "headingUncertainty" : 5.0838727259327356,
      "geoAnchorTransform" : [
        -0.88212400674819946,
        -1.9107147863905993e-08,
        0.47101718187332153,
        0,
        -2.5470967557339463e-08,
        1,
        -7.136481627867397e-09,
        0,
        -0.47101718187332153,
        -1.8292524828211754e-08,
        -0.88212400674819946,
        0,
        -0.36885982751846313,
        -0.12970069050788879,
        0.029834160581231117,
        1
      ],
      "latitude" : 42.293924668743749,
      "longitude" : -71.263683631321882,
      "altitudeUncertainty" : 1.7904211723519885
    },
    {
      "horizontalUncertainty" : 9.6375088113054002,
      "longitude" : -71.263683452779603,
      "GARAnchorUUID" : "1B77F62D-FBBC-46E4-85B3-7805E55C08F5",
      "altitudeUncertainty" : 1.788613319668992,
      "geoAnchorTransform" : [
        -0.82259654998779297,
        -3.374037937931007e-09,
        0.56862545013427734,
        0,
        -6.9795005330774984e-09,
        1,
        -4.1631538216790887e-09,
        0,
        -0.56862545013427734,
        -7.3933175137597118e-09,
        -0.82259654998779297,
        0,
        -0.37201845645904541,
        -0.12942539155483246,
        0.013207080774009228,
        1
      ],
      "heading" : 89.644934607188731,
      "latitude" : 42.293924645316231,
      "headingUncertainty" : 5.0871683095301305,
      "altitude" : 26.628135660663247
    },
    {
      "headingUncertainty" : 5.0853383573404241,
      "geoAnchorTransform" : [
        -0.93439501523971558,
        1.6433203242627314e-08,
        0.35623866319656372,
        0,
        1.7379193195665721e-08,
        1,
        -5.4506427149547676e-10,
        0,
        -0.35623866319656372,
        5.6818350024911979e-09,
        -0.93439501523971558,
        0,
        -0.21646729111671448,
        -0.13600808382034302,
        0.017730595543980598,
        1
      ],
      "GARAnchorUUID" : "DC256C0D-B6EC-4321-A8A4-49D9BF743912",
      "heading" : 103.42467316264573,
      "horizontalUncertainty" : 9.6911543747215774,
      "longitude" : -71.263684732343776,
      "altitudeUncertainty" : 1.7915738809522788,
      "latitude" : 42.293923456030548,
      "altitude" : 26.624530426226556
    },
    {
      "geoAnchorTransform" : [
        -0.96764516830444336,
        1.2600997578715578e-08,
        0.25231486558914185,
        0,
        1.3289336742161595e-08,
        1,
        1.0239783465593177e-09,
        0,
        -0.25231486558914185,
        4.3439452035443082e-09,
        -0.96764516830444336,
        0,
        -0.13438513875007629,
        -0.14268830418586731,
        0.02882993221282959,
        1
      ],
      "longitude" : -71.263687781944697,
      "altitude" : 26.681753342971206,
      "headingUncertainty" : 5.4749283989385393,
      "latitude" : 42.293921857303971,
      "altitudeUncertainty" : 1.9385876522201002,
      "heading" : 109.55271080648087,
      "horizontalUncertainty" : 10.513177439846951,
      "GARAnchorUUID" : "68B978A1-817C-49D3-AF2D-E3F6E74CCC26"
    },
    {
      "geoAnchorTransform" : [
        -0.99096083641052246,
        -9.7966662560011741e-11,
        0.13415168225765228,
        0,
        -2.6684776610608196e-10,
        1,
        -1.2409014926717532e-09,
        0,
        -0.13415168225765228,
        -1.2654828296376763e-09,
        -0.99096083641052246,
        0,
        -0.16332751512527466,
        -0.14148372411727905,
        0.015452406369149685,
        1
      ],
      "latitude" : 42.293921394160513,
      "longitude" : -71.263688853680307,
      "heading" : 116.37935229426743,
      "altitudeUncertainty" : 2.0331305250847413,
      "altitude" : 26.719409092329443,
      "horizontalUncertainty" : 10.972157179255397,
      "headingUncertainty" : 5.7415684834377094,
      "GARAnchorUUID" : "DC6E16AC-BCB2-43F0-AAAA-435EA91E4EB8"
    },
    {
      "heading" : 124.85329738764354,
      "geoAnchorTransform" : [
        -0.99990779161453247,
        3.1559848068241081e-09,
        -0.013579206541180611,
        0,
        3.192797803919234e-09,
        1,
        -2.689307221359627e-09,
        0,
        0.013579206541180611,
        -2.7324149609597725e-09,
        -0.99990779161453247,
        0,
        -0.13654807209968567,
        -0.14466547966003418,
        -0.0028272212948650122,
        1
      ],
      "headingUncertainty" : 5.7977958912623171,
      "longitude" : -71.263689157284304,
      "horizontalUncertainty" : 11.066263719018878,
      "altitudeUncertainty" : 2.0543482280619481,
      "latitude" : 42.293920981821095,
      "altitude" : 26.722506432794034,
      "GARAnchorUUID" : "431E49C5-CC7B-4B38-B5F1-7C622ADDA912"
    },
    {
      "GARAnchorUUID" : "BA2EF710-24F6-4D56-86ED-27C2EFD74C94",
      "altitude" : 26.715429999865592,
      "horizontalUncertainty" : 11.081248240936018,
      "longitude" : -71.26368948397058,
      "latitude" : 42.293919871835591,
      "headingUncertainty" : 5.8097969096194975,
      "altitudeUncertainty" : 2.0595254757203301,
      "geoAnchorTransform" : [
        -0.9935186505317688,
        1.3475336402279936e-08,
        -0.11366920173168182,
        0,
        1.4473445553164765e-08,
        1,
        -7.9555517729090752e-09,
        0,
        0.11366920173168182,
        -9.5491747842402219e-09,
        -0.9935186505317688,
        0,
        -0.023917460814118385,
        -0.15302431583404541,
        -0.053857631981372833,
        1
      ],
      "heading" : 130.61123145696735
    },
    {
      "headingUncertainty" : 5.8041942769238117,
      "latitude" : 42.293917809897806,
      "GARAnchorUUID" : "1052D8FA-416A-404B-953D-85F33CC9FA53",
      "altitudeUncertainty" : 2.0620458404912143,
      "horizontalUncertainty" : 11.071069212170604,
      "longitude" : -71.263686972933101,
      "altitude" : 26.67932989820838,
      "heading" : 131.73245186196948,
      "geoAnchorTransform" : [
        -0.99111145734786987,
        9.1504510635331826e-09,
        -0.13303393125534058,
        0,
        1.4789091729028314e-08,
        1,
        -4.1396855721131942e-08,
        0,
        0.13303393125534058,
        -4.2996351368174146e-08,
        -0.99111145734786987,
        0,
        0.051826901733875275,
        -0.18761228024959564,
        -0.35528653860092163,
        1
      ]
    },
    {
      "altitudeUncertainty" : 2.0620605884499836,
      "latitude" : 42.293915278411674,
      "altitude" : 26.695776789449155,
      "heading" : 133.8014540325764,
      "horizontalUncertainty" : 11.045551877813882,
      "headingUncertainty" : 5.7755319794429685,
      "geoAnchorTransform" : [
        -0.98567867279052734,
        5.2530251259952365e-09,
        -0.16863442957401276,
        0,
        1.5745481363182989e-08,
        1,
        -6.0882939578732476e-08,
        0,
        0.16863442957401276,
        -6.266624552608846e-08,
        -0.98567867279052734,
        0,
        0.13694128394126892,
        -0.16931462287902832,
        -0.73947036266326904,
        1
      ],
      "longitude" : -71.263683674582254,
      "GARAnchorUUID" : "F6D02930-F635-46D6-B31C-91580134433E"
    },
    {
      "latitude" : 42.293911207808755,
      "headingUncertainty" : 5.7316374415227456,
      "heading" : 125.44799746884551,
      "altitudeUncertainty" : 2.0571300575764888,
      "altitude" : 26.71381694637239,
      "GARAnchorUUID" : "3CC07F0E-1D8E-4410-8886-4051C8A06CD2",
      "geoAnchorTransform" : [
        -0.99972087144851685,
        2.5172415263341463e-08,
        -0.023625124245882034,
        0,
        2.706473800628828e-08,
        1,
        -7.9778118333706516e-08,
        0,
        0.023625124245882034,
        -8.0395260226850951e-08,
        -0.99972087144851685,
        0,
        0.32766669988632202,
        -0.14956800639629364,
        -1.2796740531921387,
        1
      ],
      "horizontalUncertainty" : 10.997129249137956,
      "longitude" : -71.263679487847895
    },
    {
      "longitude" : -71.263674248251846,
      "heading" : 118.4489420799719,
      "altitude" : 26.714419584721327,
      "headingUncertainty" : 5.6761820833487997,
      "GARAnchorUUID" : "5AF730CA-321C-4198-8A07-B9BBCE807DDD",
      "altitudeUncertainty" : 2.0485717372289445,
      "horizontalUncertainty" : 10.935949199700307,
      "geoAnchorTransform" : [
        -0.99514728784561157,
        3.3775084062881433e-08,
        0.098396822810173035,
        0,
        2.398002152403933e-08,
        1,
        -1.0072918144032883e-07,
        0,
        -0.098396822810173035,
        -9.7880807459205244e-08,
        -0.99514728784561157,
        0,
        0.44581061601638794,
        -0.146821528673172,
        -1.8721497058868408,
        1
      ],
      "latitude" : 42.293907427798565
    },
    {
      "horizontalUncertainty" : 10.873078485110968,
      "GARAnchorUUID" : "02DA33C2-2ED0-4385-92FD-F0F712C7CA39",
      "geoAnchorTransform" : [
        -0.98442733287811279,
        4.5272226856241105e-08,
        0.1757921427488327,
        0,
        2.6900147886976811e-08,
        1,
        -1.0689321072732128e-07,
        0,
        -0.1757921427488327,
        -1.0049976140180661e-07,
        -0.98442733287811279,
        0,
        0.60964077711105347,
        -0.15988042950630188,
        -2.4807679653167725,
        1
      ],
      "altitudeUncertainty" : 2.0385684538022359,
      "longitude" : -71.263669182603479,
      "heading" : 113.98237996754139,
      "altitude" : 26.699174794368446,
      "headingUncertainty" : 5.6095781154898612,
      "latitude" : 42.293903230783449
    },
    {
      "altitude" : 26.676880988292396,
      "geoAnchorTransform" : [
        -0.9957701563835144,
        3.5226054961867703e-08,
        0.091879330575466156,
        0,
        2.5390985314288628e-08,
        1,
        -1.0821226226198633e-07,
        0,
        -0.091879330575466156,
        -1.0542163408899796e-07,
        -0.9957701563835144,
        0,
        0.74302339553833008,
        -0.1793958991765976,
        -3.0520832538604736,
        1
      ],
      "latitude" : 42.293899434527958,
      "horizontalUncertainty" : 10.821647175153851,
      "longitude" : -71.263664298303013,
      "headingUncertainty" : 5.5443904373146298,
      "GARAnchorUUID" : "F20940FD-D21D-438E-AD13-C17990AAD4A1",
      "heading" : 118.85060593408241,
      "altitudeUncertainty" : 2.029795147470479
    },
    {
      "altitudeUncertainty" : 2.0223758855104466,
      "geoAnchorTransform" : [
        -0.98234772682189941,
        4.2718266257679716e-08,
        0.18706385791301727,
        0,
        2.2382183217928286e-08,
        1,
        -1.1082406814466594e-07,
        0,
        -0.18706385791301727,
        -1.0468087197068598e-07,
        -0.98234772682189941,
        0,
        0.85529017448425293,
        -0.17999961972236633,
        -3.6347548961639404,
        1
      ],
      "heading" : 113.3593221614796,
      "headingUncertainty" : 5.4889484031997684,
      "GARAnchorUUID" : "2DF0497B-12BD-4736-9A9F-9232CBA59169",
      "horizontalUncertainty" : 10.764568553135046,
      "longitude" : -71.263659135267233,
      "altitude" : 26.671820520423353,
      "latitude" : 42.29389575182902
    },
    {
      "horizontalUncertainty" : 10.654592653543615,
      "headingUncertainty" : 5.3969773567437249,
      "altitude" : 26.67784165032208,
      "GARAnchorUUID" : "4263ADE1-5E03-484B-A1CD-A8923744B7D2",
      "geoAnchorTransform" : [
        -0.95638704299926758,
        4.422129507020145e-08,
        0.29210233688354492,
        0,
        1.5171472966812871e-08,
        1,
        -1.0171604003517132e-07,
        0,
        -0.29210233688354492,
        -9.284828195177397e-08,
        -0.95638704299926758,
        0,
        0.92971384525299072,
        -0.16673700511455536,
        -4.2117180824279785,
        1
      ],
      "longitude" : -71.263653683621911,
      "heading" : 107.18705623580173,
      "latitude" : 42.293892455668612,
      "altitudeUncertainty" : 2.0016826501473881
    },
    {
      "latitude" : 42.29388970001466,
      "longitude" : -71.263650460497146,
      "altitudeUncertainty" : 2.0637440180812345,
      "headingUncertainty" : 5.438270095228801,
      "heading" : 107.61642417844908,
      "GARAnchorUUID" : "5E97FA4A-EBD0-4B8D-B41D-5A33FDDA5EE7",
      "altitude" : 26.728819854557514,
      "horizontalUncertainty" : 11.086873218383861,
      "geoAnchorTransform" : [
        -0.95861369371414185,
        2.5747038279178014e-08,
        0.28471004962921143,
        0,
        4.1003551665141913e-09,
        1,
        -7.6626662348644459e-08,
        0,
        -0.28471004962921143,
        -7.2287953400973493e-08,
        -0.95861369371414185,
        0,
        0.93482005596160889,
        -0.14716145396232605,
        -4.6714596748352051,
        1
      ]
    },
    {
      "longitude" : -71.263656662701536,
      "horizontalUncertainty" : 13.560114472180569,
      "altitudeUncertainty" : 2.4638830602119564,
      "latitude" : 42.293886708521157,
      "heading" : 99.420718150760678,
      "headingUncertainty" : 6.0937005259868098,
      "altitude" : 26.942570170387626,
      "GARAnchorUUID" : "3259367F-2E88-48DE-90EF-85AA8074E253",
      "geoAnchorTransform" : [
        -0.90974694490432739,
        2.2428201518209789e-08,
        0.41516318917274475,
        0,
        2.0305421788435751e-09,
        1,
        -4.9573088745091809e-08,
        0,
        -0.41516318917274475,
        -4.4255962450279185e-08,
        -0.90974694490432739,
        0,
        0.9394112229347229,
        -0.15052434802055359,
        -4.9494667053222656,
        1
      ]
    },
    {
      "headingUncertainty" : 6.4303872156049025,
      "horizontalUncertainty" : 14.580751634754396,
      "GARAnchorUUID" : "EB6D7C04-1EE1-4233-A541-9AB05CB165BC",
      "heading" : 97.443167794742635,
      "altitude" : 27.022730649448931,
      "latitude" : 42.293885524751346,
      "longitude" : -71.263659459984254,
      "altitudeUncertainty" : 2.6435602973977717,
      "geoAnchorTransform" : [
        -0.89559614658355713,
        1.2488358791529208e-08,
        0.44486802816390991,
        0,
        -1.5855596835478991e-09,
        1,
        -3.1264058009128348e-08,
        0,
        -0.44486802816390991,
        -2.8705334997880527e-08,
        -0.89559614658355713,
        0,
        0.92126685380935669,
        -0.17135436832904816,
        -5.0803098678588867,
        1
      ]
    },
    {
      "headingUncertainty" : 6.4838323734547147,
      "altitudeUncertainty" : 2.6790322437064975,
      "geoAnchorTransform" : [
        -0.93215900659561157,
        6.6708851775842959e-09,
        0.36204922199249268,
        0,
        3.3731090143263032e-10,
        1,
        -1.7556889275738286e-08,
        0,
        -0.36204922199249268,
        -1.624368906050222e-08,
        -0.93215900659561157,
        0,
        0.93121778964996338,
        -0.18825879693031311,
        -5.1572813987731934,
        1
      ],
      "longitude" : -71.263659659355127,
      "horizontalUncertainty" : 14.772866833564208,
      "heading" : 102.63429958959399,
      "latitude" : 42.293884964967035,
      "GARAnchorUUID" : "6A6F0DAE-9DD7-4913-A480-F73B46C44B2D",
      "altitude" : 27.026855568401515
    },
    {
      "latitude" : 42.293884039560112,
      "longitude" : -71.263656988041149,
      "heading" : 99.971262021014979,
      "altitudeUncertainty" : 2.6827770648108955,
      "geoAnchorTransform" : [
        -0.91416680812835693,
        1.1222486939743703e-08,
        0.40533819794654846,
        0,
        -4.1401260197915235e-09,
        1,
        -3.7024030064003455e-08,
        0,
        -0.40533819794654846,
        -3.552429106434829e-08,
        -0.91416680812835693,
        0,
        0.8908684253692627,
        -0.23793430626392365,
        -5.4055957794189453,
        1
      ],
      "headingUncertainty" : 6.4772009404925823,
      "GARAnchorUUID" : "459A592D-B2B8-412A-BCF8-1485DEB0B944",
      "altitude" : 26.978590277023613,
      "horizontalUncertainty" : 14.776672381103673
    },
    {
      "GARAnchorUUID" : "72C32110-685D-456B-A303-1F6838C380FF",
      "horizontalUncertainty" : 14.741135399612109,
      "altitudeUncertainty" : 2.6799027939307294,
      "heading" : 93.939122659999072,
      "geoAnchorTransform" : [
        -0.86644059419631958,
        3.0452202537389894e-08,
        0.49928018450737,
        0,
        9.1651958245009268e-10,
        1,
        -5.9401699559202825e-08,
        0,
        -0.49928018450737,
        -5.1010445645260916e-08,
        -0.86644059419631958,
        0,
        0.88182687759399414,
        -0.2030378133058548,
        -5.816373348236084,
        1
      ],
      "headingUncertainty" : 6.4646230333424954,
      "altitude" : 27.011700698174536,
      "latitude" : 42.293882100144344,
      "longitude" : -71.263652749215083
    },
    {
      "GARAnchorUUID" : "662848B3-A6F5-495F-AD32-F659F26477E6",
      "latitude" : 42.29387759048501,
      "longitude" : -71.263648639466226,
      "altitudeUncertainty" : 2.6694927713652019,
      "geoAnchorTransform" : [
        -0.95728009939193726,
        5.6629804845442777e-08,
        0.28916224837303162,
        0,
        3.3685878975120431e-08,
        1,
        -8.4322849147611123e-08,
        0,
        -0.28916224837303162,
        -7.0979901067858009e-08,
        -0.95728009939193726,
        0,
        1.1299643516540527,
        -0.19646711647510529,
        -6.3736653327941895,
        1
      ],
      "altitude" : 27.011153494939208,
      "headingUncertainty" : 6.4132424403914667,
      "heading" : 107.1061922900722,
      "horizontalUncertainty" : 14.664308594672447
    },
    {
      "geoAnchorTransform" : [
        -0.9946897029876709,
        3.8240752786578014e-08,
        -0.10291945189237595,
        0,
        4.8315811795873742e-08,
        1,
        -9.5399698807341338e-08,
        0,
        0.10291945189237595,
        -9.9865737013260514e-08,
        -0.9946897029876709,
        0,
        1.4259243011474609,
        -0.2055637389421463,
        -6.9167637825012207,
        1
      ],
      "altitude" : 26.990284294821322,
      "heading" : 129.87198543787974,
      "altitudeUncertainty" : 2.6530336854514833,
      "longitude" : -71.263644912453827,
      "headingUncertainty" : 6.3199901707700876,
      "GARAnchorUUID" : "4455372E-1DBB-4891-BEC3-312733095B47",
      "latitude" : 42.293872864816628,
      "horizontalUncertainty" : 14.55624997236254
    },
    {
      "headingUncertainty" : 6.2057872815022543,
      "GARAnchorUUID" : "80506790-C6DB-40BD-AAEC-2FBB1F469242",
      "geoAnchorTransform" : [
        -0.96217787265777588,
        3.4952318372916125e-08,
        -0.27242201566696167,
        0,
        6.0924648437321594e-08,
        1,
        -8.6880021399338148e-08,
        0,
        0.27242201566696167,
        -1.0019125085136693e-07,
        -0.96217787265777588,
        0,
        1.7903540134429932,
        -0.21901287138462067,
        -7.3547039031982422,
        1
      ],
      "altitude" : 26.960938222706318,
      "horizontalUncertainty" : 14.423406379543545,
      "heading" : 139.83996583793612,
      "altitudeUncertainty" : 2.6319190134193935,
      "latitude" : 42.293868187739257,
      "longitude" : -71.263642633500353
    },
    {
      "headingUncertainty" : 6.0934145276231444,
      "latitude" : 42.293863223700143,
      "geoAnchorTransform" : [
        -0.8486369252204895,
        2.4830457689972718e-08,
        -0.52897578477859497,
        0,
        7.4440904995753954e-08,
        1,
        -7.2485065061300702e-08,
        0,
        0.52897578477859497,
        -1.0089093649412462e-07,
        -0.8486369252204895,
        0,
        2.2443943023681641,
        -0.21238793432712555,
        -7.715369701385498,
        1
      ],
      "longitude" : -71.263641741544021,
      "horizontalUncertainty" : 14.289918430580384,
      "heading" : 156.03748813952504,
      "altitudeUncertainty" : 2.6098634083160861,
      "altitude" : 26.951994044706225,
      "GARAnchorUUID" : "04390C8E-51A5-47D5-8909-A41F591E3D43"
    },
    {
      "altitudeUncertainty" : 2.5915591032827874,
      "altitude" : 26.972655626945198,
      "geoAnchorTransform" : [
        -0.72364753484725952,
        1.0170447595214682e-08,
        -0.69016969203948975,
        0,
        7.3915543907787651e-08,
        1,
        -6.2764790698111028e-08,
        0,
        0.69016969203948975,
        -9.6433851126676018e-08,
        -0.72364753484725952,
        0,
        2.6561212539672852,
        -0.17930924892425537,
        -8.0658960342407227,
        1
      ],
      "headingUncertainty" : 5.9968263125938979,
      "GARAnchorUUID" : "37E82B5C-D28D-45CF-B2B9-96EF0384CCD7",
      "latitude" : 42.293858592442056,
      "longitude" : -71.263640697098523,
      "heading" : 167.79464850671275,
      "horizontalUncertainty" : 14.167901657558218
    },
    {
      "headingUncertainty" : 5.937912255739497,
      "latitude" : 42.29385391310084,
      "horizontalUncertainty" : 14.09673358615696,
      "altitude" : 26.980979491025209,
      "GARAnchorUUID" : "C2C8D291-F489-4030-B437-3DF85961AC2E",
      "longitude" : -71.263641826577114,
      "geoAnchorTransform" : [
        -0.71720480918884277,
        3.0736110545603879e-08,
        -0.69686239957809448,
        0,
        8.3501070946567779e-08,
        1,
        -4.1832155517340652e-08,
        0,
        0.69686239957809448,
        -8.819097985224289e-08,
        -0.71720480918884277,
        0,
        3.1599318981170654,
        -0.16198532283306122,
        -8.2745361328125,
        1
      ],
      "altitudeUncertainty" : 2.5814077113720586,
      "heading" : 168.3384137005043
    },
    {
      "horizontalUncertainty" : 14.121891290184118,
      "geoAnchorTransform" : [
        -0.5564272403717041,
        1.9912244297870529e-08,
        -0.83089631795883179,
        0,
        8.8482551063862047e-08,
        1,
        -3.5289428268470147e-08,
        0,
        0.83089631795883179,
        -9.3155826164093014e-08,
        -0.5564272403717041,
        0,
        3.689119815826416,
        -0.1577167809009552,
        -8.4764575958251953,
        1
      ],
      "GARAnchorUUID" : "753CFC5B-0AD7-4033-81C6-128E91EB9C7C",
      "heading" : 180.32050067695116,
      "longitude" : -71.263643385363991,
      "altitude" : 26.985660909675062,
      "altitudeUncertainty" : 2.5859156645285788,
      "latitude" : 42.293848929600827,
      "headingUncertainty" : 5.9405173907113973
    },
    {
      "altitude" : 27.123266046866775,
      "heading" : 180.17899942475984,
      "latitude" : 42.293844143407867,
      "horizontalUncertainty" : 16.497776653787707,
      "longitude" : -71.263651336978384,
      "altitudeUncertainty" : 2.810011964309941,
      "headingUncertainty" : 6.2362550870495728,
      "GARAnchorUUID" : "A0161570-3D1D-4F6E-985D-B234AFA3125E",
      "geoAnchorTransform" : [
        -0.55599290132522583,
        3.1772572128829779e-08,
        -0.83118700981140137,
        0,
        8.6660087106338324e-08,
        1,
        -1.9742635970487754e-08,
        0,
        0.83118700981140137,
        -8.3007506646026741e-08,
        -0.55599290132522583,
        0,
        4.2304863929748535,
        -0.171396404504776,
        -8.5740880966186523,
        1
      ]
    },
    {
      "altitude" : 27.698632868938148,
      "GARAnchorUUID" : "B4F2F1BE-2CFC-4D83-BC41-0DEBDD831830",
      "geoAnchorTransform" : [
        -0.22340238094329834,
        1.6556523263488998e-08,
        -0.97472631931304932,
        0,
        7.5379119834906305e-08,
        1,
        -2.9069838203277243e-10,
        0,
        0.97472631931304932,
        -7.3538956257834798e-08,
        -0.22340238094329834,
        0,
        4.7466001510620117,
        -0.193012535572052,
        -8.5280141830444336,
        1
      ],
      "altitudeUncertainty" : 3.4901026416405356,
      "headingUncertainty" : 7.5797433116826136,
      "latitude" : 42.293836494758636,
      "heading" : 200.50462566328139,
      "horizontalUncertainty" : 20.346499059773677,
      "longitude" : -71.263680676930591
    },
    {
      "geoAnchorTransform" : [
        0.063048653304576874,
        8.8370786244240662e-09,
        -0.99801045656204224,
        0,
        8.3360497171725001e-08,
        1,
        1.4120939972883662e-08,
        0,
        0.99801045656204224,
        -8.4084952334251284e-08,
        0.063048653304576874,
        0,
        5.2382712364196777,
        -0.1785234808921814,
        -8.4181900024414062,
        1
      ],
      "GARAnchorUUID" : "525DC99F-D9A5-4A96-A977-ED5FECB16C34",
      "horizontalUncertainty" : 21.378623733167586,
      "latitude" : 42.293831964060736,
      "altitude" : 27.904230347834527,
      "altitudeUncertainty" : 3.6910673748162344,
      "heading" : 216.80825986874561,
      "headingUncertainty" : 8.0570875697802204,
      "longitude" : -71.263693135031644
    },
    {
      "horizontalUncertainty" : 21.666159672387959,
      "GARAnchorUUID" : "74DEEFFF-D1D4-410B-98D0-74BC378CC38E",
      "altitudeUncertainty" : 3.7422995514564046,
      "altitude" : 27.968410245142877,
      "headingUncertainty" : 8.2012043349182751,
      "geoAnchorTransform" : [
        0.20884692668914795,
        2.6265404073910759e-08,
        -0.97794836759567261,
        0,
        7.7494952677170659e-08,
        1,
        4.3407187177990636e-08,
        0,
        0.97794836759567261,
        -8.4851521364726068e-08,
        0.20884692668914795,
        0,
        5.7078390121459961,
        -0.17033968865871429,
        -8.099909782409668,
        1
      ],
      "heading" : 225.12256184529042,
      "latitude" : 42.293829551231283,
      "longitude" : -71.263701540444316
    },
    {
      "horizontalUncertainty" : 21.84938456601969,
      "GARAnchorUUID" : "BA35A497-15D4-4866-99F3-D674268F568D",
      "altitude" : 28.014331291429698,
      "geoAnchorTransform" : [
        0.57689493894577026,
        1.4481199350768748e-08,
        -0.81681835651397705,
        0,
        6.8473013925540727e-08,
        1,
        6.6089270944758027e-08,
        0,
        0.81681835651397705,
        -9.4056574084788735e-08,
        0.57689493894577026,
        0,
        6.1045722961425781,
        -0.16046127676963806,
        -7.6874380111694336,
        1
      ],
      "heading" : 248.16097240320664,
      "headingUncertainty" : 8.3009170246466866,
      "latitude" : 42.293828191958546,
      "longitude" : -71.263709375008531,
      "altitudeUncertainty" : 3.7702109975207097
    },
    {
      "altitude" : 28.030082197859883,
      "horizontalUncertainty" : 22.020215641486416,
      "GARAnchorUUID" : "3800EA6A-CF5B-41FE-B350-7A4D97D721F2",
      "headingUncertainty" : 8.3883181997145702,
      "geoAnchorTransform" : [
        0.6765207052230835,
        3.2386896720026925e-08,
        -0.73642361164093018,
        0,
        4.7450829043782505e-08,
        1,
        8.7569652862384828e-08,
        0,
        0.73642361164093018,
        -9.4186589194578119e-08,
        0.6765207052230835,
        0,
        6.3198137283325195,
        -0.17480923235416412,
        -7.1628904342651367,
        1
      ],
      "latitude" : 42.293828708644114,
      "longitude" : -71.263716983509426,
      "heading" : 255.35426632400038,
      "altitudeUncertainty" : 3.7913408012875052
    },
    {
      "geoAnchorTransform" : [
        0.85648906230926514,
        1.8144801217090389e-08,
        -0.51616513729095459,
        0,
        3.6119651269927999e-08,
        1,
        9.5087564488949283e-08,
        0,
        0.51616513729095459,
        -1.0008516682091795e-07,
        0.85648906230926514,
        0,
        6.4979963302612305,
        -0.19158476591110229,
        -6.627601146697998,
        1
      ],
      "headingUncertainty" : 8.4712080153256721,
      "heading" : 271.56132676225388,
