{
  "cloudAnchorsForAlignment" : [
    {
      "cloudAnchorID" : "ua-b4ba78ba003a6b38000ed2305112a4d6",
      "anchorTransform" : [
        0.5786857008934021,
        2.9181343563777773e-08,
        -0.81555062532424927,
        0,
        5.3329173965721566e-08,
        1,
        7.3621635010567843e-08,
        0,
        0.81555062532424927,
        -8.6096434870341909e-08,
        0.5786857008934021,
        0,
        20.795732498168945,
        -0.27189469337463379,
        24.236919403076172,
        1
      ],
      "anchorIdentifier" : "857D1936-0897-448D-96CC-E146EBB319C8"
    },
    {
      "anchorTransform" : [
        0.86147159337997437,
        1.5141992548706185e-08,
        -0.50780582427978516,
        0,
        2.4656282349155845e-08,
        1,
        7.1646837795924512e-08,
        0,
        0.50780582427978516,
        -7.4242315406536363e-08,
        0.86147159337997437,
        0,
        7.8382463455200195,
        -0.19182443618774414,
        -2.3003814220428467,
        1
      ],
      "cloudAnchorID" : "ua-b1d0bec23d972ceab385a4b4f7fef797",
      "anchorIdentifier" : "9C34E5D5-E47C-426A-A2C0-A457AC8EC76F"
    },
    {
      "anchorIdentifier" : "FAC29CF3-7FDA-4ADC-915D-3F55E01F7889",
      "cloudAnchorID" : "ua-28d55b908c9806eaa1500f7b76d82519",
      "anchorTransform" : [
        -0.82833594083786011,
        -3.900586520444449e-09,
        0.56023174524307251,
        0,
        -1.150440365194072e-08,
        1,
        -1.0047493503861915e-08,
        0,
        -0.56023174524307251,
        -1.4767832290374372e-08,
        -0.82833594083786011,
        0,
        -0.26912581920623779,
        -0.14164406061172485,
        0.021108783781528473,
        1
      ]
    },
    {
      "anchorIdentifier" : "B7886919-CBA5-423E-B2F9-6E08EE0BF4FD",
      "cloudAnchorID" : "ua-b4ba78ba003a6b38000ed2305112a4d6",
      "anchorTransform" : [
        0.5786857008934021,
        2.9181343563777773e-08,
        -0.81555062532424927,
        0,
        5.3329173965721566e-08,
        1,
        7.3621635010567843e-08,
        0,
        0.81555062532424927,
        -8.6096434870341909e-08,
        0.5786857008934021,
        0,
        20.795732498168945,
        -0.27189469337463379,
        24.236919403076172,
        1
      ]
    },
    {
      "anchorIdentifier" : "BDFA3FFC-66B2-4AD6-8009-EDEEFEF1256C",
      "cloudAnchorID" : "ua-b1d0bec23d972ceab385a4b4f7fef797",
      "anchorTransform" : [
        0.86147159337997437,
        1.5141992548706185e-08,
        -0.50780582427978516,
        0,
        2.4656282349155845e-08,
        1,
        7.1646837795924512e-08,
        0,
        0.50780582427978516,
        -7.4242315406536363e-08,
        0.86147159337997437,
        0,
        7.8382463455200195,
        -0.19182443618774414,
        -2.3003814220428467,
        1
      ]
    },
    {
      "cloudAnchorID" : "ua-28d55b908c9806eaa1500f7b76d82519",
      "anchorTransform" : [
        -0.82833594083786011,
        -3.900586520444449e-09,
        0.56023174524307251,
        0,
        -1.150440365194072e-08,
        1,
        -1.0047493503861915e-08,
        0,
        -0.56023174524307251,
        -1.4767832290374372e-08,
        -0.82833594083786011,
        0,
        -0.26912581920623779,
        -0.14164406061172485,
        0.021108783781528473,
        1
      ],
      "anchorIdentifier" : "66522FEC-2E64-4009-B6B7-B1A764078739"
    },
    {
      "anchorIdentifier" : "69FE3B2B-BD2D-4D0C-A78A-6072A9DD882B",
      "cloudAnchorID" : "ua-b4ba78ba003a6b38000ed2305112a4d6",
      "anchorTransform" : [
        0.5786857008934021,
        2.9181343563777773e-08,
        -0.81555062532424927,
        0,
        5.3329173965721566e-08,
        1,
        7.3621635010567843e-08,
        0,
        0.81555062532424927,
        -8.6096434870341909e-08,
        0.5786857008934021,
        0,
        20.795732498168945,
        -0.27189469337463379,
        24.236919403076172,
        1
      ]
    },
    {
      "anchorTransform" : [
        0.86147159337997437,
        1.5141992548706185e-08,
        -0.50780582427978516,
        0,
        2.4656282349155845e-08,
        1,
        7.1646837795924512e-08,
        0,
        0.50780582427978516,
        -7.4242315406536363e-08,
        0.86147159337997437,
        0,
        7.8382463455200195,
        -0.19182443618774414,
        -2.3003814220428467,
        1
      ],
      "cloudAnchorID" : "ua-b1d0bec23d972ceab385a4b4f7fef797",
      "anchorIdentifier" : "DE5089E3-EF20-4DC3-9680-CFB71FFA0CA9"
    },
    {
      "anchorTransform" : [
        -0.82833594083786011,
        -3.900586520444449e-09,
        0.56023174524307251,
        0,
        -1.150440365194072e-08,
        1,
        -1.0047493503861915e-08,
        0,
        -0.56023174524307251,
        -1.4767832290374372e-08,
        -0.82833594083786011,
        0,
        -0.26912581920623779,
        -0.14164406061172485,
        0.021108783781528473,
        1
      ],
      "cloudAnchorID" : "ua-28d55b908c9806eaa1500f7b76d82519",
      "anchorIdentifier" : "76A01929-9771-4315-83A2-7ED4CF0192DC"
    }
  ],
  "settingsHistory" : [
    {
      "filterGeoSpatial" : true,
      "localizationThreshold" : 0,
      "disableARWorldMap" : true,
      "defaultUnit" : 0,
      "relativeTimeStamp" : 0.18220603466033936,
      "sendLogs" : true,
      "adjustOffset" : true,
      "timerLength" : 5,
      "hapticFeedback" : true,
      "voiceFeedback" : true,
      "soundFeedback" : true,
      "defaultColor" : 0,
      "visualizeCloudAnchors" : true
    },
    {
      "timerLength" : 5,
      "hapticFeedback" : true,
      "soundFeedback" : true,
      "localizationThreshold" : 3,
      "defaultUnit" : 0,
      "defaultColor" : 0,
      "disableARWorldMap" : true,
      "filterGeoSpatial" : true,
      "adjustOffset" : true,
      "visualizeCloudAnchors" : true,
      "relativeTimeStamp" : 8.237388014793396,
      "voiceFeedback" : true,
      "sendLogs" : true
    },
    {
      "hapticFeedback" : true,
      "timerLength" : 5,
      "localizationThreshold" : 3,
      "defaultUnit" : 0,
      "adjustOffset" : true,
      "sendLogs" : true,
      "visualizeCloudAnchors" : true,
      "voiceFeedback" : true,
      "relativeTimeStamp" : 106.04265308380127,
      "filterGeoSpatial" : true,
      "soundFeedback" : true,
      "defaultColor" : 0,
      "disableARWorldMap" : true
    },
    {
      "localizationThreshold" : 0,
      "defaultUnit" : 0,
      "visualizeCloudAnchors" : true,
      "hapticFeedback" : true,
      "defaultColor" : 0,
      "voiceFeedback" : true,
      "soundFeedback" : true,
      "filterGeoSpatial" : true,
      "disableARWorldMap" : true,
      "timerLength" : 5,
      "sendLogs" : true,
      "adjustOffset" : true,
      "relativeTimeStamp" : 241.66327297687531
    },
    {
      "visualizeCloudAnchors" : true,
      "filterGeoSpatial" : true,
      "sendLogs" : true,
      "defaultColor" : 0,
      "hapticFeedback" : false,
      "timerLength" : 5,
      "disableARWorldMap" : true,
      "soundFeedback" : true,
      "defaultUnit" : 0,
      "localizationThreshold" : 0,
      "voiceFeedback" : true,
      "adjustOffset" : true,
      "relativeTimeStamp" : 360.08824098110199
    }
  ],
  "garAnchorTimestamps" : [
    273956.59755783301,
    273957.714788916,
    273958.832012375,
    273959.932565125,
    273961.03311675001,
    273962.15034237498,
    273963.26757008297,
    273964.38479533303,
    273965.51869454101,
    273966.63591979101,
    273967.75314400002,
    273968.87038029102,
    273969.98759883299,
    273971.10482241597,
    273972.22203904099,
    273973.35593587498,
    273974.47315766598,
    273975.59038383298,
    273976.70760554099,
    273977.82482808299,
    273978.94207770802,
    273980.05927033297,
    273981.193171083,
    273982.31038658298,
    273983.42761087499,
    273984.544830625,
    273985.67872533301,
    273986.79594849999,
    273987.92984404101,
    273989.06374141597,
    273990.180960375,
    273991.29818799999,
    273992.432076625,
    273993.54929595802,
    273994.66651687498,
    273995.78373483301,
    273996.91763308301,
    273998.05152270797,
    273999.15206595801,
    274000.26928291598,
    274001.38650541601,
    274002.5203945,
    274003.63761362497,
    274004.77150450001,
    274005.88872666599,
    274006.98926929099,
    274008.10650879098,
    274009.22370495799,
    274010.34092845803,
    274011.45813616598,
    274012.59203166602,
    274013.70924541599,
    274014.826461458,
    274015.94367829099,
    274017.04421883298,
    274018.16143525002,
    274019.27865158301,
    274020.41254737502,
    274021.529754041,
    274022.64697154099,
    274023.76418529102,
    274024.88139666599,
    274025.998612291,
    274027.115825666,
    274028.23304058303,
    274029.366927,
    274030.48414025002,
    274031.58468066598,
    274032.58516883297,
    274033.58565516601,
    274034.58614525001,
    274035.58663854102,
    274036.60379283299,
    274037.60428079101,
    274038.60476837499,
    274039.60525587498,
    274040.55571837502,
    274041.67292787501,
    274042.79013745801,
    274043.90734924999,
    274045.04123083298,
    274046.15843958303,
    274047.275649791,
    274048.39285829099,
    274049.51006541599,
    274050.62727987499,
    274051.76116104098,
    274052.87836866599,
    274053.99557733297,
    274055.11277875002,
    274056.22998775,
    274057.34719720797,
    274058.46439995797,
    274059.58160874998,
    274060.71548995801,
    274061.83269374998,
    274062.94990241597,
    274064.05043191602,
    274065.16764966602,
    274066.28484237503,
    274067.402044833,
    274068.519251875,
    274069.65312916599,
    274070.77033274999,
    274071.87086879101,
    274073.00474433298,
    274074.12195966602,
    274075.23914850003,
    274076.35635316599,
    274077.47356166597,
    274078.60743466602,
    274079.70796345797,
    274080.841842375,
    274081.95909812499,
    274083.10962554102,
    274084.226799166,
    274085.34400341602,
    274086.46120337502,
    274087.578411041,
    274088.695606708,
    274089.812808291,
    274090.94668341603,
    274092.06388083298,
    274093.18108495802,
    274094.29828049999,
    274095.43215495802
  ],
  "garAnchors" : [
    [
      {
        "hasValidTransform" : false,
        "identifier" : "69FE3B2B-BD2D-4D0C-A78A-6072A9DD882B",
        "cloudIdentifier" : "",
        "transform" : [
          1,
          0,
          0,
          0,
          0,
          1,
          0,
          0,
          0,
          0,
          1,
          0,
          0,
          0,
          0,
          1
        ]
      },
      {
        "hasValidTransform" : false,
        "identifier" : "DE5089E3-EF20-4DC3-9680-CFB71FFA0CA9",
        "cloudIdentifier" : "",
        "transform" : [
          1,
          0,
          0,
          0,
          0,
          1,
          0,
          0,
          0,
          0,
          1,
          0,
          0,
          0,
          0,
          1
        ]
      },
      {
        "cloudIdentifier" : "ua-28d55b908c9806eaa1500f7b76d82519",
        "identifier" : "76A01929-9771-4315-83A2-7ED4CF0192DC",
        "transform" : [
          -0.10751709342002869,
          -0.034499138593673706,
          -0.99360448122024536,
          0,
          0.014853334054350853,
          0.99923050403594971,
          -0.036301746964454651,
          0,
          0.99409228563308716,
          -0.018661398440599442,
          -0.10692193359136581,
          0,
          -4.6094841957092285,
          -0.044891972094774246,
          -0.81843680143356323,
          1
        ],
        "hasValidTransform" : true
      }
    ],
    [
      {
        "identifier" : "69FE3B2B-BD2D-4D0C-A78A-6072A9DD882B",
        "transform" : [
          1,
          0,
          0,
          0,
          0,
          1,
          0,
          0,
          0,
          0,
          1,
          0,
          0,
          0,
          0,
          1
        ],
        "hasValidTransform" : false,
        "cloudIdentifier" : ""
      },
      {
        "hasValidTransform" : false,
        "cloudIdentifier" : "",
        "identifier" : "DE5089E3-EF20-4DC3-9680-CFB71FFA0CA9",
        "transform" : [
          1,
          0,
          0,
          0,
          0,
          1,
          0,
          0,
          0,
          0,
          1,
          0,
          0,
          0,
          0,
          1
        ]
      },
      {
        "cloudIdentifier" : "ua-28d55b908c9806eaa1500f7b76d82519",
        "identifier" : "76A01929-9771-4315-83A2-7ED4CF0192DC",
        "hasValidTransform" : true,
        "transform" : [
          -0.10751709342002869,
          -0.034499138593673706,
          -0.99360448122024536,
          0,
          0.014853334054350853,
          0.99923050403594971,
          -0.036301746964454651,
          0,
          0.99409228563308716,
          -0.018661398440599442,
          -0.10692193359136581,
          0,
          -4.6094841957092285,
          -0.044891972094774246,
          -0.81843680143356323,
          1
        ]
      }
    ],
    [
      {
        "hasValidTransform" : false,
        "cloudIdentifier" : "",
        "transform" : [
          1,
          0,
          0,
          0,
          0,
          1,
          0,
          0,
          0,
          0,
          1,
          0,
          0,
          0,
          0,
          1
        ],
        "identifier" : "69FE3B2B-BD2D-4D0C-A78A-6072A9DD882B"
      },
      {
        "hasValidTransform" : false,
        "cloudIdentifier" : "",
        "transform" : [
          1,
          0,
          0,
          0,
          0,
          1,
          0,
          0,
          0,
          0,
          1,
          0,
          0,
          0,
          0,
          1
        ],
        "identifier" : "DE5089E3-EF20-4DC3-9680-CFB71FFA0CA9"
      },
      {
        "identifier" : "76A01929-9771-4315-83A2-7ED4CF0192DC",
        "cloudIdentifier" : "ua-28d55b908c9806eaa1500f7b76d82519",
        "hasValidTransform" : true,
        "transform" : [
          -0.10751709342002869,
          -0.034499138593673706,
          -0.99360448122024536,
          0,
          0.014853334054350853,
          0.99923050403594971,
          -0.036301746964454651,
          0,
          0.99409228563308716,
          -0.018661398440599442,
          -0.10692193359136581,
          0,
          -4.6094841957092285,
          -0.044891972094774246,
          -0.81843680143356323,
          1
        ]
      }
    ],
    [
      {
        "identifier" : "69FE3B2B-BD2D-4D0C-A78A-6072A9DD882B",
        "transform" : [
          1,
          0,
          0,
          0,
          0,
          1,
          0,
          0,
          0,
          0,
          1,
          0,
          0,
          0,
          0,
          1
        ],
        "hasValidTransform" : false,
        "cloudIdentifier" : ""
      },
      {
        "hasValidTransform" : true,
        "identifier" : "DE5089E3-EF20-4DC3-9680-CFB71FFA0CA9",
        "transform" : [
          -0.014347854070365429,
          -0.0082619693130254745,
          0.9998629093170166,
          0,
          0.021365953609347343,
          0.99973499774932861,
          0.0085675092414021492,
          0,
          -0.99966877698898315,
          0.021485950797796249,
          -0.014167527668178082,
          0,
          -6.9142193794250488,
          -0.016613651067018509,
          7.2819747924804688,
          1
        ],
        "cloudIdentifier" : "ua-b1d0bec23d972ceab385a4b4f7fef797"
      },
      {
        "cloudIdentifier" : "ua-28d55b908c9806eaa1500f7b76d82519",
        "hasValidTransform" : true,
        "identifier" : "76A01929-9771-4315-83A2-7ED4CF0192DC",
        "transform" : [
          -0.043904043734073639,
          -0.011475395411252975,
          -0.99896985292434692,
          0,
          0.016540335491299629,
          0.99978864192962646,
          -0.012211737222969532,
          0,
          0.99889880418777466,
          -0.017059441655874252,
          -0.043704956769943237,
          0,
          -4.4735908508300781,
          0.058230094611644745,
          -1.0682768821716309,
          1
        ]
      }
    ],
    [
      {
        "identifier" : "69FE3B2B-BD2D-4D0C-A78A-6072A9DD882B",
        "cloudIdentifier" : "",
        "transform" : [
          1,
          0,
          0,
          0,
          0,
          1,
          0,
          0,
          0,
          0,
          1,
          0,
          0,
          0,
          0,
          1
        ],
        "hasValidTransform" : false
      },
      {
        "hasValidTransform" : true,
        "identifier" : "DE5089E3-EF20-4DC3-9680-CFB71FFA0CA9",
        "transform" : [
          -0.014347854070365429,
          -0.0082619693130254745,
          0.9998629093170166,
          0,
          0.021365953609347343,
          0.99973499774932861,
          0.0085675092414021492,
          0,
          -0.99966877698898315,
          0.021485950797796249,
          -0.014167527668178082,
          0,
          -6.9142193794250488,
          -0.016613651067018509,
          7.2819747924804688,
          1
        ],
        "cloudIdentifier" : "ua-b1d0bec23d972ceab385a4b4f7fef797"
      },
      {
        "transform" : [
          -0.043904043734073639,
          -0.011475395411252975,
          -0.99896985292434692,
          0,
          0.016540335491299629,
          0.99978864192962646,
          -0.012211737222969532,
          0,
          0.99889880418777466,
          -0.017059441655874252,
          -0.043704956769943237,
          0,
          -4.4735908508300781,
          0.058230094611644745,
          -1.0682768821716309,
          1
        ],
        "hasValidTransform" : true,
        "cloudIdentifier" : "ua-28d55b908c9806eaa1500f7b76d82519",
        "identifier" : "76A01929-9771-4315-83A2-7ED4CF0192DC"
      }
    ],
    [
      {
        "hasValidTransform" : false,
        "transform" : [
          1,
          0,
          0,
          0,
          0,
          1,
          0,
          0,
          0,
          0,
          1,
          0,
          0,
          0,
          0,
          1
        ],
        "cloudIdentifier" : "",
        "identifier" : "69FE3B2B-BD2D-4D0C-A78A-6072A9DD882B"
      },
      {
        "identifier" : "DE5089E3-EF20-4DC3-9680-CFB71FFA0CA9",
        "hasValidTransform" : true,
        "transform" : [
          -0.014347854070365429,
          -0.0082619693130254745,
          0.9998629093170166,
          0,
          0.021365953609347343,
          0.99973499774932861,
          0.0085675092414021492,
          0,
          -0.99966877698898315,
          0.021485950797796249,
          -0.014167527668178082,
          0,
          -6.9142193794250488,
          -0.016613651067018509,
          7.2819747924804688,
          1
        ],
        "cloudIdentifier" : "ua-b1d0bec23d972ceab385a4b4f7fef797"
      },
      {
        "hasValidTransform" : true,
        "cloudIdentifier" : "ua-28d55b908c9806eaa1500f7b76d82519",
        "identifier" : "76A01929-9771-4315-83A2-7ED4CF0192DC",
        "transform" : [
          -0.043904043734073639,
          -0.011475395411252975,
          -0.99896985292434692,
          0,
          0.016540335491299629,
          0.99978864192962646,
          -0.012211737222969532,
          0,
          0.99889880418777466,
          -0.017059441655874252,
          -0.043704956769943237,
          0,
          -4.4735908508300781,
          0.058230094611644745,
          -1.0682768821716309,
          1
        ]
      }
    ],
    [
      {
        "transform" : [
          1,
          0,
          0,
          0,
          0,
          1,
          0,
          0,
          0,
          0,
          1,
          0,
          0,
          0,
          0,
          1
        ],
        "identifier" : "69FE3B2B-BD2D-4D0C-A78A-6072A9DD882B",
        "hasValidTransform" : false,
        "cloudIdentifier" : ""
      },
      {
        "identifier" : "DE5089E3-EF20-4DC3-9680-CFB71FFA0CA9",
        "transform" : [
          -0.014347854070365429,
          -0.0082619693130254745,
          0.9998629093170166,
          0,
          0.021365953609347343,
          0.99973499774932861,
          0.0085675092414021492,
          0,
          -0.99966877698898315,
          0.021485950797796249,
          -0.014167527668178082,
          0,
          -6.9142193794250488,
          -0.016613651067018509,
          7.2819747924804688,
          1
        ],
        "cloudIdentifier" : "ua-b1d0bec23d972ceab385a4b4f7fef797",
        "hasValidTransform" : true
      },
      {
        "cloudIdentifier" : "ua-28d55b908c9806eaa1500f7b76d82519",
        "identifier" : "76A01929-9771-4315-83A2-7ED4CF0192DC",
        "transform" : [
          -0.043904043734073639,
          -0.011475395411252975,
          -0.99896985292434692,
          0,
          0.016540335491299629,
          0.99978864192962646,
          -0.012211737222969532,
          0,
          0.99889880418777466,
          -0.017059441655874252,
          -0.043704956769943237,
          0,
          -4.4735908508300781,
          0.058230094611644745,
          -1.0682768821716309,
          1
        ],
        "hasValidTransform" : true
      }
    ],
    [
      {
        "transform" : [
          1,
          0,
          0,
          0,
          0,
          1,
          0,
          0,
          0,
          0,
          1,
          0,
          0,
          0,
          0,
          1
        ],
        "hasValidTransform" : false,
        "cloudIdentifier" : "",
        "identifier" : "69FE3B2B-BD2D-4D0C-A78A-6072A9DD882B"
      },
      {
        "hasValidTransform" : true,
        "identifier" : "DE5089E3-EF20-4DC3-9680-CFB71FFA0CA9",
        "transform" : [
          -0.014347854070365429,
          -0.0082619693130254745,
          0.9998629093170166,
          0,
          0.021365953609347343,
          0.99973499774932861,
          0.0085675092414021492,
          0,
          -0.99966877698898315,
          0.021485950797796249,
          -0.014167527668178082,
          0,
          -6.9142193794250488,
          -0.016613651067018509,
          7.2819747924804688,
          1
        ],
        "cloudIdentifier" : "ua-b1d0bec23d972ceab385a4b4f7fef797"
      },
      {
        "hasValidTransform" : true,
        "transform" : [
          -0.043904043734073639,
          -0.011475395411252975,
          -0.99896985292434692,
          0,
          0.016540335491299629,
          0.99978864192962646,
          -0.012211737222969532,
          0,
          0.99889880418777466,
          -0.017059441655874252,
          -0.043704956769943237,
          0,
          -4.4735908508300781,
          0.058230094611644745,
          -1.0682768821716309,
          1
        ],
        "cloudIdentifier" : "ua-28d55b908c9806eaa1500f7b76d82519",
        "identifier" : "76A01929-9771-4315-83A2-7ED4CF0192DC"
      }
    ],
    [
      {
        "hasValidTransform" : false,
        "transform" : [
          1,
          0,
          0,
          0,
          0,
          1,
          0,
          0,
          0,
          0,
          1,
          0,
          0,
          0,
          0,
          1
        ],
        "cloudIdentifier" : "",
        "identifier" : "69FE3B2B-BD2D-4D0C-A78A-6072A9DD882B"
      },
      {
        "transform" : [
          -0.014347854070365429,
          -0.0082619693130254745,
          0.9998629093170166,
          0,
          0.021365953609347343,
          0.99973499774932861,
          0.0085675092414021492,
          0,
          -0.99966877698898315,
          0.021485950797796249,
          -0.014167527668178082,
          0,
          -6.9142193794250488,
          -0.016613651067018509,
          7.2819747924804688,
          1
        ],
        "hasValidTransform" : true,
        "cloudIdentifier" : "ua-b1d0bec23d972ceab385a4b4f7fef797",
        "identifier" : "DE5089E3-EF20-4DC3-9680-CFB71FFA0CA9"
      },
      {
        "hasValidTransform" : true,
        "identifier" : "76A01929-9771-4315-83A2-7ED4CF0192DC",
        "cloudIdentifier" : "ua-28d55b908c9806eaa1500f7b76d82519",
        "transform" : [
          -0.043904043734073639,
          -0.011475395411252975,
          -0.99896985292434692,
          0,
          0.016540335491299629,
          0.99978864192962646,
          -0.012211737222969532,
          0,
          0.99889880418777466,
          -0.017059441655874252,
          -0.043704956769943237,
          0,
          -4.4735908508300781,
          0.058230094611644745,
          -1.0682768821716309,
          1
        ]
      }
    ],
    [
      {
        "hasValidTransform" : false,
        "cloudIdentifier" : "",
        "transform" : [
          1,
          0,
          0,
          0,
          0,
          1,
          0,
          0,
          0,
          0,
          1,
          0,
          0,
          0,
          0,
          1
        ],
        "identifier" : "69FE3B2B-BD2D-4D0C-A78A-6072A9DD882B"
      },
      {
        "hasValidTransform" : true,
        "cloudIdentifier" : "ua-b1d0bec23d972ceab385a4b4f7fef797",
        "transform" : [
          -0.014347854070365429,
          -0.0082619693130254745,
          0.9998629093170166,
          0,
          0.021365953609347343,
          0.99973499774932861,
          0.0085675092414021492,
          0,
          -0.99966877698898315,
          0.021485950797796249,
          -0.014167527668178082,
          0,
          -6.9142193794250488,
          -0.016613651067018509,
          7.2819747924804688,
          1
        ],
        "identifier" : "DE5089E3-EF20-4DC3-9680-CFB71FFA0CA9"
      },
      {
        "hasValidTransform" : true,
        "transform" : [
          -0.043904043734073639,
          -0.011475395411252975,
          -0.99896985292434692,
          0,
          0.016540335491299629,
          0.99978864192962646,
          -0.012211737222969532,
          0,
          0.99889880418777466,
          -0.017059441655874252,
          -0.043704956769943237,
          0,
          -4.4735908508300781,
          0.058230094611644745,
          -1.0682768821716309,
          1
        ],
        "identifier" : "76A01929-9771-4315-83A2-7ED4CF0192DC",
        "cloudIdentifier" : "ua-28d55b908c9806eaa1500f7b76d82519"
      }
    ],
    [
      {
        "hasValidTransform" : false,
        "cloudIdentifier" : "",
        "identifier" : "69FE3B2B-BD2D-4D0C-A78A-6072A9DD882B",
        "transform" : [
          1,
          0,
          0,
          0,
          0,
          1,
          0,
          0,
          0,
          0,
          1,
          0,
          0,
          0,
          0,
          1
        ]
      },
      {
        "identifier" : "DE5089E3-EF20-4DC3-9680-CFB71FFA0CA9",
        "transform" : [
          -0.014347854070365429,
          -0.0082619693130254745,
          0.9998629093170166,
          0,
          0.021365953609347343,
          0.99973499774932861,
          0.0085675092414021492,
          0,
          -0.99966877698898315,
          0.021485950797796249,
          -0.014167527668178082,
          0,
          -6.9142193794250488,
          -0.016613651067018509,
          7.2819747924804688,
          1
        ],
        "hasValidTransform" : true,
        "cloudIdentifier" : "ua-b1d0bec23d972ceab385a4b4f7fef797"
      },
      {
        "transform" : [
          -0.043904043734073639,
          -0.011475395411252975,
          -0.99896985292434692,
          0,
          0.016540335491299629,
          0.99978864192962646,
          -0.012211737222969532,
          0,
          0.99889880418777466,
          -0.017059441655874252,
          -0.043704956769943237,
          0,
          -4.4735908508300781,
          0.058230094611644745,
          -1.0682768821716309,
          1
        ],
        "cloudIdentifier" : "ua-28d55b908c9806eaa1500f7b76d82519",
        "identifier" : "76A01929-9771-4315-83A2-7ED4CF0192DC",
        "hasValidTransform" : true
      }
    ],
    [
      {
        "transform" : [
          1,
          0,
          0,
          0,
          0,
          1,
          0,
          0,
          0,
          0,
          1,
          0,
          0,
          0,
          0,
          1
        ],
        "hasValidTransform" : false,
        "cloudIdentifier" : "",
        "identifier" : "69FE3B2B-BD2D-4D0C-A78A-6072A9DD882B"
      },
      {
        "hasValidTransform" : true,
        "transform" : [
          -0.014347854070365429,
          -0.0082619693130254745,
          0.9998629093170166,
          0,
          0.021365953609347343,
          0.99973499774932861,
          0.0085675092414021492,
          0,
          -0.99966877698898315,
          0.021485950797796249,
          -0.014167527668178082,
          0,
          -6.9142193794250488,
          -0.016613651067018509,
          7.2819747924804688,
          1
        ],
        "cloudIdentifier" : "ua-b1d0bec23d972ceab385a4b4f7fef797",
        "identifier" : "DE5089E3-EF20-4DC3-9680-CFB71FFA0CA9"
      },
      {
        "transform" : [
          -0.043904043734073639,
          -0.011475395411252975,
          -0.99896985292434692,
          0,
          0.016540335491299629,
          0.99978864192962646,
          -0.012211737222969532,
          0,
          0.99889880418777466,
          -0.017059441655874252,
          -0.043704956769943237,
          0,
          -4.4735908508300781,
          0.058230094611644745,
          -1.0682768821716309,
          1
        ],
        "hasValidTransform" : true,
        "identifier" : "76A01929-9771-4315-83A2-7ED4CF0192DC",
        "cloudIdentifier" : "ua-28d55b908c9806eaa1500f7b76d82519"
      }
    ],
    [
      {
        "cloudIdentifier" : "",
        "identifier" : "69FE3B2B-BD2D-4D0C-A78A-6072A9DD882B",
        "transform" : [
          1,
          0,
          0,
          0,
          0,
          1,
          0,
          0,
          0,
          0,
          1,
          0,
          0,
          0,
          0,
          1
        ],
        "hasValidTransform" : false
      },
      {
        "transform" : [
          -0.014347854070365429,
          -0.0082619693130254745,
          0.9998629093170166,
          0,
          0.021365953609347343,
          0.99973499774932861,
          0.0085675092414021492,
          0,
          -0.99966877698898315,
          0.021485950797796249,
          -0.014167527668178082,
          0,
          -6.9142193794250488,
          -0.016613651067018509,
          7.2819747924804688,
          1
        ],
        "hasValidTransform" : true,
        "cloudIdentifier" : "ua-b1d0bec23d972ceab385a4b4f7fef797",
        "identifier" : "DE5089E3-EF20-4DC3-9680-CFB71FFA0CA9"
      },
      {
        "hasValidTransform" : true,
        "cloudIdentifier" : "ua-28d55b908c9806eaa1500f7b76d82519",
        "identifier" : "76A01929-9771-4315-83A2-7ED4CF0192DC",
        "transform" : [
          -0.043904043734073639,
          -0.011475395411252975,
          -0.99896985292434692,
          0,
          0.016540335491299629,
          0.99978864192962646,
          -0.012211737222969532,
          0,
          0.99889880418777466,
          -0.017059441655874252,
          -0.043704956769943237,
          0,
          -4.4735908508300781,
          0.058230094611644745,
          -1.0682768821716309,
          1
        ]
      }
    ],
    [
      {
        "identifier" : "69FE3B2B-BD2D-4D0C-A78A-6072A9DD882B",
        "transform" : [
          1,
          0,
          0,
          0,
          0,
          1,
          0,
          0,
          0,
          0,
          1,
          0,
          0,
          0,
          0,
          1
        ],
        "hasValidTransform" : false,
        "cloudIdentifier" : ""
      },
      {
        "cloudIdentifier" : "ua-b1d0bec23d972ceab385a4b4f7fef797",
        "hasValidTransform" : true,
        "transform" : [
          -0.014347854070365429,
          -0.0082619693130254745,
          0.9998629093170166,
          0,
          0.021365953609347343,
          0.99973499774932861,
          0.0085675092414021492,
          0,
          -0.99966877698898315,
          0.021485950797796249,
          -0.014167527668178082,
          0,
          -6.9142193794250488,
          -0.016613651067018509,
          7.2819747924804688,
          1
        ],
        "identifier" : "DE5089E3-EF20-4DC3-9680-CFB71FFA0CA9"
      },
      {
        "cloudIdentifier" : "ua-28d55b908c9806eaa1500f7b76d82519",
        "identifier" : "76A01929-9771-4315-83A2-7ED4CF0192DC",
        "transform" : [
          -0.043904043734073639,
          -0.011475395411252975,
          -0.99896985292434692,
          0,
          0.016540335491299629,
          0.99978864192962646,
          -0.012211737222969532,
          0,
          0.99889880418777466,
          -0.017059441655874252,
          -0.043704956769943237,
          0,
          -4.4735908508300781,
          0.058230094611644745,
          -1.0682768821716309,
          1
        ],
        "hasValidTransform" : true
      }
    ],
    [
      {
        "transform" : [
          1,
          0,
          0,
          0,
          0,
          1,
          0,
          0,
          0,
          0,
          1,
          0,
          0,
          0,
          0,
          1
        ],
        "hasValidTransform" : false,
        "cloudIdentifier" : "",
        "identifier" : "69FE3B2B-BD2D-4D0C-A78A-6072A9DD882B"
      },
      {
        "hasValidTransform" : true,
        "identifier" : "DE5089E3-EF20-4DC3-9680-CFB71FFA0CA9",
        "cloudIdentifier" : "ua-b1d0bec23d972ceab385a4b4f7fef797",
        "transform" : [
          -0.014347854070365429,
          -0.0082619693130254745,
          0.9998629093170166,
          0,
          0.021365953609347343,
          0.99973499774932861,
          0.0085675092414021492,
          0,
          -0.99966877698898315,
          0.021485950797796249,
          -0.014167527668178082,
          0,
          -6.9142193794250488,
          -0.016613651067018509,
          7.2819747924804688,
          1
        ]
      },
      {
        "hasValidTransform" : true,
        "identifier" : "76A01929-9771-4315-83A2-7ED4CF0192DC",
        "cloudIdentifier" : "ua-28d55b908c9806eaa1500f7b76d82519",
        "transform" : [
          -0.043904043734073639,
          -0.011475395411252975,
          -0.99896985292434692,
          0,
          0.016540335491299629,
          0.99978864192962646,
          -0.012211737222969532,
          0,
          0.99889880418777466,
          -0.017059441655874252,
          -0.043704956769943237,
          0,
          -4.4735908508300781,
          0.058230094611644745,
          -1.0682768821716309,
          1
        ]
      }
    ],
    [
      {
        "identifier" : "69FE3B2B-BD2D-4D0C-A78A-6072A9DD882B",
        "transform" : [
          1,
          0,
          0,
          0,
          0,
          1,
          0,
          0,
          0,
          0,
          1,
          0,
          0,
          0,
          0,
          1
        ],
        "cloudIdentifier" : "",
        "hasValidTransform" : false
      },
      {
        "cloudIdentifier" : "ua-b1d0bec23d972ceab385a4b4f7fef797",
        "transform" : [
          -0.014347854070365429,
          -0.0082619693130254745,
          0.9998629093170166,
          0,
          0.021365953609347343,
          0.99973499774932861,
          0.0085675092414021492,
          0,
          -0.99966877698898315,
          0.021485950797796249,
          -0.014167527668178082,
          0,
          -6.9142193794250488,
          -0.016613651067018509,
          7.2819747924804688,
          1
        ],
        "identifier" : "DE5089E3-EF20-4DC3-9680-CFB71FFA0CA9",
        "hasValidTransform" : true
      },
      {
        "cloudIdentifier" : "ua-28d55b908c9806eaa1500f7b76d82519",
        "transform" : [
          -0.043904043734073639,
          -0.011475395411252975,
          -0.99896985292434692,
          0,
          0.016540335491299629,
          0.99978864192962646,
          -0.012211737222969532,
          0,
          0.99889880418777466,
          -0.017059441655874252,
          -0.043704956769943237,
          0,
          -4.4735908508300781,
          0.058230094611644745,
          -1.0682768821716309,
          1
        ],
        "identifier" : "76A01929-9771-4315-83A2-7ED4CF0192DC",
        "hasValidTransform" : true
      }
    ],
    [
      {
        "hasValidTransform" : false,
        "cloudIdentifier" : "",
        "identifier" : "69FE3B2B-BD2D-4D0C-A78A-6072A9DD882B",
        "transform" : [
          1,
          0,
          0,
          0,
          0,
          1,
          0,
          0,
          0,
          0,
          1,
          0,
          0,
          0,
          0,
          1
        ]
      },
      {
        "identifier" : "DE5089E3-EF20-4DC3-9680-CFB71FFA0CA9",
        "transform" : [
          -0.014347854070365429,
          -0.0082619693130254745,
          0.9998629093170166,
          0,
          0.021365953609347343,
          0.99973499774932861,
          0.0085675092414021492,
          0,
          -0.99966877698898315,
          0.021485950797796249,
          -0.014167527668178082,
          0,
          -6.9142193794250488,
          -0.016613651067018509,
          7.2819747924804688,
          1
        ],
        "cloudIdentifier" : "ua-b1d0bec23d972ceab385a4b4f7fef797",
        "hasValidTransform" : true
      },
      {
        "hasValidTransform" : true,
        "transform" : [
          -0.043904043734073639,
          -0.011475395411252975,
          -0.99896985292434692,
          0,
          0.016540335491299629,
          0.99978864192962646,
          -0.012211737222969532,
          0,
          0.99889880418777466,
          -0.017059441655874252,
          -0.043704956769943237,
          0,
          -4.4735908508300781,
          0.058230094611644745,
          -1.0682768821716309,
          1
        ],
        "cloudIdentifier" : "ua-28d55b908c9806eaa1500f7b76d82519",
        "identifier" : "76A01929-9771-4315-83A2-7ED4CF0192DC"
      }
    ],
    [
      {
        "hasValidTransform" : false,
        "cloudIdentifier" : "",
        "identifier" : "69FE3B2B-BD2D-4D0C-A78A-6072A9DD882B",
        "transform" : [
          1,
          0,
          0,
          0,
          0,
          1,
          0,
          0,
          0,
          0,
          1,
          0,
          0,
          0,
          0,
          1
        ]
      },
      {
        "transform" : [
          -0.014347854070365429,
          -0.0082619693130254745,
          0.9998629093170166,
          0,
          0.021365953609347343,
          0.99973499774932861,
          0.0085675092414021492,
          0,
          -0.99966877698898315,
          0.021485950797796249,
          -0.014167527668178082,
          0,
          -6.9142193794250488,
          -0.016613651067018509,
          7.2819747924804688,
          1
        ],
        "cloudIdentifier" : "ua-b1d0bec23d972ceab385a4b4f7fef797",
        "identifier" : "DE5089E3-EF20-4DC3-9680-CFB71FFA0CA9",
        "hasValidTransform" : true
      },
      {
        "hasValidTransform" : true,
        "identifier" : "76A01929-9771-4315-83A2-7ED4CF0192DC",
        "transform" : [
          -0.043904043734073639,
          -0.011475395411252975,
          -0.99896985292434692,
          0,
          0.016540335491299629,
          0.99978864192962646,
          -0.012211737222969532,
          0,
          0.99889880418777466,
          -0.017059441655874252,
