{
  "userId" : "NcsslHgGt7OcPalBU90raZOBcqP2",
  "settingsHistory" : [
    {
      "defaultUnit" : 0,
      "visualizeCloudAnchors" : true,
      "adjustOffset" : true,
      "sendLogs" : true,
      "voiceFeedback" : true,
      "relativeTimeStamp" : 0.39570403099060059,
      "filterGeoSpatial" : true,
      "hapticFeedback" : false,
      "timerLength" : 5,
      "soundFeedback" : true,
      "defaultColor" : 0,
      "localizationThreshold" : 3,
      "disableARWorldMap" : true
    },
    {
      "adjustOffset" : true,
      "voiceFeedback" : true,
      "defaultColor" : 0,
      "disableARWorldMap" : true,
      "localizationThreshold" : 3,
      "sendLogs" : true,
      "timerLength" : 5,
      "hapticFeedback" : false,
      "soundFeedback" : true,
      "relativeTimeStamp" : 350.90954005718231,
      "filterGeoSpatial" : true,
      "defaultUnit" : 0,
      "visualizeCloudAnchors" : true
    },
    {
      "sendLogs" : true,
      "defaultUnit" : 0,
      "filterGeoSpatial" : true,
      "relativeTimeStamp" : 411.84467601776123,
      "visualizeCloudAnchors" : true,
      "adjustOffset" : true,
      "soundFeedback" : true,
      "localizationThreshold" : 0,
      "disableARWorldMap" : true,
      "timerLength" : 5,
      "hapticFeedback" : false,
      "voiceFeedback" : true,
      "defaultColor" : 0
    },
    {
      "defaultColor" : 0,
      "disableARWorldMap" : true,
      "soundFeedback" : true,
      "hapticFeedback" : false,
      "filterGeoSpatial" : true,
      "adjustOffset" : true,
      "timerLength" : 5,
      "localizationThreshold" : 3,
      "voiceFeedback" : true,
      "sendLogs" : true,
      "relativeTimeStamp" : 507.78451502323151,
      "defaultUnit" : 0,
      "visualizeCloudAnchors" : true
    },
    {
      "sendLogs" : true,
      "disableARWorldMap" : true,
      "soundFeedback" : true,
      "voiceFeedback" : true,
      "hapticFeedback" : false,
      "defaultColor" : 0,
      "defaultUnit" : 0,
      "relativeTimeStamp" : 632.77508902549744,
      "visualizeCloudAnchors" : true,
      "filterGeoSpatial" : true,
      "adjustOffset" : true,
      "timerLength" : 5,
      "localizationThreshold" : 0
    },
    {
      "localizationThreshold" : 3,
      "timerLength" : 5,
      "visualizeCloudAnchors" : true,
      "hapticFeedback" : false,
      "relativeTimeStamp" : 761.20554506778717,
      "defaultColor" : 0,
      "filterGeoSpatial" : true,
      "sendLogs" : true,
      "soundFeedback" : true,
      "disableARWorldMap" : true,
      "voiceFeedback" : true,
      "defaultUnit" : 0,
      "adjustOffset" : true
    },
    {
      "defaultUnit" : 0,
      "visualizeCloudAnchors" : true,
      "hapticFeedback" : false,
      "relativeTimeStamp" : 993.24168300628662,
      "filterGeoSpatial" : true,
      "voiceFeedback" : true,
      "adjustOffset" : true,
      "disableARWorldMap" : true,
      "defaultColor" : 0,
      "localizationThreshold" : 0,
      "soundFeedback" : true,
      "sendLogs" : true,
      "timerLength" : 5
    }
  ],
  "PathType" : "notrated",
  "garAnchorTimestamps" : [
    5311.5186684999999,
    5312.6359017909999,
    5313.7531488750001,
    5314.853717,
    5315.9876306249998,
    5317.1048739159996,
    5318.238792958,
    5319.3560305410001,
    5320.4732715829996,
    5321.5738360409996,
    5322.6910715829999,
    5323.8083162909998,
    5324.9255464999997,
    5326.0427851249997,
    5327.1767157080003,
    5328.2939263750004,
    5329.411166375,
    5330.5283971250001,
    5331.6456318330002,
    5332.7628628330003,
    5333.8801018329996,
    5335.014002166,
    5336.1312343330001,
    5337.2484611660002,
    5338.3656874999997,
    5339.4829164579996,
    5340.6001428749996,
    5341.717371916,
    5342.8345925829999,
    5343.9684938330001,
    5345.0857164159997,
    5346.2029404160003,
    5347.3201635830001,
    5348.4373881660003,
    5349.5546119580004,
    5350.6718304579999,
    5351.7890473329999,
    5352.9229423329998,
    5354.0401661249998,
    5355.1573822079999,
    5356.2746157909996,
    5357.3918212079998,
    5358.5090387500004,
    5359.642930125,
    5360.7601460409996,
    5361.8773644160001,
    5362.9945827080001,
    5364.1117976249998,
    5365.2290401660002,
    5366.3462284159996,
    5367.4801189580003,
    5368.5973349579999,
    5369.7145491250003,
    5370.8317642080001,
    5371.9489793330004,
    5373.0661905830002,
    5374.1834077909998,
    5375.3172935410003,
    5376.4345077079997,
    5377.5683931659996,
    5378.6856040829998,
    5379.8028181250002,
    5380.9367100830004,
    5382.0872638330002,
    5383.2044887499997,
    5384.3216910829997,
    5385.4388979160003,
    5386.5561065410002,
    5387.6733156660002,
    5388.8572232500001,
    5389.9744305410004,
    5391.0916368329999,
    5392.2088462499996,
    5393.3260520829999,
    5394.44326,
    5395.5604677909996,
    5396.6776762079999,
    5397.8115608750004,
    5398.9287662910001,
    5400.0459738330001,
    5401.1631802909997,
    5402.2803889999996,
    5403.3976119580002,
    5404.5148042909996,
    5405.6486840830003,
    5406.7658935830004,
    5407.883098708,
    5409.0003054580002,
    5410.1175108750003,
    5411.2347195829998,
    5412.3519233329998,
    5413.4858032080001,
    5414.6196840000002,
    5415.7368932079999
  ],
  "trackingErrorPhase" : [
    false
  ],
  "trackingErrorTime" : [
    87.166360020637512
  ],
  "PathID" : "108C8801-4272-49AA-BDC7-08D3DACDBEB62023-03-23T15:53:28-04:00-0",
  "stateSequenceTime" : [
    940.28521108627319,
    1014.889594078064,
    1029.276664018631,
    1134.9404300451279
  ],
  "hasMap" : true,
  "keypointData" : [
    [
      29.837753295898438,
      0.82709378004074097,
      -73.614212036132812,
      -1.1726861000061035
    ],
    [
      30.391761779785156,
      0.8761182427406311,
      -73.327804565429688,
      -1.6099451780319214
    ],
    [
      29.882408142089844,
      0.83178961277008057,
      -72.004692077636719,
      -1.5195169448852539
    ],
    [
      27.395767211914062,
      0.84349590539932251,
      -70.993728637695312,
      -1.0687295198440552
    ],
    [
      25.902030944824219,
      0.84884613752365112,
      -71.286643981933594,
      1.5036295652389526
    ],
    [
      25.01873779296875,
      0.85036283731460571,
      -73.118606567382812,
      1.5287696123123169
    ],
    [
      22.740432739257812,
      0.39178213477134705,
      -96.698707580566406,
      1.5304878950119019
    ],
    [
      21.076332092285156,
      0.69078034162521362,
      -103.83373260498047,
      1.5346139669418335
    ],
    [
      19.145980834960938,
      0.64628225564956665,
      -105.5152587890625,
      0.049498427659273148
    ],
    [
      13.110016822814941,
      0.72447091341018677,
      -106.12644195556641,
      0.1282055675983429
    ],
    [
      -16.405921936035156,
      0.74656736850738525,
      -103.15139770507812,
      0.47755420207977295
    ],
    [
      -21.881843566894531,
      0.27080038189888,
      -102.70794677734375,
      0.78010374307632446
    ],
    [
      -24.815391540527344,
      -0.02870488353073597,
      -101.98820495605469,
      0.17448015511035919
    ],
    [
      -25.975624084472656,
      -0.15303786098957062,
      -100.25575256347656,
      -1.5482048988342285
    ],
    [
      -26.069267272949219,
      -0.1824263334274292,
      -96.592247009277344,
      -1.5760401487350464
    ],
    [
      -24.924690246582031,
      0.1655799001455307,
      -91.583305358886719,
      -1.6005839109420776
    ],
    [
      -23.895423889160156,
      0.3688831627368927,
      -89.682319641113281,
      -1.6986976861953735
    ],
    [
      -22.876564025878906,
      0.42462131381034851,
      -88.829193115234375,
      -1.809612512588501
    ],
    [
      -21.585716247558594,
      0.4810643196105957,
      -88.561981201171875,
      -2.2928550243377686
    ],
    [
      -13.676902770996094,
      0.73641592264175415,
      -88.864410400390625,
      2.5837693214416504
    ],
    [
      12.593841552734375,
      0.90662640333175659,
      -91.369712829589844,
      3.0388917922973633
    ],
    [
      15.69956111907959,
      0.98132437467575073,
      -92.383399963378906,
      1.6638294458389282
    ]
  ],
  "garAnchorCameraWorldTransformsAndGeoSpatialData" : [
    {
      "geospatialTransform" : {
        "positionAccuracy" : 25.130455892369994,
        "longitude" : -71.26447278644595,
        "latitude" : 42.293863778129037,
        "headingAccuracy" : 11.040383480455185,
        "altitude" : 35.75700546335429,
        "altitudeAccuracy" : 14.933978313960793,
        "heading" : 102.21903763005082
      },
      "cameraWorldTransform" : [
        0.024454303085803986,
        -0.98931056261062622,
        -0.14375878870487213,
        0,
        -0.90953695774078369,
        0.03766414150595665,
        -0.41391292214393616,
        0,
        0.4149029552936554,
        0.14087589085102081,
        -0.89889335632324219,
        0,
        23.367118835449219,
        1.4850118160247803,
        -78.647109985351562,
        1.0000001192092896
      ]
    },
    {
      "cameraWorldTransform" : [
        0.23895454406738281,
        -0.97095382213592529,
        0.012215147726237774,
        0,
        0.093485087156295776,
        0.010482184588909149,
        -0.99556535482406616,
        0,
        0.96652001142501831,
        0.23903682827949524,
        0.093274496495723724,
        0,
        23.071136474609375,
        1.4502007961273193,
        -79.1142578125,
        1
      ],
      "geospatialTransform" : {
        "heading" : 172.93439247924678,
        "latitude" : 42.293860255742359,
        "longitude" : -71.264477400840306,
        "positionAccuracy" : 25.135205910046185,
        "headingAccuracy" : 10.945363685598506,
        "altitudeAccuracy" : 14.940850591893902,
        "altitude" : 35.722800841554999
      }
    },
    {
      "geospatialTransform" : {
        "longitude" : -71.264470377598954,
        "altitude" : 35.672491875477135,
        "latitude" : 42.293857716971488,
        "heading" : 151.5692167182097,
        "altitudeAccuracy" : 14.946006424093769,
        "positionAccuracy" : 25.13933403803296,
        "headingAccuracy" : 10.877833254458622
      },
      "cameraWorldTransform" : [
        0.2303040623664856,
        -0.964771568775177,
        -0.12718372046947479,
        0,
        -0.28390973806381226,
        0.058395445346832275,
        -0.95707094669342041,
        0,
        0.93078184127807617,
        0.25652608275413513,
        -0.26045936346054077,
        0,
        22.674880981445312,
        1.40126633644104,
        -78.619369506835938,
        1
      ]
    },
    {
      "cameraWorldTransform" : [
        0.25248852372169495,
        -0.96756082773208618,
        0.0086850281804800034,
        0,
        0.2067236453294754,
        0.045172356069087982,
        -0.97735583782196045,
        0,
        0.9452589750289917,
        0.24856659770011902,
        0.21142324805259705,
        0,
        21.860099792480469,
        1.4165908098220825,
        -78.449432373046875,
        1
      ],
      "geospatialTransform" : {
        "longitude" : -71.26446624680446,
        "altitude" : 35.686696775257587,
        "altitudeAccuracy" : 14.949551355623353,
        "heading" : 179.87560856877471,
        "latitude" : 42.293850942794599,
        "positionAccuracy" : 25.151927010652631,
        "headingAccuracy" : 10.808698616047071
      }
    },
    {
      "cameraWorldTransform" : [
        0.21550613641738892,
        -0.96985667943954468,
        0.11373176425695419,
        0,
        0.57884281873703003,
        0.033076241612434387,
        -0.81476783752441406,
        0,
        0.786446213722229,
        0.24142032861709595,
        0.56852281093597412,
        0,
        20.916221618652344,
        1.4229072332382202,
        -78.680496215820312,
        1
      ],
      "geospatialTransform" : {
        "positionAccuracy" : 25.163512009818803,
        "heading" : 203.16887913288545,
        "latitude" : 42.293842240963336,
        "longitude" : -71.26446646279534,
        "altitude" : 35.68926645629108,
        "altitudeAccuracy" : 14.948496180634377,
        "headingAccuracy" : 10.705204346074696
      }
    },
    {
      "geospatialTransform" : {
        "latitude" : 42.293833532186667,
        "heading" : 209.39254227695099,
        "positionAccuracy" : 25.173761678775072,
        "headingAccuracy" : 10.564507076183119,
        "longitude" : -71.264470143884836,
        "altitudeAccuracy" : 14.945064854302601,
        "altitude" : 35.678695236332715
      },
      "cameraWorldTransform" : [
        0.18953152000904083,
        -0.97556221485137939,
        0.11115746200084686,
        0,
        0.6628410816192627,
        0.043605934828519821,
        -0.74748897552490234,
        0,
        0.72437494993209839,
        0.21535250544548035,
        0.65490752458572388,
        0,
        20.032388687133789,
        1.4129288196563721,
        -79.202102661132812,
        1
      ]
    },
    {
      "geospatialTransform" : {
        "headingAccuracy" : 10.45242487680509,
        "altitude" : 35.639643411152065,
        "latitude" : 42.293828501405301,
        "longitude" : -71.264472327089393,
        "altitudeAccuracy" : 14.943156715844253,
        "positionAccuracy" : 25.192323026322299,
        "heading" : 195.41898242973684
      },
      "cameraWorldTransform" : [
        0.21443916857242584,
        -0.97583502531051636,
        0.041970293968915939,
        0,
        0.45966282486915588,
        0.062910027801990509,
        -0.88586229085922241,
        0,
        0.86181527376174927,
        0.20925579965114594,
        0.46204555034637451,
        0,
        19.52641487121582,
        1.3792401552200317,
        -79.508598327636719,
        0.99999988079071045
      ]
    },
    {
      "geospatialTransform" : {
        "headingAccuracy" : 10.404146384083022,
        "positionAccuracy" : 25.209080652298617,
        "heading" : 232.72280269344375,
        "altitudeAccuracy" : 14.951243672247724,
        "longitude" : -71.264476371155865,
        "altitude" : 35.723876999691129,
        "latitude" : 42.293823473586485
      },
      "cameraWorldTransform" : [
        0.23139584064483643,
        -0.95998454093933105,
        0.15775175392627716,
        0,
        0.88819617033004761,
        0.1423017680644989,
        -0.43687257170677185,
        0,
        0.3969426155090332,
        0.24120502173900604,
        0.88558262586593628,
        0,
        19.047096252441406,
        1.465705394744873,
        -79.9615478515625,
        1
      ]
    },
    {
      "geospatialTransform" : {
        "longitude" : -71.264480792445909,
        "latitude" : 42.293820687225711,
        "altitudeAccuracy" : 15.051193241336241,
        "positionAccuracy" : 25.230442196448752,
        "altitude" : 35.866467198356986,
        "headingAccuracy" : 10.36622354843638,
        "heading" : 273.57147316226633
      },
      "cameraWorldTransform" : [
        -0.033353663980960846,
        -0.97215789556503296,
        0.23194044828414917,
        0,
        0.96103423833847046,
        0.032521214336156845,
        0.27450916171073914,
        0,
        -0.27440923452377319,
        0.23205862939357758,
        0.93319243192672729,
        0,
        18.764215469360352,
        1.4603670835494995,
        -80.882568359375,
        1
      ]
    },
    {
      "cameraWorldTransform" : [
        -0.095392785966396332,
        -0.97824960947036743,
        0.18419511616230011,
        0,
        0.82092779874801636,
        0.027344798669219017,
        0.57037687301635742,
        0,
        -0.56300771236419678,
        0.20562072098255157,
        0.80046373605728149,
        0,
        19.068849563598633,
        1.468833327293396,
        -82.073631286621094,
        1.0000001192092896
      ],
      "geospatialTransform" : {
        "latitude" : 42.293821399439025,
        "longitude" : -71.264466371483039,
        "headingAccuracy" : 10.54884601730399,
        "altitude" : 35.339586112648249,
        "positionAccuracy" : 23.637484327508599,
        "altitudeAccuracy" : 13.47751803960707,
        "heading" : 292.13443003946713
      }
    },
    {
      "geospatialTransform" : {
        "positionAccuracy" : 23.559119325739211,
        "altitude" : 35.282589976675808,
        "heading" : 295.72164544334709,
        "latitude" : 42.293824657567257,
        "altitudeAccuracy" : 13.395557376874834,
        "headingAccuracy" : 10.435717434355002,
        "longitude" : -71.264480753553471
      },
      "cameraWorldTransform" : [
        -0.14045602083206177,
        -0.96240705251693726,
        0.23247505724430084,
        0,
        0.78482908010482788,
        0.03491741418838501,
        0.61872762441635132,
        0,
        -0.60358524322509766,
        0.26935723423957825,
        0.75042062997817993,
        0,
        19.725858688354492,
        1.436944842338562,
        -83.293411254882812,
        1
      ]
    },
    {
      "cameraWorldTransform" : [
        -0.15993170440196991,
        -0.96572655439376831,
        0.20443589985370636,
        0,
        0.74598747491836548,
        0.01738860085606575,
        0.66573280096054077,
        0,
        -0.64647072553634644,
        0.25897842645645142,
        0.71763885021209717,
        0,
        20.547458648681641,
        1.4298374652862549,
        -84.296234130859375,
        1
      ],
      "geospatialTransform" : {
        "headingAccuracy" : 10.304221756618585,
        "latitude" : 42.293829808760933,
        "longitude" : -71.26449445278692,
        "altitude" : 35.279269826598465,
        "heading" : 299.02017040586725,
        "positionAccuracy" : 23.560025712637639,
        "altitudeAccuracy" : 13.40108848709364
      }
    },
    {
      "cameraWorldTransform" : [
        -0.12608426809310913,
        -0.98022699356079102,
        0.15250454843044281,
        0,
        0.7582973837852478,
        0.0038846549578011036,
        0.6518968939781189,
        0,
        -0.63959932327270508,
        0.19783778488636017,
        0.74281388521194458,
        0,
        21.451370239257812,
        1.4256981611251831,
        -85.362457275390625,
        1
      ],
      "geospatialTransform" : {
        "latitude" : 42.293839916379746,
        "heading" : 297.81470531059375,
        "longitude" : -71.264503623796969,
        "headingAccuracy" : 10.466062601621257,
        "altitudeAccuracy" : 12.009803798527219,
        "positionAccuracy" : 23.784927151126119,
        "altitude" : 35.354194461368024
      }
    },
    {
      "cameraWorldTransform" : [
        -0.067131653428077698,
        -0.99245506525039673,
        0.10259665548801422,
        0,
        0.68690270185470581,
        0.02860717847943306,
        0.72618591785430908,
        0,
        -0.72364187240600586,
        0.11922401189804077,
        0.67979967594146729,
        0,
        22.223455429077148,
        1.4611952304840088,
        -86.32122802734375,
        0.99999988079071045
      ],
      "geospatialTransform" : {
        "heading" : 303.53818724919779,
        "latitude" : 42.293849469334575,
        "altitude" : 35.647826891392469,
        "longitude" : -71.264513725360018,
        "altitudeAccuracy" : 10.691613250340588,
        "positionAccuracy" : 24.25985816250704,
        "headingAccuracy" : 10.43820736060324
      }
    },
    {
      "cameraWorldTransform" : [
        -0.28319200873374939,
        -0.93587982654571533,
        0.20959770679473877,
        0,
        0.70378315448760986,
        -0.054323673248291016,
        0.70833474397659302,
        0,
        -0.65153002738952637,
        0.34810608625411987,
        0.67404049634933472,
        0,
        22.652317047119141,
        1.4140282869338989,
        -86.776748657226562,
        1
      ],
      "geospatialTransform" : {
        "altitudeAccuracy" : 9.2111887787352575,
        "heading" : 300.91063131991592,
        "headingAccuracy" : 10.443043590156851,
        "longitude" : -71.264517783017226,
        "altitude" : 35.45990714430809,
        "positionAccuracy" : 25.017470381159928,
        "latitude" : 42.293853998344204
      }
    },
    {
      "cameraWorldTransform" : [
        -0.10103956609964371,
        -0.9743034839630127,
        0.20130451023578644,
        0,
        0.82703620195388794,
        0.03021242655813694,
        0.56133592128753662,
        0,
        -0.55299341678619385,
        0.22320330142974854,
        0.80273163318634033,
        0,
        23.276365280151367,
        1.4722453355789185,
        -87.589248657226562,
        1
      ],
      "geospatialTransform" : {
        "heading" : 290.89751265702694,
        "altitude" : 35.473127566277981,
        "headingAccuracy" : 10.471435693685788,
        "positionAccuracy" : 25.568723719925678,
        "altitudeAccuracy" : 8.0873277753296193,
        "longitude" : -71.264527757465217,
        "latitude" : 42.293858797022324
      }
    },
    {
      "cameraWorldTransform" : [
        -0.18853351473808289,
        -0.95465636253356934,
        0.23040422797203064,
        0,
        0.73724782466888428,
        0.01740795373916626,
        0.67539787292480469,
        0,
        -0.64878374338150024,
        0.29720020294189453,
        0.70053637027740479,
        0,
        24.046018600463867,
        1.4492472410202026,
        -88.532958984375,
        1
      ],
      "geospatialTransform" : {
        "positionAccuracy" : 25.391557403870802,
        "headingAccuracy" : 10.521789417128053,
        "heading" : 299.06481559873379,
        "longitude" : -71.264540111238404,
        "altitudeAccuracy" : 7.1259892564345391,
        "altitude" : 35.449347670190036,
        "latitude" : 42.293865652971334
      }
    },
    {
      "cameraWorldTransform" : [
        -0.10768518596887589,
        -0.9830898642539978,
        0.14811554551124573,
        0,
        0.73560678958892822,
        0.021432990208268166,
        0.67706948518753052,
        0,
        -0.66879463195800781,
        0.18186517059803009,
        0.7208595871925354,
        0,
        24.617227554321289,
        1.3950692415237427,
        -89.163925170898438,
        1
      ],
      "geospatialTransform" : {
        "altitudeAccuracy" : 5.7666993234238975,
        "heading" : 299.2673684316282,
        "longitude" : -71.264561938207635,
        "latitude" : 42.293886075672596,
        "headingAccuracy" : 10.389051287071263,
        "positionAccuracy" : 24.763573529260732,
        "altitude" : 35.274772581644356
      }
    },
    {
      "cameraWorldTransform" : [
        -0.093616567552089691,
        -0.96620815992355347,
        0.24016141891479492,
        0,
        0.84985697269439697,
        0.048104677349328995,
        0.52481299638748169,
        0,
        -0.51863151788711548,
        0.25323411822319031,
        0.81663542985916138,
        0,
        25.06669807434082,
        1.4012405872344971,
        -89.956619262695312,
        1
      ],
      "geospatialTransform" : {
        "latitude" : 42.293882099808989,
        "altitudeAccuracy" : 4.0166761282987631,
        "headingAccuracy" : 9.9729096623428646,
        "heading" : 287.8961385786663,
        "longitude" : -71.264557627856263,
        "positionAccuracy" : 19.268688018050366,
        "altitude" : 35.18478019349277
      }
    },
    {
      "geospatialTransform" : {
        "headingAccuracy" : 9.6791776598716872,
        "longitude" : -71.264528506631933,
        "positionAccuracy" : 12.68918689476884,
        "heading" : 292.06004307697197,
        "altitude" : 35.738420733250678,
        "altitudeAccuracy" : 2.8532755765105331,
        "latitude" : 42.293874342142601
      },
      "cameraWorldTransform" : [
        -0.13230721652507782,
        -0.95344364643096924,
        0.27099812030792236,
        0,
        0.80627971887588501,
        0.055504932999610901,
        0.58892452716827393,
        0,
        -0.57654803991317749,
        0.29641926288604736,
        0.76139849424362183,
        0,
        26.001611709594727,
        1.4062373638153076,
        -91.001197814941406,
        1.0000001192092896
      ]
    },
    {
      "geospatialTransform" : {
        "positionAccuracy" : 8.1354637485656731,
        "altitudeAccuracy" : 2.6570412227226208,
        "headingAccuracy" : 9.906314929774382,
        "heading" : 293.81322581238271,
        "longitude" : -71.264505368376021,
        "altitude" : 36.295416163280606,
        "latitude" : 42.293871996645223
      },
      "cameraWorldTransform" : [
        -0.10861589759588242,
        -0.94273382425308228,
        0.31536522507667542,
        0,
        0.79636299610137939,
        0.1073601245880127,
        0.59521371126174927,
        0,
        -0.59498578310012817,
        0.31579494476318359,
        0.73909741640090942,
        0,
        26.839223861694336,
        1.3253214359283447,
        -92.270278930664062,
        1
      ]
    },
    {
      "geospatialTransform" : {
        "headingAccuracy" : 9.9779357632659647,
        "heading" : 298.36614296445481,
        "altitude" : 36.256829232908785,
        "latitude" : 42.293874668301733,
        "altitudeAccuracy" : 2.4589101861412237,
        "positionAccuracy" : 6.7605774140798687,
        "longitude" : -71.264505640948443
      },
      "cameraWorldTransform" : [
        -0.14149922132492065,
        -0.96342968940734863,
        0.22755436599254608,
        0,
        0.74277305603027344,
        0.048631664365530014,
        0.66777455806732178,
        0,
        -0.65442019701004028,
        0.26351085305213928,
        0.70872825384140015,
        0,
        27.82194709777832,
        1.1964219808578491,
        -93.613433837890625,
        1
      ]
    },
    {
      "geospatialTransform" : {
        "positionAccuracy" : 6.6859160355832188,
        "latitude" : 42.293879394280928,
        "headingAccuracy" : 9.8097200353587528,
        "heading" : 302.9155023076579,
        "altitudeAccuracy" : 2.4380515288326223,
        "altitude" : 36.185190225951374,
        "longitude" : -71.264519631755078
      },
      "cameraWorldTransform" : [
        -0.29744508862495422,
        -0.85975229740142822,
        0.41515302658081055,
        0,
        0.69383448362350464,
        0.1040433943271637,
        0.71257865428924561,
        0,
        -0.65583521127700806,
        0.50000065565109253,
        0.56557869911193848,
        0,
        28.715797424316406,
        1.113298773765564,
        -94.769439697265625,
        1
      ]
    },
    {
      "cameraWorldTransform" : [
        -0.26055824756622314,
        -0.91149002313613892,
        0.31826886534690857,
        0,
        0.71044063568115234,
        0.042205169796943665,
        0.70249021053314209,
        0,
        -0.65374547243118286,
        0.40915080904960632,
        0.63656270503997803,
        0,
        29.513572692871094,
        1.1131982803344727,
        -95.957778930664062,
        1
      ],
      "geospatialTransform" : {
        "positionAccuracy" : 6.6547667093547771,
        "altitudeAccuracy" : 2.4185628606131684,
        "altitude" : 36.199477514252067,
        "heading" : 301.19429113060386,
        "longitude" : -71.264534236951391,
        "headingAccuracy" : 9.6520011030537312,
        "latitude" : 42.293883600565486
      }
    },
    {
      "cameraWorldTransform" : [
        -0.081749223172664642,
        -0.98366105556488037,
        0.16039885580539703,
        0,
        0.65232807397842407,
        0.068867184221744537,
        0.75480139255523682,
        0,
        -0.75351500511169434,
        0.16633713245391846,
        0.63603991270065308,
        0,
        30.329288482666016,
        0.98467260599136353,
        -97.108734130859375,
        1
      ],
      "geospatialTransform" : {
        "altitude" : 36.092508590780199,
        "headingAccuracy" : 9.6023888088573823,
        "longitude" : -71.264548490260196,
        "positionAccuracy" : 6.6432908219133004,
        "latitude" : 42.293888960153964,
        "altitudeAccuracy" : 2.4089023789626367,
        "heading" : 306.20250943452584
      }
    },
    {
      "geospatialTransform" : {
        "positionAccuracy" : 6.654239920487222,
        "longitude" : -71.264566098564899,
        "headingAccuracy" : 9.5974557839804451,
        "heading" : 302.04394220850617,
        "altitude" : 35.962370189838111,
        "latitude" : 42.293895519347899,
        "altitudeAccuracy" : 2.3956806492980807
      },
      "cameraWorldTransform" : [
        -0.13959291577339172,
        -0.96782302856445312,
        0.20936192572116852,
        0,
        0.71376639604568481,
        0.048200268298387527,
        0.69872325658798218,
        0,
        -0.68633168935775757,
        0.24697236716747284,
        0.68407118320465088,
        0,
        31.294769287109375,
        0.84322202205657959,
        -98.526748657226562,
        1.0000001192092896
      ]
    },
    {
      "cameraWorldTransform" : [
        -0.17760905623435974,
        -0.94396078586578369,
        0.2781955897808075,
        0,
        0.73576396703720093,
        0.060358863323926926,
        0.67454248666763306,
        0,
        -0.65353339910507202,
        0.32449126243591309,
        0.68381220102310181,
        0,
        32.284599304199219,
        0.87707841396331787,
        -99.835983276367188,
        1
      ],
      "geospatialTransform" : {
        "altitude" : 36.020957255735993,
        "positionAccuracy" : 6.654534937365427,
        "headingAccuracy" : 9.6520564835532472,
        "longitude" : -71.264581081947838,
        "heading" : 301.40414086913074,
        "altitudeAccuracy" : 2.3777687994791803,
        "latitude" : 42.293903366327896
      }
    },
    {
      "geospatialTransform" : {
        "positionAccuracy" : 6.6575331372668982,
        "altitudeAccuracy" : 2.3690860222708747,
        "heading" : 303.01456004380395,
        "headingAccuracy" : 9.6754541485059189,
        "altitude" : 36.070316559635103,
        "latitude" : 42.293912218113647,
        "longitude" : -71.264594286645476
      },
      "cameraWorldTransform" : [
        -0.21054786443710327,
        -0.94245666265487671,
        0.25970134139060974,
        0,
        0.72434234619140625,
        0.02800346352159977,
        0.68887126445770264,
        0,
        -0.65650385618209839,
        0.33315309882164001,
        0.67676526308059692,
        0,
        33.312564849853516,
        0.89430266618728638,
        -101.00114440917969,
        1
      ]
    },
    {
      "geospatialTransform" : {
        "altitude" : 36.125603803433478,
        "headingAccuracy" : 9.6747240599687441,
        "altitudeAccuracy" : 2.3595713604728679,
        "longitude" : -71.264608045471022,
        "heading" : 286.93629780820879,
        "latitude" : 42.293920378303248,
        "positionAccuracy" : 6.6687160118305693
      },
      "cameraWorldTransform" : [
        -0.15610812604427338,
        -0.95853030681610107,
        0.23843197524547577,
        0,
        0.88796353340148926,
        -0.030464379116892815,
        0.45890364050865173,
        0,
        -0.43260934948921204,
        0.28335750102996826,
        0.85589581727981567,
        0,
        34.266044616699219,
        0.91961538791656494,
        -102.22621917724609,
        1.0000001192092896
      ]
    },
    {
      "cameraWorldTransform" : [
        -0.18131878972053528,
        -0.9276728630065918,
        0.326414555311203,
        0,
        0.8611568808555603,
        0.01051009725779295,
        0.50823056697845459,
        0,
        -0.47490236163139343,
        0.37324589490890503,
        0.7969660758972168,
        0,
        35.326137542724609,
        0.95653766393661499,
        -103.52877807617188,
        1
      ],
      "geospatialTransform" : {
        "altitudeAccuracy" : 2.3486612607721473,
        "latitude" : 42.293929816728564,
        "heading" : 291.49490874006506,
        "headingAccuracy" : 9.6641483694799781,
        "positionAccuracy" : 6.6878914795815732,
        "altitude" : 36.18740544654429,
        "longitude" : -71.264622411490038
      }
    },
    {
      "cameraWorldTransform" : [
        -0.10953792929649353,
        -0.93247491121292114,
        0.34422636032104492,
        0,
        0.90444046258926392,
        0.050144311040639877,
        0.4236423671245575,
        0,
        -0.4122968316078186,
        0.35773718357086182,
        0.8378753662109375,
        0,
        36.198188781738281,
        1.0212711095809937,
        -104.80870056152344,
        1
      ],
      "geospatialTransform" : {
        "positionAccuracy" : 6.7043178052997821,
        "altitude" : 36.284900957718492,
        "altitudeAccuracy" : 2.3335834790386678,
        "heading" : 287.48983894438391,
        "latitude" : 42.293938012697801,
        "longitude" : -71.264635766739659,
        "headingAccuracy" : 9.5654559940774639
      }
    },
    {
      "geospatialTransform" : {
        "altitudeAccuracy" : 2.3136455672104299,
        "latitude" : 42.293945311277568,
        "longitude" : -71.264648744027227,
        "positionAccuracy" : 6.7041277190364017,
        "altitude" : 36.388647118583322,
        "heading" : 287.39784535467555,
        "headingAccuracy" : 9.4359835537344239
      },
      "cameraWorldTransform" : [
        -0.10359635204076767,
        -0.94405829906463623,
        0.31308388710021973,
        0,
        0.91073989868164062,
        0.036483507603406906,
        0.41136544942855835,
        0,
        -0.39977535605430603,
        0.32775405049324036,
        0.85601210594177246,
        0,
        36.977439880371094,
        1.0851761102676392,
        -106.09559631347656,
        1
      ]
    },
    {
      "cameraWorldTransform" : [
        -0.0027319611981511116,
        -0.97415679693222046,
        0.22585588693618774,
        0,
        0.97562229633331299,
        0.046965431421995163,
        0.21437150239944458,
        0,
        -0.21943888068199158,
        0.22093573212623596,
        0.95028084516525269,
        0,
        37.491287231445312,
        1.1505463123321533,
        -107.43988037109375,
        1
      ],
      "geospatialTransform" : {
        "heading" : 276.29839600999765,
        "altitudeAccuracy" : 2.3023068560351376,
        "headingAccuracy" : 9.3216485435427039,
        "positionAccuracy" : 6.6953562956285024,
        "latitude" : 42.2939503399637,
        "longitude" : -71.264662212169213,
        "altitude" : 36.502720702439547
      }
    },
    {
      "cameraWorldTransform" : [
        0.14691753685474396,
        -0.96435022354125977,
        0.22009970247745514,
        0,
        0.94569939374923706,
        0.071718007326126099,
        -0.31703156232833862,
        0,
        0.28994438052177429,
        0.25472566485404968,
        0.92252206802368164,
        0,
        37.454914093017578,
        1.1444844007492065,
        -108.86924743652344,
        1
      ],
      "geospatialTransform" : {
        "headingAccuracy" : 9.2239564826693332,
        "altitude" : 36.545561586506665,
        "longitude" : -71.264676398104612,
        "latitude" : 42.293950500874011,
        "heading" : 246.39160793251421,
        "positionAccuracy" : 6.6904572413828811,
        "altitudeAccuracy" : 2.3022002773574681
      }
    },
    {
      "geospatialTransform" : {
        "headingAccuracy" : 9.0696262497268325,
        "latitude" : 42.293947049036873,
        "heading" : 249.16023332512574,
        "altitude" : 36.550930634140968,
        "altitudeAccuracy" : 2.2982383529712593,
        "positionAccuracy" : 6.6728562626366381,
        "longitude" : -71.264690997587792
      },
      "cameraWorldTransform" : [
        0.16624061763286591,
        -0.95728009939193726,
        0.23659816384315491,
        0,
        0.95302295684814453,
        0.094363830983638763,
        -0.28782346844673157,
        0,
        0.25320139527320862,
        0.27333149313926697,
        0.92799705266952515,
        0,
        36.972068786621094,
        1.1097770929336548,
        -110.34027099609375,
        1
      ]
    },
    {
      "geospatialTransform" : {
        "latitude" : 42.293939628077339,
        "altitudeAccuracy" : 2.2947865889516943,
        "heading" : 225.98761218519743,
        "positionAccuracy" : 6.6307178250760916,
        "altitude" : 36.647650324739516,
        "longitude" : -71.264700884954649,
        "headingAccuracy" : 8.893593803102565
      },
      "cameraWorldTransform" : [
        0.21254406869411469,
        -0.96271562576293945,
        0.16734218597412109,
        0,
        0.76228976249694824,
        0.056215628981590271,
        -0.64478963613510132,
        0,
        0.61134195327758789,
        0.26460951566696167,
        0.74581664800643921,
        0,
        35.983760833740234,
        1.1693885326385498,
        -111.42857360839844,
        1
      ]
    },
    {
      "geospatialTransform" : {
        "positionAccuracy" : 6.5905816183213082,
        "longitude" : -71.264713738970613,
        "altitude" : 36.67133195605129,
        "heading" : 226.29813873378984,
        "headingAccuracy" : 8.7674982345551964,
        "latitude" : 42.293931649906412,
        "altitudeAccuracy" : 2.2881812042616976
      },
      "cameraWorldTransform" : [
        0.21418993175029755,
        -0.95438927412033081,
        0.20799931883811951,
        0,
        0.76295846700668335,
        0.030498150736093521,
        -0.64572757482528687,
        0,
        0.60993188619613647,
        0.29700320959091187,
        0.7346917986869812,
        0,
        34.952217102050781,
        1.1593583822250366,
        -112.71378326416016,
        1.0000001192092896
      ]
    },
    {
      "geospatialTransform" : {
        "altitudeAccuracy" : 2.2841644581738012,
        "latitude" : 42.293922841703569,
        "positionAccuracy" : 6.5605001852121756,
        "longitude" : -71.264727372651151,
        "altitude" : 36.688646845519543,
        "heading" : 223.14042774760205,
        "headingAccuracy" : 8.6114821786222588
      },
      "cameraWorldTransform" : [
        0.21489304304122925,
        -0.962199866771698,
        0.16730839014053345,
        0,
        0.71741509437561035,
        0.039283197373151779,
        -0.69553720951080322,
        0,
        0.66267353296279907,
        0.26949572563171387,
        0.69873857498168945,
        0,
        33.811115264892578,
        1.1327841281890869,
        -114.03863525390625,
        1
      ]
    },
    {
      "cameraWorldTransform" : [
        0.23062364757061005,
        -0.97055321931838989,
        0.069563254714012146,
        0,
        0.6202007532119751,
        0.091532677412033081,
        -0.77908432483673096,
        0,
        0.74977558851242065,
        0.22281849384307861,
        0.62304747104644775,
        0,
        32.601455688476562,
        1.1306115388870239,
        -115.209716796875,
        1
      ],
      "geospatialTransform" : {
        "headingAccuracy" : 8.3662630400512423,
        "latitude" : 42.293913399766467,
        "altitudeAccuracy" : 2.2780523750087123,
        "positionAccuracy" : 6.5246612101407875,
        "altitude" : 36.727123180404305,
        "heading" : 216.79544933818275,
        "longitude" : -71.264739340296643
      }
    },
    {
      "cameraWorldTransform" : [
        0.27833163738250732,
        -0.95529204607009888,
        0.099742263555526733,
        0,
        0.63069796562194824,
        0.10345663130283356,
        -0.76910120248794556,
        0,
        0.72439724206924438,
        0.2769724428653717,
        0.63129603862762451,
        0,
        31.220943450927734,
        1.1303716897964478,
        -116.34701538085938,
        1
      ],
      "geospatialTransform" : {
