{
  "navigationDataTime" : [
    0.0015429258346557617,
    0.304068922996521,
    0.60457491874694824,
    0.90406298637390137,
    1.2045539617538452,
    1.5043659210205078,
    1.8045430183410645,
    2.1045689582824707,
    2.404526948928833,
    2.7045829296112061,
    3.0842189788818359,
    3.3045769929885864,
    3.6042549610137939,
    3.9047030210494995,
    4.2042080163955688,
    4.5042309761047363,
    4.8046000003814697,
    5.1046119928359985,
    5.4045119285583496,
    5.7293879985809326,
    6.003978967666626,
    6.3045480251312256,
    6.6245249509811401,
    6.9046169519424438,
    7.2043160200119019,
    7.6038910150527954,
    7.8045469522476196,
    8.1045119762420654,
    8.4045939445495605,
    8.7045059204101562,
    9.0347340106964111,
    9.3046609163284302,
    9.6039019823074341,
    9.9310380220413208,
    10.204180002212524,
    10.504626989364624,
    10.939352989196777,
    11.104610919952393,
    11.404632925987244,
    11.703948020935059,
    12.054756999015808,
    12.304551959037781,
    12.603559970855713,
    12.9042649269104,
    13.217034935951233,
    13.504608988761902,
    13.804556965827942,
    14.113889932632446,
    14.404592990875244,
    14.70461094379425,
    15.031214952468872,
    15.303627014160156,
    15.604404926300049,
    15.903846979141235,
    16.204625964164734,
    16.58466899394989,
    16.804628968238831,
    17.104617953300476,
    17.404575943946838,
    17.704168915748596,
    18.004562020301819,
    18.304574966430664,
    18.604606986045837,
    18.904422998428345,
    19.204546928405762,
    19.504611968994141,
    19.88224196434021,
    20.104537010192871,
    20.4044269323349,
    20.704162001609802,
    21.004197955131531,
    21.3037189245224,
    21.604552984237671,
    21.903924942016602,
    22.204613924026489,
    22.504625916481018,
    22.804561972618103,
    23.104583978652954,
    23.404567003250122,
    23.704319000244141,
    24.004639029502869,
    24.408283948898315,
    24.603744983673096,
    24.904475927352905,
    25.204625964164734,
    25.533790946006775,
    25.804556012153625,
    26.104629993438721,
    26.404590010643005,
    26.70461893081665,
    27.003832936286926,
    27.304633975028992,
    27.604530930519104,
    27.903803944587708,
    28.204587936401367,
    28.504565954208374,
    28.907714009284973,
    29.104628920555115,
    29.428697943687439,
    29.704072952270508,
    30.027994990348816,
    30.304756999015808,
    30.603615999221802,
    30.922814965248108,
    31.204564929008484,
    31.504630923271179,
    31.804597973823547,
    32.104687929153442,
    32.4045569896698,
    32.704648017883301,
    33.003917932510376,
    33.369835019111633,
    33.60425591468811,
    33.904577970504761,
    34.204507946968079,
    34.504593014717102,
    34.804647922515869,
    35.104591965675354,
    35.404659986495972,
    35.704578995704651,
    36.004598021507263,
    36.304636001586914,
    36.704455018043518,
    36.90428102016449,
    37.204604983329773,
    37.504642963409424,
    37.874133944511414,
    38.104607939720154,
    38.4045729637146,
    38.704622030258179,
    39.003690004348755,
    39.304517984390259,
    39.604370951652527,
    39.90382194519043,
    40.204625010490417,
    40.504619956016541,
    40.804631948471069,
    41.188056945800781,
    41.404591917991638,
    41.703648924827576,
    42.004625916481018,
    42.353946924209595,
    42.604579925537109,
    42.904278993606567,
    43.204600930213928,
    43.504637956619263,
    43.804612994194031,
    44.104650020599365,
    44.404668927192688,
    44.704651951789856,
    45.004650950431824,
    45.304240942001343,
    45.667703986167908,
    45.904461979866028,
    46.219551920890808,
    46.504684925079346,
    46.804168939590454,
    47.134755969047546,
    47.403875946998596,
    47.704628944396973,
    48.004462957382202,
    48.304666996002197,
    48.603968977928162,
    48.903819918632507,
    49.204538941383362,
    49.504676938056946,
    49.804662942886353,
    50.163254976272583,
    50.404660940170288,
    50.704625010490417,
    51.004666924476624,
    51.30460000038147,
    51.604071974754333,
    51.90412700176239,
    52.204056024551392,
    52.504678964614868,
    52.804682016372681,
    53.104627013206482,
    53.404647946357727,
    53.704612016677856,
    54.004356026649475,
    54.304674029350281,
    54.643098950386047,
    54.903733015060425,
    55.204553961753845,
    55.504676938056946,
    55.804594993591309,
    56.104604959487915,
    56.404676914215088,
    56.704608917236328,
    57.004645943641663,
    57.304678916931152,
    57.60403299331665,
    57.984262943267822,
    58.204259991645813,
    58.504706025123596,
    58.804636001586914,
    59.105069994926453,
    59.404685974121094,
    59.703927993774414,
    60.004501938819885,
    60.304692983627319,
    60.616096973419189,
    60.904232978820801,
    61.204681992530823,
    61.512599945068359,
    61.804631948471069,
    62.104632973670959,
    62.45167601108551,
    62.704421997070312,
    63.004051923751831,
    63.30467700958252,
    63.60447895526886,
    63.903903007507324,
    64.204421997070312,
    64.504666924476624,
    64.804674029350281,
    65.104637980461121,
    65.404649019241333,
    65.810321927070618,
    66.004703998565674,
    66.304700970649719,
    66.603912949562073,
    66.927456974983215,
    67.204704999923706,
    67.504693984985352,
    67.804736018180847,
    68.104598999023438,
    68.404690980911255,
    68.704700946807861,
    69.004673004150391,
    69.304431915283203,
    69.604658007621765,
    69.904713988304138,
    70.292104959487915,
    70.504642963409424,
    70.804734945297241,
    71.104653000831604,
    71.405269980430603,
    71.704716920852661,
    72.004709959030151,
    72.303890943527222,
    72.604671001434326,
    72.904719948768616,
    73.204707026481628,
    73.504645943641663,
    73.804700970649719,
    74.104719996452332,
    74.404649019241333,
    74.760136008262634,
    75.00465202331543,
    75.304728984832764,
    75.604529023170471,
    75.933941006660461,
    76.204657912254333,
    76.504724025726318,
    76.853454947471619,
    77.103947997093201,
    77.40450394153595,
    77.704720973968506,
    78.004727005958557,
    78.304328918457031,
    78.604727983474731,
    78.904647946357727,
    79.239776968955994,
    79.50409197807312,
    79.804728984832764,
    80.104718923568726,
    80.404727935791016,
    80.704712986946106,
    81.004732012748718,
    81.304018020629883,
    81.606640934944153,
    81.904735922813416,
    82.204723954200745,
    82.665503025054932,
    82.804724931716919,
    83.104364991188049,
    83.404683947563171,
    83.780707001686096,
    84.003706932067871,
    84.304571986198425,
    84.604745030403137,
    84.904415965080261,
    85.204679012298584,
    85.504668951034546,
    85.804692029953003,
    86.104732990264893,
    86.404278993606567,
    86.704036951065063,
    87.004750967025757,
    87.304141998291016,
    87.604859948158264,
    87.904685974121094,
    88.237046957015991,
    88.504745960235596,
    88.80472195148468,
    89.104423999786377,
    89.413424968719482,
    89.704747915267944,
    90.003871917724609,
    90.304695010185242,
    90.604730010032654,
    90.904734969139099,
    91.204674005508423,
    91.599223017692566,
    91.804751992225647,
    92.104700922966003,
    92.404673933982849,
    92.717448949813843,
    93.004719018936157,
    93.304230928421021,
    93.63782000541687,
    93.904736995697021,
    94.204767942428589,
    94.504698991775513,
    94.803887963294983,
    95.10465395450592,
    95.404711008071899,
    95.704720020294189,
    96.071285009384155,
    96.30474591255188,
    96.604707002639771,
    96.904698967933655,
    97.204661011695862,
    97.504753947257996,
    97.804688930511475,
    98.104761004447937,
    98.404356956481934,
    98.704193949699402,
    99.00475800037384,
    99.304381966590881,
    99.604761004447937,
    99.904667973518372,
    100.20469892024994,
    100.57956695556641,
    100.80372500419617,
    101.10458302497864,
    101.40477502346039,
    101.7456579208374,
    102.00396299362183,
    102.30466091632843,
    102.66332793235779,
    102.90467691421509,
    103.20471894741058,
    103.50476694107056,
    103.80478692054749,
    104.10474896430969,
    104.40475797653198,
    104.70392298698425,
    105.04288101196289,
    105.30411398410797,
    105.60471391677856,
    105.90430891513824,
    106.20474791526794,
    106.50480496883392,
    106.80480098724365,
    107.10430693626404,
    107.40470993518829,
    107.70478296279907,
    108.00471591949463,
    108.39681494235992,
    108.63488602638245,
    108.90477693080902,
    109.20479893684387,
    109.54956591129303,
    109.80478394031525,
    110.10477495193481,
    110.40470695495605,
    110.70449495315552,
    111.00431501865387,
    111.30472493171692,
    111.60396993160248,
    111.90473401546478,
    112.20478200912476,
    112.50472092628479,
    112.86585295200348,
    113.10390996932983,
    113.40386700630188,
    113.70482802391052,
    114.00471293926239,
    114.30406892299652,
    114.60473394393921,
    114.90473794937134,
    115.20476901531219,
    115.50474393367767,
    115.80473697185516,
    116.18855893611908,
    116.4047759771347,
    116.71927297115326,
    117.00403392314911,
    117.30505800247192,
    117.61503994464874,
    117.9047589302063,
    118.21336197853088,
    118.50478792190552,
    118.80472898483276,
    119.10479402542114,
    119.40448391437531,
    119.70472502708435,
    120.00476896762848,
    120.30481100082397,
    120.65845596790314,
    120.90425598621368,
    121.20471096038818,
    121.50472891330719,
    121.80477499961853,
    122.10472595691681,
    122.4047919511795,
    122.70476102828979,
    123.00466096401215,
    123.30422699451447,
    123.60481595993042,
    123.90451002120972,
    124.20664799213409,
    124.50476598739624,
    124.80482494831085,
    125.14073801040649,
    125.40397799015045,
    125.70470201969147,
    126.004763007164,
    126.30480098724365,
    126.60389399528503,
    126.90467691421509,
    127.20493292808533,
    127.50476801395416,
    127.80480694770813,
    128.10473799705505,
    128.49779200553894,
    128.70480096340179,
    129.0042849779129,
    129.30464899539948,
    129.62074398994446,
    129.90483391284943,
    130.20449900627136,
    130.50476002693176,
    130.80482196807861,
    131.10478401184082,
    131.40482592582703,
    131.70381593704224,
    132.00462400913239,
    132.30479395389557,
    132.6048059463501,
    132.97459697723389,
    133.20469391345978,
    133.50481402873993,
    133.80480492115021,
    134.10409498214722,
    134.4047509431839,
    134.70482993125916,
    135.00474298000336,
    135.3047479391098,
    135.60482096672058,
    135.90429401397705,
    136.20481598377228,
    136.50439894199371,
    136.80476796627045,
    137.10484600067139,
    137.51578593254089,
    137.7048579454422,
    138.00477302074432,
    138.30448293685913,
    138.60416698455811,
    138.90484201908112,
    139.20481598377228,
    139.50446999073029,
    139.80474698543549,
    140.10482895374298,
    140.40481996536255,
    140.79927599430084,
    141.00482392311096,
    141.30476295948029,
    141.60479199886322,
    141.90575194358826,
    142.20404493808746,
    142.50485396385193,
    142.80441200733185,
    143.10476493835449,
    143.40485692024231,
    143.70486497879028,
    144.00477492809296,
    144.30485796928406,
    144.60421192646027,
    144.90488600730896,
    145.26282000541687,
    145.50400102138519,
    145.80443394184113,
    146.10478591918945,
    146.4359849691391,
    146.70426595211029,
    147.00477802753448,
    147.33068895339966,
    147.60477697849274,
    147.90484893321991,
    148.20477795600891,
    148.50481593608856,
    148.80444800853729,
    149.10397601127625,
    149.40464496612549,
    149.7265340089798,
    150.00479400157928,
    150.30487394332886,
    150.60483396053314,
    150.90394997596741,
    151.20438897609711,
    151.53393602371216,
    151.80483102798462,
    152.10481691360474,
    152.40451991558075,
    152.70479393005371,
    153.1115779876709,
    153.30478000640869,
    153.60479497909546,
    153.90477097034454,
    154.2313369512558,
    154.50476491451263,
    154.80483496189117,
    155.10422098636627,
    155.40468895435333,
    155.70393598079681,
    156.00474894046783,
    156.30483496189117,
    156.60479199886322,
    156.90485596656799,
    157.20486199855804,
    157.58338391780853,
    157.804692029953,
    158.10480797290802,
    158.40478694438934,
    158.70426595211029,
    159.00455093383789,
    159.30480301380157,
    159.6048309803009,
    159.90485596656799,
    160.20478892326355,
    160.50484693050385,
    160.80450093746185,
    161.10486793518066,
    161.40460693836212,
    161.70883500576019,
    162.06035602092743,
    162.30480599403381,
    162.60487794876099,
    162.90481901168823,
    163.20479595661163,
    163.50487995147705,
    163.80488300323486,
    164.10434699058533,
    164.40490400791168,
    164.70484602451324,
    165.0049329996109,
    165.4121949672699,
    165.60482394695282,
    165.90435695648193,
    166.20484101772308,
    166.52207100391388,
    166.80488991737366,
    167.10482001304626,
    167.4047919511795,
    167.70480394363403,
    168.00468099117279,
    168.30487096309662
  ],
  "geoSpatialTransformTimes" : [
    62.35279905796051,
    62.656612038612366,
    62.957242012023926,
    63.274659991264343,
    63.592269062995911,
    63.892794966697693,
    64.194730043411255,
    64.590412020683289,
    64.895328044891357,
    65.197188019752502,
    65.49795401096344,
    65.814476013183594,
    66.11737596988678,
    66.434805035591125,
    66.840419054031372,
    67.153110980987549,
    67.46951699256897,
    67.77019202709198,
    68.071083068847656,
    68.372207999229431,
    68.673583030700684,
    69.087090969085693,
    69.393236041069031,
    69.721219062805176,
    70.028393030166626,
    70.343369007110596,
    70.645151019096375,
    70.946655988693237,
    71.331102967262268,
    71.631898999214172,
    71.932273983955383,
    72.233690023422241,
    72.533861041069031,
    72.835237979888916,
    73.13568103313446,
    73.436782002449036,
    73.737702012062073,
    74.038796067237854,
    74.341210007667542,
    74.677428007125854,
    74.99249005317688,
    75.293084025382996,
    75.593538045883179,
    75.893642067909241,
    76.194926023483276,
    76.496149063110352,
    76.913547992706299,
    77.214809060096741,
    77.516759037971497,
    77.834272980690002,
    78.150657057762146,
    78.452934980392456,
    78.754088044166565,
    79.146880030632019,
    79.454599022865295,
    79.755607008934021,
    80.05613899230957,
    80.357752084732056,
    80.658141016960144,
    80.959136009216309,
    81.27920401096344,
    81.593649983406067,
    81.895174026489258,
    82.196016073226929,
    82.54193902015686,
    82.847251057624817,
    83.148836016654968,
    83.477007985115051,
    83.783401012420654,
    84.084562063217163,
    84.393550992012024,
    84.786558985710144,
    85.088191986083984,
    85.389422059059143,
    85.690461993217468,
    85.990684986114502,
    86.290817975997925,
    86.59154999256134,
    86.893315076828003,
    87.194285035133362,
    87.510624051094055,
    87.812563061714172,
    88.131479978561401,
    88.447052001953125,
    88.74835205078125,
    89.048457026481628,
    89.365578055381775,
    89.667937994003296,
    89.96812105178833,
    90.366505980491638,
    90.670114040374756,
    90.971168041229248,
    91.271672010421753,
    91.57175600528717,
    91.874060988426208,
    92.191423058509827,
    92.638761043548584,
    92.942862987518311,
    93.243584036827087,
    93.561176061630249,
    93.862722992897034,
    94.163997054100037,
    94.464523077011108,
    94.898213982582092,
    95.198970079421997,
    95.500954031944275,
    95.818420052528381,
    96.128610014915466,
    96.436817049980164,
    96.736945033073425,
    97.147269010543823,
    97.455023050308228,
    97.756021022796631,
    98.057241082191467,
    98.373779058456421,
    98.675104022026062,
    98.993764042854309,
    99.392389059066772,
    99.695468068122864,
    100.01355004310608,
    100.32900202274323,
    100.63067603111267,
    100.93231499195099,
    101.23319804668427,
    101.62503397464752,
    101.93386900424957,
    102.23599600791931,
    102.53687000274658,
    102.85389196872711,
    103.17092096805573,
    103.47170603275299,
    103.85457897186279,
    104.15797400474548,
    104.47521102428436,
    104.79303097724915,
    105.1107029914856,
    105.42718100547791,
    105.72827506065369,
    106.0683159828186,
    106.37974905967712,
    106.68078207969666,
    106.98191499710083,
    107.28297007083893,
    107.58412897586823,
    107.90061807632446,
    108.31326699256897,
    108.62029206752777,
    108.93795204162598,
    109.25538098812103,
    109.57178902626038,
    109.87292504310608,
    110.17410504817963,
    110.55213308334351,
    110.85884201526642,
    111.15990400314331,
    111.46093606948853,
    111.76220107078552,
    112.06239104270935,
    112.36336302757263,
    112.66467201709747,
    112.9811110496521,
    113.2829350233078,
    113.58379805088043,
    113.90682399272919,
    114.21780002117157,
    114.519327044487,
    114.82106697559357,
    115.13770198822021,
    115.43804907798767,
    115.73885500431061,
    116.16232597827911,
    116.49842500686646,
    116.80851900577545,
    117.1106550693512,
    117.42767298221588,
    117.72863900661469,
    118.02989196777344,
    118.4007740020752,
    118.71369397640228,
    119.03246307373047,
    119.34964597225189,
    119.65022599697113,
    119.95030605792999,
    120.25121307373047,
    120.65067005157471,
    120.95322000980377,
    121.25366103649139,
    121.5558819770813,
    121.87200903892517,
    122.17298197746277,
    122.47439706325531,
    122.88980102539062,
    123.19262397289276,
    123.4935450553894,
    123.79386007785797,
    124.09575498104095,
    124.39696598052979,
    124.69811499118805,
    124.99836802482605,
    125.29838705062866,
    125.60073506832123,
    125.90095102787018,
    126.23510098457336,
    126.53545904159546,
    126.83625197410583,
    127.13831102848053,
    127.45436108112335,
    127.75567805767059,
    128.05659902095795,
    128.46614098548889,
    128.77496206760406,
    129.07618999481201,
    129.37780404090881,
    129.693922996521,
    129.99630105495453,
    130.29632008075714,
    130.70930206775665,
    131.01510405540466,
    131.32412207126617,
    131.63418698310852,
    131.9506710767746,
    132.25181603431702,
    132.5542140007019,
    132.92916405200958,
    133.23871004581451,
    133.53914606571198,
    133.84145307540894,
    134.15782999992371,
    134.45818603038788,
    134.75936901569366,
    135.17485797405243,
    135.47864198684692,
    135.77873301506042,
    136.08117306232452,
    136.39659297466278,
    136.69862008094788,
    137.00034308433533,
    137.41517400741577,
    137.71831297874451,
    138.01869201660156,
    138.31977903842926,
    138.61993801593781,
    138.92222905158997,
    139.2231410741806,
    139.52453005313873,
    139.84070408344269,
    140.14136397838593,
    140.44229197502136,
    140.76605105400085,
    141.07834601402283,
    141.39490103721619,
    141.69624304771423,
    141.99638700485229,
    142.29830408096313,
    142.59997606277466,
    143.01380097866058,
    143.3181459903717,
    143.61865901947021,
    143.91926205158234,
    144.21979200839996,
    144.52120101451874,
    144.821662068367,
    145.12228405475616,
    145.42299997806549,
    145.74504601955414,
    146.0583530664444,
    146.36563205718994,
    146.68325805664062,
    146.99306297302246,
    147.29567098617554,
    147.60007798671722,
    147.91500103473663,
    148.23211705684662,
    148.60316002368927,
    148.94431602954865,
    149.25138401985168,
    149.5526340007782,
    149.87006103992462,
    150.1708550453186,
    150.5020010471344,
    150.85227298736572,
    151.15596008300781,
    151.45704698562622,
    151.75904905796051,
    152.07354700565338,
    152.37586998939514,
    152.67825400829315,
    152.97834599018097,
    153.27927696704865,
    153.57964599132538,
    153.88054704666138,
    154.24829602241516,
    154.54907500743866,
    154.85179603099823,
    155.16875803470612,
    155.48576104640961,
    155.78643500804901,
    156.08807098865509,
    156.47849202156067,
    156.79041504859924,
    157.09075200557709,
    157.39086902141571,
    157.6913970708847,
    157.99304306507111,
    158.33041203022003,
    158.71495199203491,
    159.02792108058929,
    159.32914400100708,
    159.62996006011963,
    159.93059897422791,
    160.23144006729126,
    160.53362798690796,
    160.96331906318665,
    161.26822602748871,
    161.56920301914215,
    161.86978900432587,
    162.17021703720093,
    162.4712450504303,
    162.77354502677917,
    163.07415199279785,
    163.39084303379059,
    163.69220197200775,
    163.99260604381561,
    164.32563900947571,
    164.62809598445892,
    164.92831599712372,
    165.23059403896332,
    165.53069305419922,
    165.83123004436493,
    166.1325249671936,
    166.43255007266998,
    166.73293507099152,
    167.03403496742249,
    167.33463907241821,
    167.68540406227112,
    167.98649704456329,
    168.28874003887177,
    168.58895206451416,
    168.88977408409119,
    169.1906909942627,
    169.4915599822998,
    169.79299700260162,
    170.12690401077271,
    170.44477605819702,
    170.76139402389526,
    171.10773098468781,
    171.41368198394775,
    171.71471202373505,
    172.02593302726746,
    172.33185398578644,
    172.63366103172302,
    172.93436503410339,
    173.29653906822205,
    173.60200202465057,
    173.90292406082153,
    174.20375204086304,
    174.5037590265274,
    174.80496108531952,
    175.10738599300385,
    175.51838707923889,
    175.82580399513245,
    176.12668406963348,
    176.44301700592041,
    176.74331903457642,
    177.06117904186249,
    177.36196506023407,
    177.76102006435394,
    178.06414997577667,
    178.36508202552795,
    178.66589903831482,
    178.98275399208069,
    179.28422105312347,
    179.58501899242401,
    179.9871940612793,
    180.30338907241821,
    180.60401999950409,
    180.90493297576904,
    181.20557403564453,
    181.5246170759201,
    181.84097397327423,
    182.22884607315063,
    182.54392600059509,
    182.84415400028229,
    183.14466404914856,
    183.44594204425812,
    183.74602603912354,
    184.04820799827576,
    184.4400349855423,
    184.75011003017426,
    185.05095505714417,
    185.35178208351135,
    185.66768705844879,
    185.96896505355835,
    186.27125597000122,
    186.66663897037506,
    186.97914803028107,
    187.2890989780426,
    187.59000897407532,
    187.89162600040436,
    188.19287598133087,
    188.4937139749527,
    188.89969801902771,
    189.21086597442627,
    189.5120040178299,
    189.81290102005005,
    190.11321198940277,
    190.41383802890778,
    190.71556103229523,
    191.01710498332977,
    191.31750500202179,
    191.61869204044342,
    191.93618607521057,
    192.27074098587036,
    192.63214302062988,
    192.93848097324371,
    193.2385630607605,
    193.57045197486877,
    193.91585099697113,
    194.22443604469299,
    194.52496707439423,
    194.82618403434753,
    195.12755906581879,
    195.42937803268433,
    195.74478197097778,
    196.04614198207855,
    196.36485803127289,
    196.74751007556915,
    197.04974603652954,
    197.35048997402191,
    197.65074503421783,
    197.96829104423523,
    198.26894497871399,
    198.56984603404999,
    198.98490405082703,
    199.28848302364349,
    199.58871603012085,
    199.89051806926727,
    200.20762300491333,
    200.50873696804047,
    200.80893504619598,
    201.2269880771637,
    201.528156042099,
    201.82881808280945,
    202.13029301166534,
    202.43070805072784,
    202.73204100131989,
    203.04814207553864,
    203.46567296981812,
    203.76627600193024,
    204.06702101230621,
    204.36794400215149,
    204.66924202442169,
    204.9862459897995,
    205.28699004650116,
    205.58861804008484,
    205.90596008300781,
    206.20620799064636,
    206.50713503360748,
    206.82563602924347,
    207.1263210773468,
    207.42718398571014,
    207.72828102111816,
    208.04352807998657,
    208.34496402740479,
    208.64669501781464,
    209.05444502830505,
    209.36421000957489,
    209.6649249792099,
    209.96592998504639,
    210.2668319940567,
    210.57217502593994,
    210.88518404960632,
    211.27020907402039,
    211.6173290014267,
    211.92105102539062,
    212.22309398651123,
    212.53812897205353,
    212.87580704689026,
    213.19005405902863,
    213.49563097953796,
    213.80976998806,
    214.11039006710052,
    214.41116297245026,
    214.71120202541351,
    215.01216506958008,
    215.31358706951141,
    215.61370408535004,
    215.91448104381561,
    216.24693608283997,
    216.55137503147125,
    216.85609900951385,
    217.16378104686737,
    217.46977603435516,
    217.77099204063416,
    218.08064603805542,
    218.38755905628204,
    218.68850898742676,
    219.09055507183075,
    219.42472398281097,
    219.72564804553986,
    220.02605700492859,
    220.34374499320984,
    220.64486503601074,
    220.96078705787659,
    221.34993600845337,
    221.6618390083313,
    221.96308708190918,
    222.30477297306061,
    222.61493897438049,
    222.91594505310059,
    223.22170197963715,
    223.5956050157547,
    223.90172398090363,
    224.20303606987,
    224.50375306606293,
    224.82072508335114,
    225.12155604362488,
    225.42259097099304,
    225.83011698722839,
    226.1407630443573,
    226.44154298305511,
    226.74235498905182,
    227.04285800457001,
    227.34487199783325,
    227.66165697574615,
    228.06864404678345,
    228.38079905509949,
    228.68211805820465,
    228.99940204620361,
    229.31506204605103,
    229.61601901054382,
    229.917072057724,
    230.30750906467438,
    230.62008500099182,
    230.92104804515839,
    231.22145199775696,
    231.53783106803894,
    231.83907997608185,
    232.14134097099304,
    232.5336229801178,
    232.84150302410126,
    233.16240704059601,
    233.52791202068329,
    233.82817006111145,
    234.12929308414459,
    234.42949903011322,
    234.77623498439789,
    235.08211004734039,
    235.3997859954834,
    235.71594905853271,
    236.03271007537842,
    236.33390700817108,
    236.68228399753571,
    237.000333070755,
    237.30382406711578,
    237.62109899520874
  ],
  "PathType" : "0",
  "speechData" : [
    "Cloud Anchor Resolved",
    "Slight right and proceed 12 feet. Correction for phone \/ body offset will be updated as you start walking.",
    "Cloud Anchor Resolved",
    "Slight left and proceed 14 feet",
    "Slight left and proceed 6 feet",
    "Slight right and proceed 10 feet",
    "Slight right and proceed 9 feet",
    "Turn right and proceed 55 feet",
    "Cloud Anchor Resolved",
    "Slight left and proceed 15 feet",
    "Slight left and proceed 7 feet",
    "Continue straight and proceed 14 feet",
    "Continue straight and proceed 38 feet",
    "Slight right and proceed 8 feet",
    "Turn right and proceed 9 feet",
    "Slight left and proceed 2 feet"
  ],
  "geoLocationAlignmentAttemptTimes" : [

  ],
  "savedRouteGeospatialLocations" : [
    {
      "altitude" : 35.840803989209235,
      "headingUncertainty" : 11.794093704323506,
      "horizontalUncertainty" : 37.748426108433975,
      "longitude" : -71.264030863890909,
      "geoAnchorTransform" : [
        -0.11410753428936005,
        -6.9614007891516394e-09,
        -0.99346840381622314,
        0,
        1.0923838722476376e-08,
        1,
        -8.261856088154218e-09,
        0,
        0.99346840381622314,
        -1.1795228793687329e-08,
        -0.11410753428936005,
        0,
        19.24028205871582,
        0.21459896862506866,
        -11.83390998840332,
        1
      ],
      "altitudeUncertainty" : 5.4542818718031452,
      "GARAnchorUUID" : "",
      "latitude" : 42.293826727820232,
      "heading" : 74.683048565136673
    },
    {
      "geoAnchorTransform" : [
        -0.13545332849025726,
        -5.1593991301501774e-09,
        -0.99078375101089478,
        0,
        6.4621241691042997e-09,
        1,
        -6.0908504906365124e-09,
        0,
        0.99078375101089478,
        -7.227593634695495e-09,
        -0.13545332849025726,
        0,
        19.241920471191406,
        0.24783490598201752,
        -11.837837219238281,
        1
      ],
      "altitude" : 35.874697349965572,
      "horizontalUncertainty" : 37.749760795378521,
      "heading" : 73.446517204466829,
      "headingUncertainty" : 11.787820275259895,
      "longitude" : -71.26403084608684,
      "altitudeUncertainty" : 5.4526080351675503,
      "latitude" : 42.29382675103362,
      "GARAnchorUUID" : ""
    },
    {
      "altitude" : 35.857082265429199,
      "longitude" : -71.26402845884067,
      "GARAnchorUUID" : "",
      "geoAnchorTransform" : [
        0.10732024163007736,
        3.4330438491991799e-09,
        -0.99422448873519897,
        0,
        1.2687042527659287e-09,
        1,
        3.5899350159240839e-09,
        0,
        0.99422448873519897,
        -1.6466495944555959e-09,
        0.10732024163007736,
        0,
        19.235759735107422,
        0.2539975643157959,
        -11.789638519287109,
        1
      ],
      "headingUncertainty" : 11.848949096619346,
      "altitudeUncertainty" : 5.4193427462529753,
      "horizontalUncertainty" : 38.344962106532364,
      "latitude" : 42.293823222012954,
      "heading" : 87.46114394443903
    },
    {
      "horizontalUncertainty" : 38.551921888314155,
      "headingUncertainty" : 11.880602318508519,
      "altitude" : 35.837576215155423,
      "heading" : 92.410107291679523,
      "altitudeUncertainty" : 5.4117592784222444,
      "geoAnchorTransform" : [
        0.19228710234165192,
        5.3173976333198425e-09,
        -0.9813387393951416,
        0,
        5.6747395671408185e-10,
        1,
        5.5297069145865407e-09,
        0,
        0.9813387393951416,
        -1.6201754382549893e-09,
        0.19228710234165192,
        0,
        19.234500885009766,
        0.24300380051136017,
        -11.778314590454102,
        1
      ],
      "GARAnchorUUID" : "",
      "longitude" : -71.264027630376347,
      "latitude" : 42.293822045510566
    },
    {
      "headingUncertainty" : 11.898384247165254,
      "horizontalUncertainty" : 36.428207156587582,
      "altitudeUncertainty" : 4.6451343968196079,
      "GARAnchorUUID" : "",
      "geoAnchorTransform" : [
        0.38420361280441284,
        5.8561466786954952e-09,
        -0.92324841022491455,
        0,
        -9.0811685948821719e-10,
        1,
        5.9650737682659383e-09,
        0,
        0.92324841022491455,
        -1.453385412020225e-09,
        0.38420361280441284,
        0,
        19.225551605224609,
        0.20617580413818359,
        -11.750969886779785,
        1
      ],
      "longitude" : -71.264036154296605,
      "altitude" : 35.799243268556893,
      "latitude" : 42.293812853823241,
      "heading" : 103.73383590279309
    },
    {
      "latitude" : 42.29381250330745,
      "heading" : 103.8869142858138,
      "horizontalUncertainty" : 36.325342771104232,
      "altitude" : 35.799046523869038,
      "altitudeUncertainty" : 4.6103398918929539,
      "headingUncertainty" : 11.899609462142491,
      "GARAnchorUUID" : "",
      "geoAnchorTransform" : [
        0.38680517673492432,
        5.7760574101450857e-09,
        -0.92216145992279053,
        0,
        -8.6628465512106345e-10,
        1,
        5.9002398522522981e-09,
        0,
        0.92216145992279053,
        -1.4833890782384174e-09,
        0.38680517673492432,
        0,
        19.22575569152832,
        0.20569026470184326,
        -11.750164031982422,
        1
      ],
      "longitude" : -71.264036546912621
    },
    {
      "longitude" : -71.264042239364215,
      "altitudeUncertainty" : 4.0675296683093842,
      "geoAnchorTransform" : [
        0.44898080825805664,
        4.2532435351461118e-09,
        -0.89354139566421509,
        0,
        3.7377759221079998e-10,
        1,
        4.94779817117319e-09,
        0,
        0.89354139566421509,
        -2.5554520721726703e-09,
        0.44898080825805664,
        0,
        19.232122421264648,
        0.19646687805652618,
        -11.725720405578613,
        1
      ],
      "GARAnchorUUID" : "",
      "latitude" : 42.293807238713782,
      "heading" : 107.68318480316348,
      "altitude" : 35.793351660482585,
      "horizontalUncertainty" : 34.777390013718311,
      "headingUncertainty" : 11.928622296668733
    },
    {
      "longitude" : -71.264042739725795,
      "geoAnchorTransform" : [
        0.46723940968513489,
        4.2230929864217615e-09,
        -0.88413083553314209,
        0,
        3.8189723605697168e-10,
        1,
        4.9783697164684781e-09,
        0,
        0.88413083553314209,
        -2.663737674879485e-09,
        0.46723940968513489,
        0,
        19.231727600097656,
        0.18833732604980469,
        -11.719483375549316,
        1
      ],
      "latitude" : 42.293806736774172,
      "altitude" : 35.785341310314834,
      "heading" : 108.84858210238892,
      "GARAnchorUUID" : "",
      "altitudeUncertainty" : 4.0197105347309101,
      "headingUncertainty" : 11.939419324828426,
      "horizontalUncertainty" : 34.638740394274059
    },
    {
      "GARAnchorUUID" : "",
      "latitude" : 42.293805865132938,
      "geoAnchorTransform" : [
        0.47180789709091187,
        3.5540947962431346e-09,
        -0.88170135021209717,
        0,
        -3.038486129369744e-10,
        1,
        3.8683580783072102e-09,
        0,
        0.88170135021209717,
        -1.557218132219873e-09,
        0.47180789709091187,
        0,
        19.226438522338867,
        0.1696404367685318,
        -11.705315589904785,
        1
      ],
      "headingUncertainty" : 11.939160532132334,
      "altitude" : 35.765111663378775,
      "longitude" : -71.264043565418817,
      "horizontalUncertainty" : 34.414398712091057,
      "altitudeUncertainty" : 3.9339136941131194,
      "heading" : 109.14841769036011
    },
    {
      "altitude" : 35.760065691545606,
      "latitude" : 42.293805745880498,
      "heading" : 108.15384890341024,
      "altitudeUncertainty" : 3.9261623118166806,
      "GARAnchorUUID" : "",
      "headingUncertainty" : 11.946273628157675,
      "horizontalUncertainty" : 34.386141996917473,
      "geoAnchorTransform" : [
        0.45635053515434265,
        3.1434550518127935e-09,
        -0.88980007171630859,
        0,
        -5.5359933304188758e-10,
        1,
        3.2488418622023119e-09,
        0,
        0.88980007171630859,
        -9.9001795650366375e-10,
        0.45635053515434265,
        0,
        19.224681854248047,
        0.16518004238605499,
        -11.703872680664062,
        1
      ],
      "longitude" : -71.264043684006595
    },
    {
      "heading" : 109.21217128343837,
      "horizontalUncertainty" : 34.336643425065091,
      "latitude" : 42.293805539122665,
      "headingUncertainty" : 11.943224563908329,
      "GARAnchorUUID" : "",
      "longitude" : -71.264044019933849,
      "geoAnchorTransform" : [
        0.47238287329673767,
        2.2451942527368374e-09,
        -0.8813934326171875,
        0,
        -3.013213012437177e-09,
        1,
        9.3239171938819254e-10,
        0,
        0.8813934326171875,
        2.2153803236335534e-09,
        0.47238287329673767,
        0,
        19.205135345458984,
        0.11896482110023499,
        -11.705926895141602,
        1
      ],
      "altitude" : 35.712341280654073,
      "altitudeUncertainty" : 3.9049929068804214
    },
    {
      "altitude" : 35.701103203929961,
      "altitudeUncertainty" : 3.9074910785349055,
      "geoAnchorTransform" : [
        0.47699224948883057,
        2.0912109821580316e-09,
        -0.87890750169754028,
        0,
        -4.4283785527454711e-09,
        1,
        -2.3996972811635153e-11,
        0,
        0.87890750169754028,
        3.9035814580756778e-09,
        0.47699224948883057,
        0,
        19.194944381713867,
        0.10801926255226135,
        -11.709702491760254,
        1
      ],
      "longitude" : -71.264044148452385,
      "latitude" : 42.293805528725969,
      "headingUncertainty" : 11.95316476196202,
      "GARAnchorUUID" : "",
      "heading" : 109.51723724418557,
      "horizontalUncertainty" : 34.332395214282847
    },
    {
      "longitude" : -71.26404464456644,
      "altitudeUncertainty" : 3.9012324409855745,
      "horizontalUncertainty" : 34.322415704765419,
      "GARAnchorUUID" : "",
      "headingUncertainty" : 11.94357105663431,
      "geoAnchorTransform" : [
        0.7208712100982666,
        4.0620502517185741e-09,
        -0.69306910037994385,
        0,
        -7.349683084356684e-09,
        1,
        -1.7835515286890313e-09,
        0,
        0.69306910037994385,
        6.3795488891571495e-09,
        0.7208712100982666,
        0,
        19.14959716796875,
        0.061967819929122925,
        -11.724870681762695,
        1
      ],
      "altitude" : 35.656042129732668,
      "heading" : 127.1822371371297,
      "latitude" : 42.293805529258847
    },
    {
      "geoAnchorTransform" : [
        0.69774371385574341,
        3.4861797892915547e-09,
        -0.71634751558303833,
        0,
        -5.0381134819588169e-09,
        1,
        -4.0667400003080445e-11,
        0,
        0.71634751558303833,
        3.6374152578844132e-09,
        0.69774371385574341,
        0,
        19.156238555908203,
        0.06085599958896637,
        -11.71574592590332,
        1
      ],
      "heading" : 125.30937581936996,
      "longitude" : -71.264044523943824,
      "altitudeUncertainty" : 3.906004723268353,
      "latitude" : 42.293805443662549,
      "altitude" : 35.655331779271364,
      "horizontalUncertainty" : 34.3232560182566,
      "headingUncertainty" : 11.952185895038777,
      "GARAnchorUUID" : ""
    },
    {
      "heading" : 126.32796303305031,
      "altitudeUncertainty" : 3.9022903014735957,
      "longitude" : -71.264044539087891,
      "GARAnchorUUID" : "",
      "altitude" : 35.644244501367211,
      "geoAnchorTransform" : [
        0.71008914709091187,
        4.9875583663094858e-09,
        -0.70411181449890137,
        0,
        -3.6942826575625531e-09,
        1,
        3.3578311242621339e-09,
        0,
        0.70411181449890137,
        2.1682862449967644e-10,
        0.71008914709091187,
        0,
        19.141937255859375,
        0.049031388014554977,
        -11.690740585327148,
        1
      ],
      "headingUncertainty" : 11.943239150866969,
      "horizontalUncertainty" : 34.321630491683081,
      "latitude" : 42.293805132699688
    },
    {
      "geoAnchorTransform" : [
        0.73147350549697876,
        6.0200360252338214e-09,
        -0.68186986446380615,
        0,
        -3.7012992670781841e-09,
        1,
        4.8581614287002139e-09,
        0,
        0.68186986446380615,
        -1.0298116803753032e-09,
        0.73147350549697876,
        0,
        19.137014389038086,
        0.047235123813152313,
        -11.679518699645996,
        1
      ],
      "GARAnchorUUID" : "",
      "altitudeUncertainty" : 3.9072007571671641,
      "latitude" : 42.293805008269324,
      "longitude" : -71.264044549332382,
      "heading" : 128.10090737028614,
      "headingUncertainty" : 11.952451456980478,
      "altitude" : 35.642564192414284,
      "horizontalUncertainty" : 34.323625650123041
    },
    {
